    2   36   12
  9.013  1.000
    1    1  0.0150  0.0000  0.0000
 -0.103084348604  -0.031495997443  -0.024784729333
 -0.001564810771  -0.024288395968   0.006361689913
 -0.001554353193  -0.008080303180   0.000357366735
  0.016121644386  -0.005248311913  -0.004869111263
  0.006761719452   0.011221350401   0.000183846035
  0.003169710016   0.002615066736  -0.001217087055
  0.016120760766   0.007090475175   0.007783531865
  0.003180796905   0.002573070538   0.001709683072
  0.006769281079   0.002897250851  -0.000987715765
  0.006507367370  -0.002925501305  -0.005528338255
  0.002735108387  -0.001855084967  -0.000366283981
  0.000616795716  -0.000145688936  -0.000511640912
  0.004022715332  -0.002793158820   0.000257173109
 -0.000027859822   0.003405941238  -0.001582444193
  0.000619982496   0.002094015760   0.001156525191
  0.006521853730   0.002835603389   0.006863314114
 -0.000024099958  -0.000915667752  -0.000027611073
  0.000129559401  -0.002227101342  -0.000540036334
  0.023275352102   0.024800330570   0.025505606018
  0.002044850752  -0.001935217791   0.000843658257
 -0.000267524723  -0.000213658861   0.001995606164
 -0.000749672017  -0.000959190183  -0.001030762455
  0.000846988853  -0.001134639003  -0.000619748053
  0.003053154828  -0.000283229736   0.001099266851
 -0.009265121244   0.006868919303  -0.001407822446
  0.001198017038   0.000886777446  -0.001276110861
  0.010455637730   0.013124738136  -0.010408279738
  0.000253706981   0.001873821585   0.000215483553
 -0.000326698286   0.000135258708   0.000568803216
  0.000545486748   0.000358493508   0.001414608697
  0.000243384324  -0.000070343325   0.000465472178
  0.001488757359   0.001185463550   0.000169860396
 -0.000664213616  -0.000416716382  -0.000319386536
  0.001575374953   0.000058168500  -0.000998681802
 -0.000546526584  -0.000310748371  -0.000360255630
 -0.000182777886   0.001274209886  -0.000115449677
    1    2  0.0000  0.0150  0.0000
 -0.031512081966  -0.113066713288  -0.009728162057
 -0.008059749361   0.016440377009  -0.001925406082
 -0.024336891989   0.016434812101   0.003778734582
  0.007097087836  -0.007102882457  -0.000897462636
  0.002840979109   0.011103847781   0.001045970279
  0.002627733051   0.008063388260   0.001563133628
 -0.005281811072  -0.007103575840  -0.001359315628
  0.002660739061   0.008070903304  -0.000237746380
  0.011223439527   0.011100454083   0.003281480633
 -0.002831354880   0.000537725673   0.001290411103
  0.001861722351  -0.003452613444   0.005867956423
 -0.002111443856   0.003226288543   0.000129968960
  0.002801381489  -0.002965008494  -0.001011572884
  0.000932964866   0.003039553584  -0.000533146511
  0.000150914459   0.003218824499   0.000602450557
  0.002921638754   0.000547475701   0.001148662738
 -0.003419802653   0.003042985999  -0.000345836856
  0.002252636813  -0.003755169528  -0.001658611244
  0.022454739450   0.028256719685   0.027474975824
 -0.002918383721   0.003412693673  -0.000156544644
  0.002556129418   0.001721592499  -0.000655361126
 -0.000258392316  -0.000066762349   0.000199251942
 -0.003626521863  -0.004143628605  -0.000635247034
  0.001134930760   0.001091658024  -0.000116953277
  0.009313682325  -0.000168249387  -0.000472943536
  0.001121641782  -0.004199878723   0.000003436191
  0.009739047862   0.027107707802  -0.024954282107
  0.001105228172  -0.000643177797  -0.000767128898
 -0.001154744475  -0.000840379269   0.001149772997
  0.001405864560   0.001219820576  -0.000803916190
 -0.000489373260  -0.001504329891   0.000584680258
  0.001414105478   0.000949671247  -0.000160978128
 -0.000555033816  -0.000115674190  -0.000659117364
 -0.000126053664   0.000423533193  -0.000215595793
 -0.000873491377   0.000003348116  -0.000612384554
 -0.000061476855   0.000114661910  -0.000213173183
    1    3  0.0000  0.0000  0.0150
 -0.024757004469  -0.009781551003  -0.137770785998
  0.000367604783   0.003775111940  -0.007749651509
  0.006333402356  -0.001910926009  -0.007730312766
  0.007743349669  -0.001341723363  -0.004703308454
 -0.001014212005   0.003273303531  -0.005077468613
  0.001710669534  -0.000255339314  -0.000494336533
 -0.004854813014  -0.000875136911  -0.004704846190
 -0.001203854387   0.001541757877  -0.000501806095
  0.000246583010   0.001062578105  -0.005065935811
 -0.006839398283   0.001130180102   0.028712384883
  0.000363359263   0.005897228571   0.006594501031
 -0.001142661326   0.000603219753   0.001168794421
 -0.000257101731  -0.001021153250   0.001190260061
  0.000035606757  -0.000330689588   0.003053945506
  0.000515561519   0.000121962303   0.001183502883
  0.005533306317   0.001298084155   0.028740979060
  0.001583300358  -0.000513638539   0.003055658834
  0.000531800551  -0.001667748050   0.002994026545
  0.023074260856   0.025587546047   0.044066812151
  0.000171193488  -0.001710447500   0.000730296938
 -0.002993667300   0.001249312657   0.000969053319
 -0.000199998660  -0.000522951837   0.001024483420
 -0.000029860129  -0.000116470004   0.000398124311
 -0.001308799112  -0.000215056260   0.001462804241
  0.006247184436  -0.003336357359   0.004775024481
 -0.000995503584   0.001335117308   0.000871350331
 -0.008857486732  -0.022186648807   0.037310033323
 -0.003651226998  -0.003073317481   0.005866357989
  0.000360433729  -0.001287276933  -0.001318880704
  0.000654497904   0.000624141560  -0.001682801818
  0.000010451314   0.000800422776  -0.000342846166
  0.000001257446  -0.000224778628  -0.000374295802
 -0.000082963022  -0.000310220313  -0.000969660357
  0.000589805276  -0.000415254105   0.000694080664
 -0.000071078291   0.000453926204  -0.000140940016
  0.002186000478   0.002342792364   0.003765402443
   10    1  0.0150  0.0000  0.0000
  0.006486687119  -0.002844878162  -0.006845578827
  0.000622565152  -0.002126258334  -0.001157193690
  0.002755135103   0.001868684967   0.000400204485
  0.006491230549   0.002916207291   0.005543097736
  0.000119790872   0.002227742444   0.000541999536
 -0.000051356226  -0.003425830334   0.001605133328
  0.004107547854   0.002830363543  -0.000232234960
  0.000626242146   0.000150077160   0.000554507697
 -0.000044420237   0.000937800480   0.000027014092
 -0.103027782913   0.031414615509   0.024744920514
  0.006720446272  -0.002825033314   0.001055816838
  0.006729134286  -0.011207757162  -0.000226927679
  0.016095033652   0.005298445454   0.004850564890
 -0.001608695480   0.008077773087  -0.000381649765
  0.003286463897  -0.002627886548  -0.001734853093
  0.016102612989  -0.007109533805  -0.007733772632
  0.003269347184  -0.002660938509   0.001236276072
 -0.001621037879   0.024355391810  -0.006352667741
 -0.000160508318  -0.001255320582   0.000101686208
  0.001455797116  -0.001231876774  -0.000182029990
  0.000253850964  -0.001875592680  -0.000251726786
  0.000535104120  -0.000365501288  -0.001423782034
 -0.000540133172   0.000339134900   0.000334384651
  0.000272780465   0.000101074593  -0.000459332043
 -0.000677215489   0.000446262352   0.000276877536
 -0.000311213824  -0.000120028321  -0.000568049144
  0.001541492889  -0.000095557651   0.000976104859
  0.010482573283  -0.013155721252   0.010436367354
  0.000855229018   0.001144518211   0.000604061116
  0.023299330240  -0.024808519273  -0.025537747857
 -0.000267402722   0.000169906659  -0.001963820349
  0.001171537362  -0.000862867519   0.001291540298
 -0.000790542368   0.000956268824   0.001026324652
  0.002998479787   0.000325965552  -0.001087203794
  0.002048033916   0.001942040431  -0.000863001184
 -0.009226137605  -0.006903171757   0.001394689706
   10    2  0.0000  0.0150  0.0000
 -0.002911808653   0.000545849248   0.001125921926
 -0.000161918751   0.003237881429   0.000614160115
 -0.001857882379  -0.003481905187   0.005894013903
  0.002840104501   0.000549699946   0.001288971131
 -0.002241834344  -0.003770364019  -0.001656585215
 -0.000941972229   0.003039156870  -0.000542753722
 -0.002830633019  -0.002974381416  -0.001003807010
  0.002117688054   0.003231010441   0.000128058282
  0.003430263181   0.003045650761  -0.000342798843
  0.031430208642  -0.112994656866  -0.009735347295
 -0.011228104566   0.011068932621   0.003286909238
 -0.002815005411   0.011061113753   0.001053902751
 -0.007101909319  -0.007096740083  -0.000898765017
  0.024361480282   0.016431274787   0.003769995324
 -0.002649114559   0.008079765776  -0.000245730032
  0.005310758884  -0.007126172614  -0.001376812439
 -0.002618037881   0.008066573136   0.001572975236
  0.008033374971   0.016465169707  -0.001920498776
  0.000071598488   0.000115418523  -0.000214054395
 -0.001434908538   0.000922007523  -0.000165642336
 -0.001101512278  -0.000648590776  -0.000765760209
 -0.001411469251   0.001200106044  -0.000828729463
  0.000885178688   0.000020868981  -0.000618013068
  0.000489027903  -0.001493161868   0.000570706313
  0.000550414337  -0.000088905627  -0.000639764735
  0.001178159934  -0.000824959200   0.001152317481
  0.000123892251   0.000402684138  -0.000211187560
 -0.009741916253   0.027062672149  -0.024940884085
  0.003613816487  -0.004118348189  -0.000629121021
 -0.022471334067   0.028238207871   0.027476127314
 -0.002546369749   0.001739484573  -0.000639399155
 -0.001128629967  -0.004199647428  -0.000005495383
  0.000265562745  -0.000071748529   0.000217917730
 -0.001117721498   0.001088211009  -0.000131623065
  0.002923485049   0.003428102154  -0.000149378142
 -0.009312931685  -0.000150259638  -0.000489825776
   10    3  0.0000  0.0000  0.0150
 -0.005522473546   0.001296418015   0.028708090497
 -0.000511401130   0.000123060930   0.001182882721
 -0.000361817685   0.005893079672   0.006593292559
  0.006854727141   0.001138858999   0.028739657954
 -0.000531558207  -0.001668549923   0.002995046917
 -0.000035596074  -0.000331728165   0.003056800961
  0.000257597664  -0.001021778728   0.001190371915
  0.001142160497   0.000602344469   0.001172990279
 -0.001586822469  -0.000514048944   0.003058462131
  0.024730253428  -0.009787743158  -0.137738784114
 -0.000246336505   0.001060535014  -0.005064564125
  0.001011428204   0.003280483545  -0.005078745366
 -0.007744256980  -0.001341247980  -0.004704692381
 -0.006337457489  -0.001908960335  -0.007734003680
  0.001204730918   0.001542302805  -0.000502885135
  0.004857883561  -0.000873227353  -0.004705239459
 -0.001709019757  -0.000256714558  -0.000494422572
 -0.000367468354   0.003780559168  -0.007754766609
 -0.002184866697   0.002348553406   0.003770558758
 -0.000001814547  -0.000225280018  -0.000377660316
  0.003655279394  -0.003075803302   0.005877769144
 -0.000654814682   0.000624876795  -0.001683750558
  0.000070473110   0.000453230788  -0.000141747322
 -0.000010323729   0.000802063312  -0.000344280347
  0.000082931670  -0.000310793685  -0.000968971820
 -0.000361293629  -0.001289327434  -0.001318683970
 -0.000590381910  -0.000416541095   0.000696482101
  0.008849526724  -0.022167777663   0.037297902445
  0.000030184246  -0.000117630779   0.000396078010
 -0.023065489051   0.025564565141   0.044051901497
  0.002990245433   0.001246622956   0.000965152261
  0.000996331930   0.001333058448   0.000870116463
  0.000198835770  -0.000521586947   0.001022845749
  0.001309478991  -0.000216500910   0.001461931115
 -0.000172396390  -0.001708231715   0.000729481652
 -0.006246479849  -0.003337140769   0.004775382645
   19    1  0.0150  0.0000  0.0000
  0.023320867603   0.022483515056   0.023053062757
 -0.000293580391   0.002586127084  -0.003053675260
  0.002061920748  -0.002914289730   0.000175755262
 -0.009200704511   0.009328912964   0.006322282425
  0.010555622571   0.009737898119  -0.008829641590
  0.001148919213   0.001141412229  -0.000980818834
 -0.000829581025  -0.000276937751  -0.000232352547
  0.002940351386   0.001089847345  -0.001278447227
  0.000866778309  -0.003643083542  -0.000011452306
 -0.000176442844   0.000064833674  -0.002188541958
  0.000222846488  -0.001080879819   0.003641375072
  0.001450306239  -0.001446888731   0.000034458982
 -0.000646665085   0.000553752437   0.000087278206
  0.001518192755   0.000122587889  -0.000540751487
 -0.000314751646   0.001163952234  -0.000372811317
  0.000519802561  -0.001398348303  -0.000632784435
  0.000310851938   0.000474640262   0.000008431479
 -0.000532969702   0.000882820351   0.000110248104
 -0.050257980135  -0.035379745161  -0.015056534641
 -0.000749495060  -0.004206296449   0.000812088198
 -0.000753479274  -0.004154247639  -0.000799708084
  0.006127880284   0.001506558529  -0.001673142224
  0.001352814311   0.001452816351  -0.000795826417
 -0.000480153225  -0.000025314551  -0.000491160723
  0.006142186796   0.001091827407   0.001599094277
 -0.000468416485   0.000039981891   0.000482525305
  0.001358258549   0.001640303590   0.001470528522
 -0.000263837125  -0.000463352047  -0.000461200527
  0.000519398753   0.000383743699   0.000060878001
  0.000473347265   0.000105887275   0.000405639667
  0.000442313932  -0.000223212851   0.000047026526
  0.000509062628  -0.000528860082  -0.000124934979
  0.001075030366   0.000144318257  -0.000415808091
  0.000466001661  -0.000012048610  -0.000011124067
  0.001064942651   0.000038869249  -0.000029441024
  0.000520359500  -0.000281100627  -0.000330515045
   19    2  0.0000  0.0150  0.0000
  0.024831822651   0.028331328611   0.025588711850
 -0.000132502764   0.001758989538   0.001272115770
 -0.001940031940   0.003339945288  -0.001781231670
  0.006927436894  -0.000115525684  -0.003363503662
  0.013202729326   0.027176942571  -0.022180479714
  0.000860346745  -0.004261779006   0.001375462737
 -0.000986528587  -0.000072995548  -0.000558387016
 -0.000350747063   0.001072250489  -0.000180608458
 -0.001161931004  -0.004195345727  -0.000100019959
 -0.001245152417   0.000104622768   0.002289458157
 -0.001852894610  -0.000637775902  -0.003037106474
 -0.001255357788   0.000939648600  -0.000221507553
  0.000428402336  -0.000094966406  -0.000310575267
 -0.000098362618   0.000398659628  -0.000397740166
 -0.000117322620  -0.000826353427  -0.001297325889
 -0.000364654467   0.001187161364   0.000611244265
  0.000108134221  -0.001504103284   0.000799285676
  0.000344230779   0.000018511583   0.000476668434
 -0.035438950045  -0.086061346860  -0.000026940813
 -0.004155023766   0.008941280772  -0.001774430139
 -0.004207091406   0.008948499015   0.002038153473
  0.001120923234   0.000393872131  -0.000421796924
  0.001645463569   0.002670914836  -0.001587207426
  0.000017043808   0.000473724136   0.000229900927
  0.001554081093   0.000393189414   0.000846100780
 -0.000031931247   0.000473537738   0.000032491772
  0.001453830699   0.002662123977   0.001274251010
  0.000435295969   0.000773971875   0.000031247408
  0.000538735619   0.000993142337   0.000151669151
  0.000298135990   0.000997941103  -0.000013114968
  0.000014670392   0.001009250212  -0.000093832502
 -0.000393230127   0.001002380271   0.000483340115
 -0.000151927865   0.000518980604   0.000149684304
  0.000214044883   0.001010689052  -0.000179948276
 -0.000038955405   0.001170335404  -0.000037010930
 -0.000072732468   0.001008298526  -0.000087018021
   19    3  0.0000  0.0000  0.0150
  0.025605971391   0.027545812680   0.044235760288
  0.001984523659  -0.000633292073   0.001032824520
  0.000889896676  -0.000139998350   0.000794880798
 -0.001408025250  -0.000445385228   0.004863590865
 -0.010427090013  -0.024974084939   0.037391333912
 -0.001335043974  -0.000060625417   0.000942929041
 -0.001011161771   0.000239722689   0.001087295029
  0.001063805889  -0.000164166637   0.001524986689
 -0.000605736031  -0.000658052136   0.000473082986
  0.000152790129  -0.000218916560   0.003706877444
 -0.000247524714  -0.000754616239   0.005831273647
 -0.000189669892  -0.000173228265  -0.000339682477
  0.000267464011  -0.000607600010  -0.000953688366
  0.000988555865  -0.000224628949   0.000689361461
 -0.000544116818   0.001091743410  -0.001315886683
 -0.001383963571  -0.000799464263  -0.001693105828
 -0.000400082280   0.000544014686  -0.000332277176
  0.000346969273  -0.000568024418  -0.000126823964
 -0.015083319540  -0.000106662037  -0.090345323561
 -0.000800636215   0.002033154388  -0.002230526372
  0.000784370150  -0.001741602222  -0.002213802924
  0.001581830064   0.000843482841  -0.001313784930
  0.001469281589   0.001265378589  -0.000802642404
  0.000483924794   0.000032044110  -0.000597094253
 -0.001642138845  -0.000416992151  -0.001311151723
 -0.000489802547   0.000225730494  -0.000599054251
 -0.000775635012  -0.001545240807  -0.000776398481
  0.000443584850   0.000021049825   0.002950311752
  0.000117331718   0.000466432004  -0.000056425709
  0.000289779090  -0.000060225115  -0.000289617110
  0.000006863893  -0.000178095879   0.000075501844
 -0.000059858599   0.000142296880  -0.000060076168
  0.000399536444   0.000163628502   0.000113202371
 -0.000061627063  -0.000111116000   0.000075305369
  0.000021404566  -0.000028622727  -0.000143024775
 -0.000432451916  -0.000003850675  -0.000288130861
   28    1  0.0150  0.0000  0.0000
  0.000235109862   0.001102596853  -0.003618564170
  0.000514982448   0.001405405086   0.000651156938
 -0.000300717046  -0.001172232080   0.000384361538
  0.001519938814  -0.000117823165   0.000564653612
 -0.000180300773  -0.000077784983   0.002177336973
 -0.000541923652  -0.000892520010  -0.000084711127
  0.000312694075  -0.000463646729  -0.000000417855
 -0.000636313360  -0.000554788557  -0.000055565636
  0.001446724945   0.001428207211  -0.000004191005
  0.010564874666  -0.009737469687   0.008803754957
  0.023317930694  -0.022473486452  -0.023033952730
  0.000860730221   0.003631474521   0.000014817912
  0.002949522587  -0.001081673119   0.001267478078
 -0.009206820171  -0.009344644830  -0.006322008804
  0.002065906685   0.002919321962  -0.000175336956
 -0.000294386312  -0.002597475791   0.003041246776
 -0.000819893574   0.000270163233   0.000240614186
  0.001148212598  -0.001126512222   0.000976403923
 -0.000290515284   0.000426856085   0.000411401168
  0.000499086252   0.000290894439   0.000309986611
  0.000512227610   0.000526929887   0.000116496770
  0.000462949991   0.000215741725  -0.000058706523
  0.000505239829  -0.000059267777  -0.000421317500
  0.001057367208  -0.000040816808   0.000012465682
  0.000460676689   0.000011534987   0.000006575339
  0.001074717167  -0.000152887260   0.000398634876
  0.000508616823  -0.000396176566  -0.000065456918
 -0.050235092366   0.035340760746   0.015074790259
  0.001345783623  -0.001619956712  -0.001472274244
  0.001334628153  -0.001422099063   0.000800500375
  0.006132301950  -0.001525213086   0.001669099545
 -0.000763137860   0.004166921741   0.000806001541
 -0.000470801161  -0.000028495389  -0.000491155806
  0.006142458234  -0.001098074453  -0.001599394192
 -0.000472917552   0.000021976917   0.000486500394
 -0.000759862014   0.004224259342  -0.000811223986
   28    2  0.0000  0.0150  0.0000
  0.001861263177  -0.000646353243  -0.003028982853
  0.000348862985   0.001187407049   0.000641686388
  0.000128256914  -0.000811707457  -0.001301435125
  0.000081351720   0.000399410191  -0.000423197580
  0.001262562760   0.000108415553   0.002294332258
 -0.000346643158   0.000011446737   0.000467367444
 -0.000090603630  -0.001493347188   0.000801090945
 -0.000429291535  -0.000108427115  -0.000318670437
  0.001238977545   0.000955811088  -0.000230172133
 -0.013188085799   0.027134263860  -0.022139497371
 -0.024823733102   0.028293844150   0.025539487608
  0.001149374908  -0.004151410395  -0.000098899068
  0.000340001056   0.001083383958  -0.000192034798
 -0.006899615292  -0.000104239626  -0.003352447754
  0.001947363563   0.003350183063  -0.001773599474
  0.000136255637   0.001753516305   0.001282575368
  0.000962696448  -0.000070584634  -0.000542841374
 -0.000876997391  -0.004260303194   0.001363081789
 -0.000440745368   0.000767040659   0.000032789518
  0.000062612324   0.000991680977  -0.000084902216
  0.000387877892   0.000993013242   0.000481030711
 -0.000005996998   0.001013024368  -0.000088279912
 -0.000301730375   0.000998378652  -0.000015097985
  0.000042848951   0.001168298737  -0.000037184863
 -0.000205069363   0.001022403874  -0.000185070372
  0.000158601350   0.000517745953   0.000156515232
 -0.000535360198   0.001005213383   0.000144595992
  0.035322101811  -0.086017272127  -0.000031293978
 -0.001438515165   0.002632739598   0.001260781267
 -0.001627499365   0.002631010957  -0.001574195099
 -0.001082729968   0.000394879251  -0.000402765532
  0.004217283355   0.008954846989   0.002044990195
  0.000024964074   0.000474821502   0.000031640781
 -0.001521667919   0.000399776072   0.000831465709
 -0.000022889262   0.000477741428   0.000228602184
  0.004163917419   0.008943347385  -0.001781465464
   28    3  0.0000  0.0000  0.0150
  0.000250408653  -0.000752370991   0.005826063874
  0.001381765146  -0.000798211366  -0.001694242837
  0.000543584001   0.001091604079  -0.001316460182
 -0.000989435397  -0.000224657926   0.000688281619
 -0.000153221003  -0.000219832265   0.003705871580
 -0.000347681522  -0.000566341212  -0.000127594425
  0.000397269059   0.000544245906  -0.000332136681
 -0.000267363438  -0.000607158056  -0.000954900760
  0.000189426468  -0.000173972364  -0.000340158722
  0.010422005485  -0.024963068575   0.037384858466
 -0.025606317103   0.027530918599   0.044223993122
  0.000604790144  -0.000658166550   0.000475707408
 -0.001065392144  -0.000163889893   0.001526400097
  0.001406817776  -0.000447016839   0.004867197653
 -0.000891066137  -0.000139139673   0.000796257082
 -0.001982740292  -0.000632270889   0.001030692634
  0.001009519316   0.000240006438   0.001089579005
  0.001335009813  -0.000061017663   0.000944067882
 -0.000442607341   0.000021340951   0.002948669802
  0.000432786646  -0.000003280202  -0.000288764082
  0.000059906675   0.000141774020  -0.000059462894
 -0.000006398357  -0.000177772466   0.000075183694
 -0.000289017488  -0.000058707030  -0.000290347992
 -0.000021418397  -0.000027856145  -0.000143636203
  0.000060876635  -0.000111867307   0.000073621356
 -0.000399238401   0.000163461283   0.000113020233
 -0.000118363558   0.000465252427  -0.000057452333
  0.015099336743  -0.000108100220  -0.090294738007
  0.000776402687  -0.001546151846  -0.000779263014
 -0.001470809590   0.001265443786  -0.000804916357
 -0.001582819932   0.000844424067  -0.001317883685
 -0.000784205723  -0.001742759224  -0.002219736011
  0.000490123384   0.000226187275  -0.000600513122
  0.001642785638  -0.000416680562  -0.001314473160
 -0.000484408679   0.000032680098  -0.000598457283
  0.000799690235   0.002032950334  -0.002234327756
