75   
6    

1    
  0.0086602333088316   0.0050000359035315   0.0000000000000000
  -0.0822561500   -0.0474910700   -0.0000000000
   0.0222220800    0.0128300500   -0.0000000000
   0.0047824800    0.0027611900   -0.0000000000
   0.0047882200    0.0027645000   -0.0000000000
   0.0217174400    0.0125386900   -0.0000000000
   0.0060234000   -0.0148318400   -0.0090607500
  -0.0098638200    0.0127311700    0.0090259500
   0.0004259200    0.0023164400    0.0007748700
   0.0016688900    0.0009600800    0.0000028500
   0.0021986300   -0.0007933900   -0.0007749800
   0.0017601800   -0.0024727400   -0.0011761500
  -0.0013687700   -0.0007948800   -0.0000038500
  -0.0012614600    0.0027650600    0.0011774600
  -0.0001838700    0.0009638800    0.0002014500
   0.0007419000   -0.0006379800   -0.0001976500
   0.0017638600   -0.0024750000   -0.0011774600
   0.0007428000   -0.0006411800   -0.0002014500
  -0.0001815500    0.0009615000    0.0001976500
  -0.0012613400    0.0027607400    0.0011761500
  -0.0013727600   -0.0007879600    0.0000038500
   0.0060935000   -0.0149079800   -0.0090259500
   0.0022190400   -0.0007893600   -0.0007748700
   0.0016658900    0.0009652800   -0.0000028500
   0.0004122200    0.0023007800    0.0007749800
  -0.0098329200    0.0126323900    0.0090607500
   0.0082319500    0.0025945300   -0.0059358500
  -0.0027070700   -0.0029611800   -0.0001287100
  -0.0016788000   -0.0010712900    0.0004514500
  -0.0038432000   -0.0010240600    0.0010516500
   0.0058133300    0.0056656600    0.0064904700
   0.0021118500    0.0011859900    0.0004497200
   0.0002360800   -0.0030432400   -0.0003987100
  -0.0004868400   -0.0009225100    0.0003084800
  -0.0010683100   -0.0000681200    0.0005919000
  -0.0024392200    0.0016706300    0.0013232600
  -0.0000358800    0.0005844000    0.0005687900
   0.0005883700   -0.0004563300    0.0003416700
   0.0003067200   -0.0010501000    0.0003179700
   0.0000302200   -0.0001093200    0.0004499200
  -0.0006649000    0.0007273200    0.0005854800
  -0.0007578900    0.0004977400    0.0007234400
  -0.0005772200   -0.0004059300    0.0004629500
   0.0001495500   -0.0009882100    0.0001848300
   0.0013593500   -0.0009023200    0.0001886800
   0.0000060700    0.0015548800    0.0007302700
   0.0010114200    0.0011513700    0.0014250400
  -0.0013634200   -0.0003345100    0.0006103900
  -0.0009060800   -0.0010806600    0.0002988600
   0.0015378900    0.0001225400   -0.0005395200
   0.0098934900    0.0058623300    0.0005366600
   0.0100236200    0.0056369300   -0.0005366600
   0.0015028200    0.0003002400   -0.0014250400
  -0.0009714000   -0.0010135100   -0.0006103900
  -0.0013889100   -0.0002443600   -0.0002988600
   0.0008750700    0.0012706000    0.0005395200
  -0.0001017500    0.0016284000   -0.0001886800
   0.0013495900   -0.0007721800   -0.0007302700
   0.0000521000   -0.0009052300   -0.0007234400
  -0.0006401500   -0.0002969300   -0.0004629500
  -0.0007810300    0.0006236200   -0.0001848300
  -0.0007560400    0.0007906800   -0.0003179700
  -0.0000795600    0.0000808300   -0.0004499200
   0.0002974200   -0.0009394800   -0.0005854800
   0.0004881600   -0.0003232700   -0.0005687900
  -0.0001010000    0.0007377200   -0.0003416700
  -0.0025174600    0.0017260800    0.0003987100
  -0.0010423300    0.0000396400   -0.0003084800
  -0.0005931500   -0.0008911300   -0.0005919000
   0.0002271900   -0.0029477600   -0.0013232600
   0.0020830100    0.0012359300   -0.0004497200
   0.0063628800    0.0058318800    0.0059358500
  -0.0039179600   -0.0008638300    0.0001287100
  -0.0017671600   -0.0009182500   -0.0004514500
  -0.0028084500   -0.0028163100   -0.0010516500
   0.0078132200    0.0022017100   -0.0064904700

1    
  0.0000000000000000   0.0000000000000000   0.0100000000000000
  -0.0000000000    0.0000000000   -0.0639991700
  -0.0052406800    0.0090324200   -0.0091590100
  -0.0006804500    0.0011762100   -0.0003851000
  -0.0006783900    0.0011774000   -0.0003851000
  -0.0052018900    0.0090548100   -0.0091590100
  -0.0052018900   -0.0090548100   -0.0091590100
   0.0104425700   -0.0000223900   -0.0091590100
   0.0004479600    0.0007759000    0.0004558300
  -0.0001148700    0.0001989600    0.0006203800
  -0.0008959200    0.0000000000    0.0004558300
  -0.0006783900   -0.0011774000   -0.0003851000
   0.0004469900   -0.0007742200    0.0004636300
   0.0013588400   -0.0000011900   -0.0003851000
   0.0002297400    0.0000000000    0.0006203800
  -0.0001148700   -0.0001989600    0.0006203800
  -0.0006804500   -0.0011762100   -0.0003851000
  -0.0001155500   -0.0002001500    0.0006229800
   0.0002311100    0.0000000000    0.0006229800
   0.0013588400    0.0000011900   -0.0003851000
   0.0004479600   -0.0007759000    0.0004558300
  -0.0052406800   -0.0090324200   -0.0091590100
  -0.0008939800    0.0000000000    0.0004636300
  -0.0001155500    0.0002001500    0.0006229800
   0.0004469900    0.0007742200    0.0004636300
   0.0104425700    0.0000223900   -0.0091590100
  -0.0023268300   -0.0040302300    0.0157339200
   0.0004911500   -0.0001796200    0.0012025900
   0.0001686800   -0.0002921600    0.0005004800
  -0.0000900200   -0.0005151600    0.0012025900
   0.0046536600    0.0000000000    0.0157339200
   0.0012002300   -0.0020788800    0.0024800600
  -0.0004011300    0.0003355400    0.0012025900
  -0.0001146000   -0.0001984900    0.0003651300
   0.0002291900    0.0000000000    0.0003651300
  -0.0000900200    0.0005151600    0.0012025900
   0.0004026500   -0.0002614000    0.0006094300
   0.0000250500   -0.0004794100    0.0006094300
  -0.0003373500    0.0000000000    0.0005004800
  -0.0001146000    0.0001984900    0.0003651300
   0.0001686800    0.0002921600    0.0005004800
  -0.0004277000    0.0002180100    0.0006094300
  -0.0000000000   -0.0000000000    0.0003693200
   0.0000250500    0.0004794100    0.0006094300
  -0.0004011300   -0.0003355400    0.0012025900
   0.0004911500    0.0001796200    0.0012025900
  -0.0024004700   -0.0000000000    0.0024800600
  -0.0004277000   -0.0002180100    0.0006094300
   0.0004026500    0.0002614000    0.0006094300
   0.0012002300    0.0020788800    0.0024800600
  -0.0023268300    0.0040302300    0.0157339200
  -0.0024893800    0.0043117700    0.0150149800
   0.0012230900    0.0021184800    0.0015720600
   0.0003964000    0.0002158900   -0.0002993900
  -0.0003851600   -0.0002353500   -0.0002993900
  -0.0024461900    0.0000000000    0.0015720600
   0.0004370400    0.0001490700    0.0002832300
  -0.0003476100   -0.0003039600    0.0002832300
  -0.0000112400    0.0004512400   -0.0002993900
  -0.0000000000   -0.0000000000   -0.0005534500
  -0.0003851600    0.0002353500   -0.0002993900
   0.0001430800    0.0002478200   -0.0004015600
  -0.0001624900    0.0002814400   -0.0005369500
  -0.0002861500    0.0000000000   -0.0004015600
  -0.0000112400   -0.0004512400   -0.0002993900
   0.0003964000   -0.0002158900   -0.0002993900
  -0.0000894300    0.0004530200    0.0002832300
   0.0003249800    0.0000000000   -0.0005369500
  -0.0001624900   -0.0002814400   -0.0005369500
  -0.0003476100    0.0003039600    0.0002832300
   0.0012230900   -0.0021184800    0.0015720600
   0.0049787500   -0.0000000000    0.0150149800
  -0.0000894300   -0.0004530200    0.0002832300
   0.0001430800   -0.0002478200   -0.0004015600
   0.0004370400   -0.0001490700    0.0002832300
  -0.0024893800   -0.0043117700    0.0150149800

26   
  0.0086602333088316   0.0050000359035315   0.0000000000000000
   0.0078780400    0.0020671900   -0.0039085800
   0.0064447400    0.0057057700    0.0044380500
  -0.0039552500   -0.0008339800   -0.0003244200
  -0.0017255000   -0.0009945100    0.0000001600
  -0.0026906900   -0.0029816000    0.0003149900
   0.0009218700    0.0012039100   -0.0020967100
   0.0099668200    0.0057328200   -0.0000191500
   0.0015370000    0.0002275900    0.0021011200
  -0.0009943100   -0.0009484000    0.0004676100
  -0.0013189200   -0.0003918300   -0.0004625200
  -0.0008324300    0.0006590800   -0.0002394800
  -0.0001153800    0.0017019500    0.0004844400
   0.0014153700   -0.0009353100   -0.0004833900
   0.0001613800   -0.0010456900    0.0002375400
  -0.0006074000   -0.0003520400    0.0000006500
  -0.0000095600    0.0005584100    0.0002245100
  -0.0007143800    0.0007592000    0.0002698100
  -0.0000254000   -0.0000113200    0.0000003300
   0.0003021800   -0.0009932900   -0.0002704100
   0.0004813600   -0.0002897500   -0.0002285500
   0.0020964900    0.0012113500   -0.0000151400
  -0.0024212200    0.0015935100    0.0001604600
  -0.0010587800   -0.0000114700    0.0002408000
  -0.0005403900   -0.0009037000   -0.0002397000
   0.0001702400   -0.0028835200   -0.0001679300
  -0.0464402100   -0.0264547300   -0.0000655200
   0.0035942500    0.0032746100    0.0019157100
   0.0008193300    0.0005109200    0.0005052900
   0.0009263600    0.0002938800    0.0004086800
   0.0046747700    0.0013020600   -0.0009863200
   0.0010190300   -0.0010486600   -0.0000686400
  -0.0003903500    0.0013294200    0.0009772200
   0.0002573500    0.0004775100    0.0004523500
   0.0005000900    0.0002445500    0.0004514000
   0.0005597700   -0.0000913500    0.0004615500
   0.0003187000   -0.0003420300    0.0004545400
  -0.0000682800   -0.0001378000    0.0004554900
  -0.0000833100    0.0003220000    0.0004530600
   0.0002082900    0.0002032500    0.0004251600
   0.0003796900   -0.0000466800    0.0004790600
   0.0004148900   -0.0005374400    0.0005074400
   0.0003667300   -0.0000704100    0.0004462300
   0.0002043000    0.0002569500    0.0004722200
  -0.0002036200    0.0005170300    0.0004093500
  -0.0000614900   -0.0001079800    0.0004619900
   0.0021852000   -0.0030328200    0.0013819500
   0.0005374300   -0.0001136600    0.0005521700
   0.0005501700    0.0002663900    0.0004556200
   0.0002207700    0.0004112500    0.0003576000
  -0.0015037100    0.0033039400   -0.0004741300
   0.0052243500   -0.0009325500   -0.0046260600
   0.0017591800    0.0050825300    0.0037434800
   0.0011353400    0.0011263200   -0.0002123700
   0.0005652200    0.0003777200   -0.0004556400
   0.0014599100    0.0005183000   -0.0006908000
   0.0008401800   -0.0005949600   -0.0004208900
  -0.0013422200   -0.0007156600   -0.0004633400
  -0.0001486300    0.0011263800   -0.0004975500
   0.0002116000    0.0006438000   -0.0005058600
   0.0006196700   -0.0000189300   -0.0004130300
   0.0001201600   -0.0003496000   -0.0004448200
   0.0001165400   -0.0001802200   -0.0004548700
  -0.0001548900    0.0003332700   -0.0004491000
  -0.0002979000    0.0003993800   -0.0004633200
  -0.0001782600   -0.0000060700   -0.0004555700
   0.0001373300   -0.0006055400   -0.0001774900
   0.0010651300   -0.0002197300   -0.0004956700
   0.0004468300    0.0003000500   -0.0004520000
   0.0002836900    0.0010803400   -0.0004154700
  -0.0004768500    0.0004964200   -0.0007325000
  -0.0017479700   -0.0008728900   -0.0004769900
   0.0036502900   -0.0006948500    0.0003920200
   0.0013261400    0.0003582000   -0.0004933200
   0.0008711700    0.0011101400   -0.0004188800
   0.0011619600    0.0036635500   -0.0012939300

26   
 -0.0086602333088316  -0.0050000359035315   0.0000000000000000
  -0.0081651700   -0.0027307200    0.0044391600
  -0.0057292600   -0.0057903200   -0.0039076200
   0.0039292300    0.0008404300    0.0003150600
   0.0017204400    0.0009950300    0.0000002600
   0.0027016000    0.0030093700   -0.0003243500
  -0.0009655100   -0.0012179500    0.0021009400
  -0.0099494300   -0.0057659000   -0.0000191900
  -0.0015041600   -0.0001958100   -0.0020962700
   0.0009989100    0.0009450000   -0.0004629900
   0.0013173600    0.0003877000    0.0004682500
   0.0008221800   -0.0006631000    0.0002379000
   0.0001032700   -0.0016946200   -0.0004835400
  -0.0014167900    0.0009524700    0.0004849100
  -0.0001563400    0.0010484400   -0.0002396100
   0.0006099100    0.0003508300    0.0000007600
   0.0000112200   -0.0005630000   -0.0002287500
   0.0007063700   -0.0007588300   -0.0002700600
   0.0000238200    0.0000171600    0.0000004600
  -0.0003020700    0.0009962900    0.0002696700
  -0.0004793700    0.0002890300    0.0002249200
  -0.0020986200   -0.0012106600   -0.0000151000
   0.0024120600   -0.0015899100   -0.0001682200
   0.0010516800    0.0000169600   -0.0002390500
   0.0005394500    0.0009099100    0.0002403400
  -0.0001699000    0.0028942900    0.0001607900
   0.0462913700    0.0270840700   -0.0000766400
  -0.0032309000   -0.0032676300   -0.0009772500
  -0.0005436200   -0.0005542700    0.0004003300
  -0.0006776400   -0.0003538100    0.0005138500
  -0.0044035300   -0.0013376800    0.0019068000
  -0.0007848200    0.0011056100    0.0009687200
   0.0005731200   -0.0013100300   -0.0000599300
   0.0000358400   -0.0003962000    0.0004526100
  -0.0003458200   -0.0002438200    0.0004515100
  -0.0003076400    0.0001537000    0.0004615100
  -0.0000611300    0.0002955000    0.0004566400
   0.0003560800    0.0001072200    0.0004555900
   0.0002788700   -0.0003257500    0.0004511600
   0.0000867600   -0.0002851200    0.0004785700
  -0.0001040300    0.0000923000    0.0004258700
  -0.0002060000    0.0005175900    0.0004044700
  -0.0001169800    0.0000685500    0.0004792800
   0.0000827500   -0.0002314100    0.0004394000
   0.0003996000   -0.0005482200    0.0005125200
   0.0003628900    0.0001370600    0.0004621000
  -0.0018717000    0.0030239400   -0.0004736200
  -0.0003299800    0.0001313700    0.0003613400
  -0.0002957400   -0.0002219800    0.0004557400
  -0.0000007900   -0.0004624500    0.0005486800
   0.0017130000   -0.0032381100    0.0013816300
  -0.0054178200    0.0008716900    0.0037445300
  -0.0020000800   -0.0050358400   -0.0046257900
  -0.0013834700   -0.0011615100   -0.0006942700
  -0.0007736500   -0.0003952700   -0.0004555000
  -0.0017808200   -0.0005191300   -0.0002085800
  -0.0011355000    0.0005584300   -0.0005024200
   0.0011553300    0.0007263300   -0.0004632600
  -0.0001376300   -0.0011612200   -0.0004157900
  -0.0004626500   -0.0006407500   -0.0004198400
  -0.0008299100    0.0000394500   -0.0004988000
  -0.0003950600    0.0003039400   -0.0004597700
  -0.0004094400    0.0002557300   -0.0004483700
  -0.0000403500   -0.0003402000   -0.0004553500
   0.0000104300   -0.0003735600   -0.0004481300
  -0.0000771800    0.0000522800   -0.0004554500
  -0.0003946100    0.0005478900   -0.0007409900
  -0.0012170600    0.0002162600   -0.0004062900
  -0.0007416500   -0.0003861200   -0.0004518800
  -0.0004798800   -0.0011141000   -0.0005045700
   0.0002561000   -0.0005409000   -0.0001687400
   0.0013762300    0.0009312400   -0.0004767900
  -0.0038983000    0.0007472400   -0.0013027600
  -0.0015966300   -0.0003152900   -0.0004103100
  -0.0011735200   -0.0010843500   -0.0005016200
  -0.0013636800   -0.0035947900    0.0004012100

26   
  0.0000000000000000   0.0000000000000000   0.0100000000000000
  -0.0036930500   -0.0063966200    0.0154014000
   0.0073861100   -0.0000000000    0.0154014000
   0.0008401600   -0.0002691500    0.0007444700
   0.0000772700   -0.0001338400    0.0000501700
  -0.0001869900   -0.0008621800    0.0007444700
   0.0011309100   -0.0000000000    0.0020276300
  -0.0036930500    0.0063966200    0.0154014000
  -0.0005654500   -0.0009794000    0.0020276300
  -0.0000231100   -0.0002700600    0.0001564600
   0.0002454300   -0.0001150200    0.0001564600
   0.0002454300    0.0001150200    0.0001564600
  -0.0001869900    0.0008621800    0.0007444700
  -0.0006531700    0.0005930300    0.0007444700
  -0.0002223300   -0.0001550400    0.0001564600
  -0.0000000000   -0.0000000000   -0.0000915900
  -0.0000231100    0.0002700600    0.0001564600
   0.0000772700    0.0001338400    0.0000501700
  -0.0000818500    0.0001417700   -0.0000854700
  -0.0001545400   -0.0000000000    0.0000501700
  -0.0002223300    0.0001550400    0.0001564600
  -0.0005654500    0.0009794000    0.0020276300
   0.0008401600    0.0002691500    0.0007444700
   0.0001637000   -0.0000000000   -0.0000854700
  -0.0000818500   -0.0001417700   -0.0000854700
  -0.0006531700   -0.0005930300    0.0007444700
  -0.0000000000   -0.0000000000   -0.0565797400
  -0.0011320100   -0.0009525500   -0.0004847000
  -0.0000254200   -0.0000618500    0.0003798400
   0.0000662700   -0.0000089100    0.0003798400
   0.0013909300    0.0005040800   -0.0004847000
   0.0013909300   -0.0005040800   -0.0004847000
  -0.0002589200   -0.0014566300   -0.0004847000
  -0.0000485900   -0.0000841700    0.0002415600
  -0.0000129000    0.0000223500    0.0004102100
   0.0000971900    0.0000000000    0.0002415600
   0.0000662700    0.0000089100    0.0003798400
   0.0000023800   -0.0000041200    0.0002386100
  -0.0000408500   -0.0000529400    0.0003798400
   0.0000258100   -0.0000000000    0.0004102100
  -0.0000129000   -0.0000223500    0.0004102100
  -0.0000254200    0.0000618500    0.0003798400
   0.0000092100    0.0000159500    0.0004166400
  -0.0000184100    0.0000000000    0.0004166400
  -0.0000408500    0.0000529400    0.0003798400
  -0.0000485900    0.0000841700    0.0002415600
  -0.0011320100    0.0009525500   -0.0004847000
  -0.0000047600   -0.0000000000    0.0002386100
   0.0000092100   -0.0000159500    0.0004166400
   0.0000023800    0.0000041200    0.0002386100
  -0.0002589200    0.0014566300   -0.0004847000
  -0.0048592800   -0.0000000000    0.0036022700
   0.0024296400    0.0042083000    0.0036022700
   0.0003063900   -0.0000296800   -0.0007274700
   0.0000061300   -0.0000106200   -0.0005051200
  -0.0001274900   -0.0002801800   -0.0007274700
  -0.0001274900    0.0002801800   -0.0007274700
  -0.0004804300    0.0008321300   -0.0012508500
  -0.0001789000    0.0002505000   -0.0007274700
  -0.0000317900   -0.0000550600   -0.0005119600
   0.0000635700    0.0000000000   -0.0005119600
   0.0000061300    0.0000106200   -0.0005051200
   0.0000015700   -0.0000438800   -0.0005673200
   0.0000372200   -0.0000233000   -0.0005673200
  -0.0000122600   -0.0000000000   -0.0005051200
  -0.0000317900    0.0000550600   -0.0005119600
   0.0003063900    0.0000296800   -0.0007274700
  -0.0000387900   -0.0000205800   -0.0005673200
  -0.0000000000   -0.0000000000   -0.0004416800
   0.0000372200    0.0000233000   -0.0005673200
  -0.0001789000   -0.0002505000   -0.0007274700
   0.0024296400   -0.0042083000    0.0036022700
   0.0009608500   -0.0000000000   -0.0012508500
  -0.0000387900    0.0000205800   -0.0005673200
   0.0000015700    0.0000438800   -0.0005673200
  -0.0004804300   -0.0008321300   -0.0012508500

26   
  0.0000000000000000   0.0000000000000000  -0.0100000000000000
   0.0034788500    0.0060256100   -0.0153477700
  -0.0069577100   -0.0000000000   -0.0153477700
  -0.0008356300    0.0002724200   -0.0007427300
  -0.0000771800    0.0001336700   -0.0000501100
   0.0001819000    0.0008599000   -0.0007427300
  -0.0011374400   -0.0000000000   -0.0020258900
   0.0034788500   -0.0060256100   -0.0153477700
   0.0005687200    0.0009850600   -0.0020258900
   0.0000256300    0.0002686300   -0.0001549100
  -0.0002454500    0.0001121200   -0.0001549100
  -0.0002454500   -0.0001121200   -0.0001549100
   0.0001819000   -0.0008599000   -0.0007427300
   0.0006537400   -0.0005874800   -0.0007427300
   0.0002198200    0.0001565100   -0.0001549100
  -0.0000000000   -0.0000000000    0.0000912400
   0.0000256300   -0.0002686300   -0.0001549100
  -0.0000771800   -0.0001336700   -0.0000501100
   0.0000817800   -0.0001416500    0.0000849700
   0.0001543500   -0.0000000000   -0.0000501100
   0.0002198200   -0.0001565100   -0.0001549100
   0.0005687200   -0.0009850600   -0.0020258900
  -0.0008356300   -0.0002724200   -0.0007427300
  -0.0001635600   -0.0000000000    0.0000849700
   0.0000817800    0.0001416500    0.0000849700
   0.0006537400    0.0005874800   -0.0007427300
  -0.0000000000    0.0000000000    0.0571758800
   0.0011371700    0.0009030800    0.0013976800
   0.0000364000    0.0000412300    0.0005300000
  -0.0000539000   -0.0000109100    0.0005300000
  -0.0013506700   -0.0005332900    0.0013976800
  -0.0013506700    0.0005332900    0.0013976800
   0.0002135000    0.0014363700    0.0013976800
   0.0000616800    0.0001068300    0.0006700000
   0.0000061200   -0.0000106100    0.0004903500
  -0.0001233500   -0.0000000000    0.0006700000
  -0.0000539000    0.0000109100    0.0005300000
   0.0000024700   -0.0000042800    0.0006670500
   0.0000175000    0.0000521400    0.0005300000
  -0.0000122500    0.0000000000    0.0004903500
   0.0000061200    0.0000106100    0.0004903500
   0.0000364000   -0.0000412300    0.0005300000
  -0.0000215800   -0.0000373800    0.0004967700
   0.0000431700    0.0000000000    0.0004967700
   0.0000175000   -0.0000521400    0.0005300000
   0.0000616800   -0.0001068300    0.0006700000
   0.0011371700   -0.0009030800    0.0013976800
  -0.0000049400    0.0000000000    0.0006670500
  -0.0000215800    0.0000373800    0.0004967700
   0.0000024700    0.0000042800    0.0006670500
   0.0002135000   -0.0014363700    0.0013976800
   0.0048059900    0.0000000000   -0.0044687100
  -0.0024030000   -0.0041621500   -0.0044687100
  -0.0002973300    0.0000519400   -0.0001819700
  -0.0000025600    0.0000044400   -0.0004021800
   0.0001036800    0.0002834700   -0.0001819700
   0.0001036800   -0.0002834700   -0.0001819700
   0.0004982000   -0.0008629200    0.0003380600
   0.0001936500   -0.0002315300   -0.0001819700
   0.0000177900    0.0000308200   -0.0004026500
  -0.0000355900   -0.0000000000   -0.0004026500
  -0.0000025600   -0.0000044400   -0.0004021800
  -0.0000426200    0.0000453300   -0.0003409000
  -0.0000179500    0.0000595700   -0.0003409000
   0.0000051300   -0.0000000000   -0.0004021800
   0.0000177900   -0.0000308200   -0.0004026500
  -0.0002973300   -0.0000519400   -0.0001819700
   0.0000605700   -0.0000142400   -0.0003409000
  -0.0000000000    0.0000000000   -0.0004597300
  -0.0000179500   -0.0000595700   -0.0003409000
   0.0001936500    0.0002315300   -0.0001819700
  -0.0024030000    0.0041621500   -0.0044687100
  -0.0009964100   -0.0000000000    0.0003380600
   0.0000605700    0.0000142400   -0.0003409000
  -0.0000426200   -0.0000453300   -0.0003409000
   0.0004982000    0.0008629200    0.0003380600
