Automatically generated mesh
     120
Reciprocal lattice
    0.00000000000000    0.00000000000000    0.00000000000000             1
    0.02857142857143    0.00000000000000    0.00000000000000             6
    0.05714285714286    0.00000000000000    0.00000000000000             6
    0.08571428571429    0.00000000000000    0.00000000000000             6
    0.11428571428572    0.00000000000000    0.00000000000000             6
    0.14285714285715    0.00000000000000    0.00000000000000             6
    0.17142857142857    0.00000000000000    0.00000000000000             6
    0.20000000000000    0.00000000000000    0.00000000000000             6
    0.22857142857143    0.00000000000000    0.00000000000000             6
    0.25714285714286    0.00000000000000    0.00000000000000             6
    0.28571428571429    0.00000000000000    0.00000000000000             6
    0.31428571428572    0.00000000000000    0.00000000000000             6
    0.34285714285714    0.00000000000000    0.00000000000000             6
    0.37142857142857    0.00000000000000    0.00000000000000             6
    0.40000000000000    0.00000000000000    0.00000000000000             6
    0.42857142857143    0.00000000000000    0.00000000000000             6
    0.45714285714286    0.00000000000000    0.00000000000000             6
    0.48571428571429    0.00000000000000    0.00000000000000             6
    0.02857142857143    0.02857142857143    0.00000000000000             6
    0.05714285714286    0.02857142857143    0.00000000000000            12
    0.08571428571429    0.02857142857143    0.00000000000000            12
    0.11428571428572    0.02857142857143    0.00000000000000            12
    0.14285714285715    0.02857142857143    0.00000000000000            12
    0.17142857142857    0.02857142857143    0.00000000000000            12
    0.20000000000000    0.02857142857143    0.00000000000000            12
    0.22857142857143    0.02857142857143    0.00000000000000            12
    0.25714285714286    0.02857142857143    0.00000000000000            12
    0.28571428571429    0.02857142857143    0.00000000000000            12
    0.31428571428572    0.02857142857143    0.00000000000000            12
    0.34285714285714    0.02857142857143    0.00000000000000            12
    0.37142857142857    0.02857142857143    0.00000000000000            12
    0.40000000000000    0.02857142857143    0.00000000000000            12
    0.42857142857143    0.02857142857143    0.00000000000000            12
    0.45714285714286    0.02857142857143    0.00000000000000            12
    0.48571428571429    0.02857142857143    0.00000000000000             6
    0.05714285714286    0.05714285714286    0.00000000000000             6
    0.08571428571429    0.05714285714286    0.00000000000000            12
    0.11428571428572    0.05714285714286    0.00000000000000            12
    0.14285714285715    0.05714285714286    0.00000000000000            12
    0.17142857142857    0.05714285714286    0.00000000000000            12
    0.20000000000000    0.05714285714286    0.00000000000000            12
    0.22857142857143    0.05714285714286    0.00000000000000            12
    0.25714285714286    0.05714285714286    0.00000000000000            12
    0.28571428571429    0.05714285714286    0.00000000000000            12
    0.31428571428572    0.05714285714286    0.00000000000000            12
    0.34285714285714    0.05714285714286    0.00000000000000            12
    0.37142857142857    0.05714285714286    0.00000000000000            12
    0.40000000000000    0.05714285714286    0.00000000000000            12
    0.42857142857143    0.05714285714286    0.00000000000000            12
    0.45714285714286    0.05714285714286    0.00000000000000            12
    0.08571428571429    0.08571428571429    0.00000000000000             6
    0.11428571428572    0.08571428571429    0.00000000000000            12
    0.14285714285715    0.08571428571429    0.00000000000000            12
    0.17142857142857    0.08571428571429    0.00000000000000            12
    0.20000000000000    0.08571428571429    0.00000000000000            12
    0.22857142857143    0.08571428571429    0.00000000000000            12
    0.25714285714286    0.08571428571429    0.00000000000000            12
    0.28571428571429    0.08571428571429    0.00000000000000            12
    0.31428571428572    0.08571428571429    0.00000000000000            12
    0.34285714285714    0.08571428571429    0.00000000000000            12
    0.37142857142857    0.08571428571429    0.00000000000000            12
    0.40000000000000    0.08571428571429    0.00000000000000            12
    0.42857142857143    0.08571428571429    0.00000000000000            12
    0.45714285714286    0.08571428571429    0.00000000000000             6
    0.11428571428572    0.11428571428572    0.00000000000000             6
    0.14285714285715    0.11428571428572    0.00000000000000            12
    0.17142857142857    0.11428571428572    0.00000000000000            12
    0.20000000000000    0.11428571428572    0.00000000000000            12
    0.22857142857143    0.11428571428572    0.00000000000000            12
    0.25714285714286    0.11428571428572    0.00000000000000            12
    0.28571428571429    0.11428571428572    0.00000000000000            12
    0.31428571428572    0.11428571428572    0.00000000000000            12
    0.34285714285714    0.11428571428572    0.00000000000000            12
    0.37142857142857    0.11428571428572    0.00000000000000            12
    0.40000000000000    0.11428571428572    0.00000000000000            12
    0.42857142857143    0.11428571428572    0.00000000000000            12
    0.14285714285715    0.14285714285715    0.00000000000000             6
    0.17142857142857    0.14285714285715    0.00000000000000            12
    0.20000000000000    0.14285714285715    0.00000000000000            12
    0.22857142857143    0.14285714285715    0.00000000000000            12
    0.25714285714286    0.14285714285715    0.00000000000000            12
    0.28571428571429    0.14285714285715    0.00000000000000            12
    0.31428571428572    0.14285714285715    0.00000000000000            12
    0.34285714285714    0.14285714285715    0.00000000000000            12
    0.37142857142857    0.14285714285715    0.00000000000000            12
    0.40000000000000    0.14285714285715    0.00000000000000            12
    0.42857142857143    0.14285714285715    0.00000000000000             6
    0.17142857142857    0.17142857142857    0.00000000000000             6
    0.20000000000000    0.17142857142857    0.00000000000000            12
    0.22857142857143    0.17142857142857    0.00000000000000            12
    0.25714285714286    0.17142857142857    0.00000000000000            12
    0.28571428571429    0.17142857142857    0.00000000000000            12
    0.31428571428572    0.17142857142857    0.00000000000000            12
    0.34285714285714    0.17142857142857    0.00000000000000            12
    0.37142857142857    0.17142857142857    0.00000000000000            12
    0.40000000000000    0.17142857142857    0.00000000000000            12
    0.20000000000000    0.20000000000000    0.00000000000000             6
    0.22857142857143    0.20000000000000    0.00000000000000            12
    0.25714285714286    0.20000000000000    0.00000000000000            12
    0.28571428571429    0.20000000000000    0.00000000000000            12
    0.31428571428572    0.20000000000000    0.00000000000000            12
    0.34285714285714    0.20000000000000    0.00000000000000            12
    0.37142857142857    0.20000000000000    0.00000000000000            12
    0.40000000000000    0.20000000000000    0.00000000000000             6
    0.22857142857143    0.22857142857143    0.00000000000000             6
    0.25714285714286    0.22857142857143    0.00000000000000            12
    0.28571428571429    0.22857142857143    0.00000000000000            12
    0.31428571428572    0.22857142857143    0.00000000000000            12
    0.34285714285714    0.22857142857143    0.00000000000000            12
    0.37142857142857    0.22857142857143    0.00000000000000            12
    0.25714285714286    0.25714285714286    0.00000000000000             6
    0.28571428571429    0.25714285714286    0.00000000000000            12
    0.31428571428572    0.25714285714286    0.00000000000000            12
    0.34285714285714    0.25714285714286    0.00000000000000            12
    0.37142857142857    0.25714285714286    0.00000000000000             6
    0.28571428571429    0.28571428571429    0.00000000000000             6
    0.31428571428572    0.28571428571429    0.00000000000000            12
    0.34285714285714    0.28571428571429    0.00000000000000            12
    0.31428571428572    0.31428571428572    0.00000000000000             6
    0.34285714285714    0.31428571428572    0.00000000000000             6
