    1   16    3
  9.013
    1    1  0.0150  0.0000  0.0000
 -0.172165206457   0.000000000000  -0.000000000000
  0.016829970073   0.017483548520  -0.000000000000
 -0.002868434151  -0.000669775300   0.000000000000
  0.016829343933   0.017478139777   0.000000000000
  0.047153222717   0.000000000000  -0.000000000000
  0.003470896446   0.000182359036  -0.000000000000
  0.003180820327  -0.000000680812  -0.000000000000
  0.016829970496  -0.017483548520  -0.000000000000
 -0.003963865342   0.000000000000  -0.000000000000
  0.003469992238  -0.000179343849  -0.000000000000
 -0.002868434168   0.000669775300  -0.000000000000
  0.003470896450  -0.000182359036  -0.000000000000
  0.047150670521   0.000000000000  -0.000000000000
  0.016829344356  -0.017478139777   0.000000000000
  0.003180820327   0.000000680812  -0.000000000000
  0.003469992234   0.000179343849  -0.000000000000
    1    2  0.0000  0.0150  0.0000
  0.000000002081  -0.171775657891   0.000000000000
  0.017378604788   0.036948905601  -0.000000000000
 -0.000682201797  -0.003612119551   0.000000000000
  0.017377562767   0.036947193600  -0.000000000000
  0.000001346151   0.006829333569   0.000000000000
  0.000171139707   0.003227570639   0.000000000000
 -0.000000000043   0.003538877251   0.000000000000
 -0.017377563663   0.036947193600   0.000000000000
  0.000000000030  -0.002438102658   0.000000000000
 -0.000171139785   0.003227570639  -0.000000000000
  0.000682201884  -0.003612119551   0.000000000000
 -0.000172485025   0.003227685347   0.000000000000
 -0.000001346317   0.006829333569   0.000000000000
 -0.017378605683   0.036948905601   0.000000000000
 -0.000000000043   0.003537744886   0.000000000000
  0.000172484947   0.003227685347   0.000000000000
    1    3  0.0000  0.0000  0.0150
 -0.000000000000  -0.000000000000  -0.020611912127
 -0.000005054322  -0.000007746923   0.005318784815
  0.000000000000  -0.000000000000  -0.004937818827
  0.000005054322   0.000007746923   0.005318784815
 -0.000008494223  -0.000000000000   0.005322270869
 -0.000004595017  -0.000002982776   0.000584740401
 -0.000000000000   0.000005899322   0.000584365371
 -0.000005054322   0.000007746923   0.005318784815
 -0.000000000000  -0.000000000000  -0.004939823561
  0.000004595017  -0.000002982776   0.000584740401
 -0.000000000000  -0.000000000000  -0.004937818827
 -0.000004595017   0.000002982776   0.000584740401
  0.000008494223  -0.000000000000   0.005322270869
  0.000005054322  -0.000007746923   0.005318784815
  0.000000000000  -0.000005899322   0.000584365371
  0.000004595017   0.000002982776   0.000584740401
