Automatically generated mesh
      21
Reciprocal lattice
    0.00000000000000    0.00000000000000    0.00000000000000             1
    0.09090909090909    0.00000000000000    0.00000000000000             4
    0.18181818181818    0.00000000000000    0.00000000000000             4
    0.27272727272727    0.00000000000000    0.00000000000000             4
    0.36363636363637    0.00000000000000    0.00000000000000             4
    0.45454545454545    0.00000000000000    0.00000000000000             4
    0.09090909090909    0.09090909090909    0.00000000000000             4
    0.18181818181818    0.09090909090909    0.00000000000000             8
    0.27272727272727    0.09090909090909    0.00000000000000             8
    0.36363636363637    0.09090909090909    0.00000000000000             8
    0.45454545454545    0.09090909090909    0.00000000000000             8
    0.18181818181818    0.18181818181818    0.00000000000000             4
    0.27272727272727    0.18181818181818    0.00000000000000             8
    0.36363636363637    0.18181818181818    0.00000000000000             8
    0.45454545454545    0.18181818181818    0.00000000000000             8
    0.27272727272727    0.27272727272727    0.00000000000000             4
    0.36363636363637    0.27272727272727    0.00000000000000             8
    0.45454545454545    0.27272727272727    0.00000000000000             8
    0.36363636363637    0.36363636363637    0.00000000000000             4
    0.45454545454545    0.36363636363637    0.00000000000000             8
    0.45454545454545    0.45454545454545    0.00000000000000             4
