Automatically generated mesh
     200
Reciprocal lattice
    0.00000000000000    0.00000000000000    0.00000000000000             1
    0.02173913043478    0.00000000000000    0.00000000000000             6
    0.04347826086956    0.00000000000000    0.00000000000000             6
    0.06521739130435    0.00000000000000    0.00000000000000             6
    0.08695652173913    0.00000000000000    0.00000000000000             6
    0.10869565217392    0.00000000000000    0.00000000000000             6
    0.13043478260870    0.00000000000000    0.00000000000000             6
    0.15217391304348    0.00000000000000    0.00000000000000             6
    0.17391304347826    0.00000000000000    0.00000000000000             6
    0.19565217391305    0.00000000000000    0.00000000000000             6
    0.21739130434783    0.00000000000000    0.00000000000000             6
    0.23913043478261    0.00000000000000    0.00000000000000             6
    0.26086956521739    0.00000000000000    0.00000000000000             6
    0.28260869565217    0.00000000000000    0.00000000000000             6
    0.30434782608695    0.00000000000000    0.00000000000000             6
    0.32608695652174    0.00000000000000    0.00000000000000             6
    0.34782608695652    0.00000000000000    0.00000000000000             6
    0.36956521739131    0.00000000000000    0.00000000000000             6
    0.39130434782609    0.00000000000000    0.00000000000000             6
    0.41304347826087    0.00000000000000    0.00000000000000             6
    0.43478260869565    0.00000000000000    0.00000000000000             6
    0.45652173913044    0.00000000000000    0.00000000000000             6
    0.47826086956522    0.00000000000000    0.00000000000000             6
    0.50000000000000    0.00000000000000    0.00000000000000             3
    0.02173913043478    0.02173913043478    0.00000000000000             6
    0.04347826086956    0.02173913043478    0.00000000000000            12
    0.06521739130435    0.02173913043478    0.00000000000000            12
    0.08695652173913    0.02173913043478    0.00000000000000            12
    0.10869565217392    0.02173913043478    0.00000000000000            12
    0.13043478260870    0.02173913043478    0.00000000000000            12
    0.15217391304348    0.02173913043478    0.00000000000000            12
    0.17391304347826    0.02173913043478    0.00000000000000            12
    0.19565217391305    0.02173913043478    0.00000000000000            12
    0.21739130434783    0.02173913043478    0.00000000000000            12
    0.23913043478261    0.02173913043478    0.00000000000000            12
    0.26086956521739    0.02173913043478    0.00000000000000            12
    0.28260869565217    0.02173913043478    0.00000000000000            12
    0.30434782608695    0.02173913043478    0.00000000000000            12
    0.32608695652174    0.02173913043478    0.00000000000000            12
    0.34782608695652    0.02173913043478    0.00000000000000            12
    0.36956521739131    0.02173913043478    0.00000000000000            12
    0.39130434782609    0.02173913043478    0.00000000000000            12
    0.41304347826087    0.02173913043478    0.00000000000000            12
    0.43478260869565    0.02173913043478    0.00000000000000            12
    0.45652173913044    0.02173913043478    0.00000000000000            12
    0.47826086956522    0.02173913043478    0.00000000000000            12
    0.04347826086956    0.04347826086956    0.00000000000000             6
    0.06521739130435    0.04347826086956    0.00000000000000            12
    0.08695652173913    0.04347826086956    0.00000000000000            12
    0.10869565217392    0.04347826086956    0.00000000000000            12
    0.13043478260870    0.04347826086956    0.00000000000000            12
    0.15217391304348    0.04347826086956    0.00000000000000            12
    0.17391304347826    0.04347826086956    0.00000000000000            12
    0.19565217391305    0.04347826086956    0.00000000000000            12
    0.21739130434783    0.04347826086956    0.00000000000000            12
    0.23913043478261    0.04347826086956    0.00000000000000            12
    0.26086956521739    0.04347826086956    0.00000000000000            12
    0.28260869565217    0.04347826086956    0.00000000000000            12
    0.30434782608695    0.04347826086956    0.00000000000000            12
    0.32608695652174    0.04347826086956    0.00000000000000            12
    0.34782608695652    0.04347826086956    0.00000000000000            12
    0.36956521739131    0.04347826086956    0.00000000000000            12
    0.39130434782609    0.04347826086956    0.00000000000000            12
    0.41304347826087    0.04347826086956    0.00000000000000            12
    0.43478260869565    0.04347826086956    0.00000000000000            12
    0.45652173913044    0.04347826086956    0.00000000000000            12
    0.47826086956522    0.04347826086956    0.00000000000000             6
    0.06521739130435    0.06521739130435    0.00000000000000             6
    0.08695652173913    0.06521739130435    0.00000000000000            12
    0.10869565217392    0.06521739130435    0.00000000000000            12
    0.13043478260870    0.06521739130435    0.00000000000000            12
    0.15217391304348    0.06521739130435    0.00000000000000            12
    0.17391304347826    0.06521739130435    0.00000000000000            12
    0.19565217391305    0.06521739130435    0.00000000000000            12
    0.21739130434783    0.06521739130435    0.00000000000000            12
    0.23913043478261    0.06521739130435    0.00000000000000            12
    0.26086956521739    0.06521739130435    0.00000000000000            12
    0.28260869565217    0.06521739130435    0.00000000000000            12
    0.30434782608695    0.06521739130435    0.00000000000000            12
    0.32608695652174    0.06521739130435    0.00000000000000            12
    0.34782608695652    0.06521739130435    0.00000000000000            12
    0.36956521739131    0.06521739130435    0.00000000000000            12
    0.39130434782609    0.06521739130435    0.00000000000000            12
    0.41304347826087    0.06521739130435    0.00000000000000            12
    0.43478260869565    0.06521739130435    0.00000000000000            12
    0.45652173913044    0.06521739130435    0.00000000000000            12
    0.08695652173913    0.08695652173913    0.00000000000000             6
    0.10869565217392    0.08695652173913    0.00000000000000            12
    0.13043478260870    0.08695652173913    0.00000000000000            12
    0.15217391304348    0.08695652173913    0.00000000000000            12
    0.17391304347826    0.08695652173913    0.00000000000000            12
    0.19565217391305    0.08695652173913    0.00000000000000            12
    0.21739130434783    0.08695652173913    0.00000000000000            12
    0.23913043478261    0.08695652173913    0.00000000000000            12
    0.26086956521739    0.08695652173913    0.00000000000000            12
    0.28260869565217    0.08695652173913    0.00000000000000            12
    0.30434782608695    0.08695652173913    0.00000000000000            12
    0.32608695652174    0.08695652173913    0.00000000000000            12
    0.34782608695652    0.08695652173913    0.00000000000000            12
    0.36956521739131    0.08695652173913    0.00000000000000            12
    0.39130434782609    0.08695652173913    0.00000000000000            12
    0.41304347826087    0.08695652173913    0.00000000000000            12
    0.43478260869565    0.08695652173913    0.00000000000000            12
    0.45652173913044    0.08695652173913    0.00000000000000             6
    0.10869565217392    0.10869565217392    0.00000000000000             6
    0.13043478260870    0.10869565217392    0.00000000000000            12
    0.15217391304348    0.10869565217392    0.00000000000000            12
    0.17391304347826    0.10869565217392    0.00000000000000            12
    0.19565217391305    0.10869565217392    0.00000000000000            12
    0.21739130434783    0.10869565217392    0.00000000000000            12
    0.23913043478261    0.10869565217392    0.00000000000000            12
    0.26086956521739    0.10869565217392    0.00000000000000            12
    0.28260869565217    0.10869565217392    0.00000000000000            12
    0.30434782608695    0.10869565217392    0.00000000000000            12
    0.32608695652174    0.10869565217392    0.00000000000000            12
    0.34782608695652    0.10869565217392    0.00000000000000            12
    0.36956521739131    0.10869565217392    0.00000000000000            12
    0.39130434782609    0.10869565217392    0.00000000000000            12
    0.41304347826087    0.10869565217392    0.00000000000000            12
    0.43478260869565    0.10869565217392    0.00000000000000            12
    0.13043478260870    0.13043478260870    0.00000000000000             6
    0.15217391304348    0.13043478260870    0.00000000000000            12
    0.17391304347826    0.13043478260870    0.00000000000000            12
    0.19565217391305    0.13043478260870    0.00000000000000            12
    0.21739130434783    0.13043478260870    0.00000000000000            12
    0.23913043478261    0.13043478260870    0.00000000000000            12
    0.26086956521739    0.13043478260870    0.00000000000000            12
    0.28260869565217    0.13043478260870    0.00000000000000            12
    0.30434782608695    0.13043478260870    0.00000000000000            12
    0.32608695652174    0.13043478260870    0.00000000000000            12
    0.34782608695652    0.13043478260870    0.00000000000000            12
    0.36956521739131    0.13043478260870    0.00000000000000            12
    0.39130434782609    0.13043478260870    0.00000000000000            12
    0.41304347826087    0.13043478260870    0.00000000000000            12
    0.43478260869565    0.13043478260870    0.00000000000000             6
    0.15217391304348    0.15217391304348    0.00000000000000             6
    0.17391304347826    0.15217391304348    0.00000000000000            12
    0.19565217391305    0.15217391304348    0.00000000000000            12
    0.21739130434783    0.15217391304348    0.00000000000000            12
    0.23913043478261    0.15217391304348    0.00000000000000            12
    0.26086956521739    0.15217391304348    0.00000000000000            12
    0.28260869565217    0.15217391304348    0.00000000000000            12
    0.30434782608695    0.15217391304348    0.00000000000000            12
    0.32608695652174    0.15217391304348    0.00000000000000            12
    0.34782608695652    0.15217391304348    0.00000000000000            12
    0.36956521739131    0.15217391304348    0.00000000000000            12
    0.39130434782609    0.15217391304348    0.00000000000000            12
    0.41304347826087    0.15217391304348    0.00000000000000            12
    0.17391304347826    0.17391304347826    0.00000000000000             6
    0.19565217391305    0.17391304347826    0.00000000000000            12
    0.21739130434783    0.17391304347826    0.00000000000000            12
    0.23913043478261    0.17391304347826    0.00000000000000            12
    0.26086956521739    0.17391304347826    0.00000000000000            12
    0.28260869565217    0.17391304347826    0.00000000000000            12
    0.30434782608695    0.17391304347826    0.00000000000000            12
    0.32608695652174    0.17391304347826    0.00000000000000            12
    0.34782608695652    0.17391304347826    0.00000000000000            12
    0.36956521739131    0.17391304347826    0.00000000000000            12
    0.39130434782609    0.17391304347826    0.00000000000000            12
    0.41304347826087    0.17391304347826    0.00000000000000             6
    0.19565217391305    0.19565217391305    0.00000000000000             6
    0.21739130434783    0.19565217391305    0.00000000000000            12
    0.23913043478261    0.19565217391305    0.00000000000000            12
    0.26086956521739    0.19565217391305    0.00000000000000            12
    0.28260869565217    0.19565217391305    0.00000000000000            12
    0.30434782608695    0.19565217391305    0.00000000000000            12
    0.32608695652174    0.19565217391305    0.00000000000000            12
    0.34782608695652    0.19565217391305    0.00000000000000            12
    0.36956521739131    0.19565217391305    0.00000000000000            12
    0.39130434782609    0.19565217391305    0.00000000000000            12
    0.21739130434783    0.21739130434783    0.00000000000000             6
    0.23913043478261    0.21739130434783    0.00000000000000            12
    0.26086956521739    0.21739130434783    0.00000000000000            12
    0.28260869565217    0.21739130434783    0.00000000000000            12
    0.30434782608695    0.21739130434783    0.00000000000000            12
    0.32608695652174    0.21739130434783    0.00000000000000            12
    0.34782608695652    0.21739130434783    0.00000000000000            12
    0.36956521739131    0.21739130434783    0.00000000000000            12
    0.39130434782609    0.21739130434783    0.00000000000000             6
    0.23913043478261    0.23913043478261    0.00000000000000             6
    0.26086956521739    0.23913043478261    0.00000000000000            12
    0.28260869565217    0.23913043478261    0.00000000000000            12
    0.30434782608695    0.23913043478261    0.00000000000000            12
    0.32608695652174    0.23913043478261    0.00000000000000            12
    0.34782608695652    0.23913043478261    0.00000000000000            12
    0.36956521739131    0.23913043478261    0.00000000000000            12
    0.26086956521739    0.26086956521739    0.00000000000000             6
    0.28260869565217    0.26086956521739    0.00000000000000            12
    0.30434782608695    0.26086956521739    0.00000000000000            12
    0.32608695652174    0.26086956521739    0.00000000000000            12
    0.34782608695652    0.26086956521739    0.00000000000000            12
    0.36956521739131    0.26086956521739    0.00000000000000             6
    0.28260869565217    0.28260869565217    0.00000000000000             6
    0.30434782608695    0.28260869565217    0.00000000000000            12
    0.32608695652174    0.28260869565217    0.00000000000000            12
    0.34782608695652    0.28260869565217    0.00000000000000            12
    0.30434782608695    0.30434782608695    0.00000000000000             6
    0.32608695652174    0.30434782608695    0.00000000000000            12
    0.34782608695652    0.30434782608695    0.00000000000000             6
    0.32608695652174    0.32608695652174    0.00000000000000             6
