75   
18   

1    
  0.0083828654666698   0.0054522992001279   0.0000000000000000
  -0.0846876000   -0.0077632900   -0.0466110100
   0.0091689900    0.0033503000   -0.0512958900
   0.0002365700   -0.0003203500   -0.0464167700
   0.0003146100   -0.0002948700   -0.0469065600
   0.0073815900    0.0047763500   -0.0439293000
   0.0104075100   -0.0080362400   -0.0494017000
  -0.0003737900    0.0054911600   -0.0476638900
  -0.0007891900   -0.0025342000   -0.0468000600
  -0.0003219800   -0.0009360800   -0.0467264100
   0.0025123000   -0.0006715600   -0.0479038600
   0.0007613700   -0.0001099400   -0.0471314800
  -0.0011482800   -0.0004911600   -0.0465414000
  -0.0000883900   -0.0003043700   -0.0465744400
   0.0001421200   -0.0008418600   -0.0465409900
  -0.0002779700   -0.0007755300   -0.0468003000
   0.0010637900   -0.0005710700   -0.0466511200
  -0.0002766900   -0.0007660500   -0.0469505700
   0.0002187100   -0.0009530600   -0.0467479500
  -0.0000890400   -0.0002699300   -0.0468409500
  -0.0011242400   -0.0005166300   -0.0469384900
   0.0086610600   -0.0053816600   -0.0467580800
   0.0025370500   -0.0007190300   -0.0459682800
  -0.0003628500   -0.0008038300   -0.0469129500
  -0.0008261200   -0.0025653500   -0.0471355100
   0.0008368800    0.0034888800   -0.0436434100
   0.0063251500    0.0034092400    0.0624791800
   0.0014737100    0.0021998900    0.0623028700
  -0.0006556200    0.0009045200    0.0635378800
   0.0021413500    0.0034338100    0.0643450200
   0.0034541700    0.0065295400    0.0684277000
   0.0012341500    0.0023953900    0.0623471600
   0.0019891400    0.0033244700    0.0622150800
   0.0012714200    0.0022724400    0.0629734700
  -0.0002288900    0.0015604700    0.0634114000
  -0.0007379800    0.0021990900    0.0637659600
   0.0004152400    0.0015118100    0.0640862000
   0.0009224900    0.0021840500    0.0629264200
   0.0007496400    0.0015365200    0.0633186300
   0.0008725100    0.0019576200    0.0636606300
   0.0005951500    0.0014421200    0.0623348700
   0.0008538800    0.0019053200    0.0641789700
   0.0008873200    0.0010709400    0.0634101100
   0.0009255100    0.0015987800    0.0635001000
   0.0006233700    0.0011338700    0.0637545300
   0.0006507900    0.0017007800    0.0632740600
   0.0019062100    0.0012960900    0.0611031100
   0.0004820800    0.0018808100    0.0634698400
   0.0013622300    0.0019019800    0.0638166500
   0.0011772100    0.0024437800    0.0638400700
   0.0009520100    0.0024136500    0.0643113100
   0.0144302100   -0.0096729900   -0.0019677500
   0.0002761100   -0.0003099200   -0.0167776500
  -0.0010070700   -0.0014198700   -0.0166802900
  -0.0004510100    0.0003648500   -0.0171757300
  -0.0006830900   -0.0026549200   -0.0197588600
   0.0137529000   -0.0079104800   -0.0272535600
  -0.0009700700   -0.0025275900   -0.0152983300
  -0.0005409600    0.0002959400   -0.0163305400
  -0.0012346700   -0.0014463500   -0.0167283200
   0.0010646900    0.0002649200   -0.0164954100
   0.0002207500   -0.0007593300   -0.0165305500
  -0.0006287700   -0.0001576800   -0.0167871400
  -0.0000463600   -0.0005422300   -0.0164198700
  -0.0004848500   -0.0005329500   -0.0168535900
  -0.0006906500   -0.0009375200   -0.0165670700
  -0.0011782300   -0.0010448000   -0.0166771800
  -0.0007493800   -0.0008764300   -0.0167123800
  -0.0007874100   -0.0012298900   -0.0166667200
  -0.0007501100   -0.0013889400   -0.0167720100
  -0.0006286300   -0.0006639800   -0.0167013400
  -0.0002338500    0.0001028200   -0.0169625200
  -0.0009520900   -0.0009701800   -0.0166789300
  -0.0006949400   -0.0006104300   -0.0165247500
   0.0000143400   -0.0003122200   -0.0171524800
  -0.0005655400   -0.0007474600   -0.0165268800

1    
 -0.0083828654666698  -0.0054522992001279   0.0000000000000000
   0.0844998300    0.0064188000   -0.0465151200
  -0.0085527600   -0.0046260300   -0.0422465900
  -0.0003310300   -0.0013041700   -0.0470461600
  -0.0002692000   -0.0012538500   -0.0465507400
  -0.0080453300   -0.0067282500   -0.0495894800
  -0.0105427100    0.0066288600   -0.0440628600
   0.0002868700   -0.0068298500   -0.0458392900
   0.0008048300    0.0009798000   -0.0466863500
   0.0002602400   -0.0006598500   -0.0467497500
  -0.0025295700   -0.0009127700   -0.0455532300
  -0.0007918800   -0.0014668900   -0.0463491400
   0.0011216300   -0.0011109900   -0.0469397100
   0.0000585900   -0.0013033600   -0.0469055000
  -0.0001610700   -0.0007623400   -0.0469280800
   0.0002548100   -0.0008203000   -0.0466811200
  -0.0010789200   -0.0010217100   -0.0468180000
   0.0002560400   -0.0008107700   -0.0465226900
  -0.0002479800   -0.0006221600   -0.0467173700
   0.0000740400   -0.0012936100   -0.0466384900
   0.0010919300   -0.0010539000   -0.0465415600
  -0.0086490400    0.0036871800   -0.0466738500
  -0.0025585600   -0.0008776000   -0.0474808600
   0.0003830000   -0.0007792700   -0.0465633600
   0.0007679600    0.0009485500   -0.0463560400
  -0.0007972900   -0.0053044500   -0.0498668500
  -0.0047851300   -0.0000545200    0.0643777500
   0.0000306900    0.0011899200    0.0645993300
   0.0021034600    0.0024507200    0.0633882200
  -0.0006874500   -0.0001011900    0.0625740700
  -0.0019985400   -0.0031981500    0.0583666100
   0.0002050700    0.0009527900    0.0645516400
  -0.0005605500   -0.0000108700    0.0647467900
   0.0002071500    0.0010735800    0.0639530900
   0.0016936600    0.0018107900    0.0635167200
   0.0022202800    0.0011425300    0.0632031900
   0.0010506500    0.0018561300    0.0628662700
   0.0005333100    0.0011848300    0.0639949400
   0.0007060700    0.0018406200    0.0636129000
   0.0005912000    0.0013993900    0.0632717300
   0.0008709400    0.0019203100    0.0645961600
   0.0006047900    0.0014593100    0.0627545600
   0.0005785400    0.0022853700    0.0635216300
   0.0005292600    0.0017505000    0.0634302000
   0.0008504700    0.0022317700    0.0631724900
   0.0008055700    0.0016534900    0.0636526300
  -0.0004275000    0.0020555200    0.0658052300
   0.0009656000    0.0014758200    0.0634670200
   0.0001105700    0.0014713400    0.0631154200
   0.0002840800    0.0009231200    0.0630940600
   0.0005255900    0.0009295800    0.0626291600
  -0.0158912600    0.0075318200   -0.0314172700
  -0.0016365200   -0.0015008000   -0.0166770600
  -0.0003584800   -0.0004227700   -0.0167917600
  -0.0009591900   -0.0022391900   -0.0162642900
  -0.0006459000    0.0009597700   -0.0137098100
  -0.0150610200    0.0063275700   -0.0062958000
  -0.0005468300    0.0006806300   -0.0181639300
  -0.0009720800   -0.0019892500   -0.0171343400
  -0.0002382600   -0.0002598500   -0.0167130400
  -0.0025989400   -0.0019841900   -0.0169817400
  -0.0016066500   -0.0010992100   -0.0169239000
  -0.0007912800   -0.0016719200   -0.0166591800
  -0.0013329800   -0.0012837300   -0.0170225600
  -0.0009146100   -0.0012890600   -0.0165955500
  -0.0007197600   -0.0008725200   -0.0168820300
  -0.0002900100   -0.0007396300   -0.0167990000
  -0.0006626600   -0.0008898500   -0.0167328600
  -0.0006513600   -0.0005438600   -0.0168225000
  -0.0007161700   -0.0003951700   -0.0166709700
  -0.0007774500   -0.0010931600   -0.0167706600
  -0.0012097400   -0.0018363800   -0.0164975200
  -0.0005219300   -0.0007434600   -0.0167762900
  -0.0008094200   -0.0011231000   -0.0169195800
  -0.0014740300   -0.0013902500   -0.0162851100
  -0.0009257200   -0.0009462300   -0.0169329100

1    
 -0.0086627951907802   0.0049955960087456   0.0000000000000000
   0.1330465900   -0.0777089700   -0.0483002900
  -0.0036962500   -0.0021146400   -0.0427484400
   0.0001876300   -0.0011390800   -0.0468995300
   0.0002081600   -0.0011125900   -0.0466479000
  -0.0047995200   -0.0039078500   -0.0463994300
  -0.0211810500    0.0133487700   -0.0437154200
  -0.0007562200    0.0030431700   -0.0507081300
  -0.0003658000   -0.0005831100   -0.0467305200
   0.0001857600   -0.0005148200   -0.0465338500
  -0.0019262100   -0.0018360400   -0.0456504900
  -0.0012471100   -0.0003912300   -0.0462046600
  -0.0000948000    0.0013523800   -0.0461085400
   0.0003775600   -0.0008069400   -0.0465706700
  -0.0001457500   -0.0011034000   -0.0469351500
   0.0004504400   -0.0010599500   -0.0467335100
  -0.0009681700    0.0000709600   -0.0472512600
   0.0004512000   -0.0010623100   -0.0467352800
  -0.0000762000   -0.0009742900   -0.0469121800
   0.0003774700   -0.0008039800   -0.0468172700
  -0.0000668000    0.0013745800   -0.0478025700
  -0.0217928000    0.0098491500   -0.0495098500
  -0.0018858600   -0.0017846100   -0.0473356800
   0.0001147900   -0.0006487700   -0.0465605300
  -0.0003736700   -0.0005933600   -0.0467359200
   0.0003455700    0.0048381600   -0.0470165100
  -0.0049574700    0.0006621200    0.0632832500
   0.0003082600    0.0015879200    0.0641398000
   0.0020672900    0.0026773600    0.0634214000
  -0.0003464500    0.0005754400    0.0629036200
   0.0008765500    0.0016431100    0.0634820000
  -0.0012695900    0.0071663500    0.0636071500
   0.0002073700    0.0019651500    0.0634759600
  -0.0000107200    0.0009474200    0.0638400100
   0.0013327800    0.0014078500    0.0638443200
   0.0029787300    0.0017194100    0.0641068400
   0.0000620900    0.0027867400    0.0601777200
   0.0005999400    0.0021035700    0.0627865800
   0.0009774600    0.0026848600    0.0630852700
   0.0007631800    0.0016633500    0.0634661200
   0.0009505700    0.0018873900    0.0645020400
   0.0007392500    0.0016735800    0.0634733800
   0.0008897500    0.0022275200    0.0635304200
   0.0005375800    0.0000174200    0.0635090600
   0.0012690700    0.0013007800    0.0630867400
   0.0006660900    0.0013949000    0.0624270100
  -0.0005298200    0.0016973900    0.0667055500
   0.0003315400    0.0012706300    0.0634046200
  -0.0000935900    0.0021698200    0.0634658500
   0.0011379600    0.0031650600    0.0640317800
   0.0018064400   -0.0002254500    0.0628802200
  -0.0316041300    0.0180842900   -0.0439058200
  -0.0010605700   -0.0010704500   -0.0167396400
  -0.0006126300   -0.0006266200   -0.0167140400
  -0.0008830000   -0.0013600000   -0.0167052000
  -0.0023678600    0.0000612200   -0.0167399100
  -0.0337235900    0.0170374600    0.0116714800
  -0.0019070300   -0.0001634200   -0.0167288900
  -0.0009947300   -0.0012921000   -0.0168496900
  -0.0006536300   -0.0004900200   -0.0167691400
  -0.0027788800   -0.0018663500   -0.0167796300
  -0.0010694900   -0.0000956600   -0.0172203100
  -0.0007614500   -0.0004875800   -0.0167114000
  -0.0004290400   -0.0004797900   -0.0166158500
  -0.0006966000   -0.0009196000   -0.0167295700
  -0.0005634600   -0.0006812800   -0.0168630900
  -0.0001459600   -0.0012333900   -0.0167381500
  -0.0006477400   -0.0011557900   -0.0166821100
  -0.0009414600   -0.0010923900   -0.0167729200
  -0.0010053000   -0.0011491000   -0.0166770900
  -0.0008214500   -0.0011233400   -0.0166021200
  -0.0015885400   -0.0009796400   -0.0162710800
  -0.0004697100   -0.0007692900   -0.0167714600
  -0.0006008300   -0.0009477100   -0.0167251400
  -0.0004480900   -0.0004879900   -0.0167498400
  -0.0008881000    0.0013875800   -0.0166824900

1    
  0.0086627951907802  -0.0049955960087456   0.0000000000000000
  -0.1332326500    0.0758384300   -0.0482863000
   0.0036919600    0.0004859900   -0.0507079700
  -0.0002205900   -0.0004622800   -0.0465704400
  -0.0002148900   -0.0004614500   -0.0468175200
   0.0046914200    0.0023389100   -0.0470201700
   0.0201118600   -0.0143122400   -0.0495116200
   0.0006899700   -0.0046372900   -0.0427467400
   0.0003499600   -0.0009966600   -0.0467309000
  -0.0002114900   -0.0010666700   -0.0469355500
   0.0018929200    0.0002431500   -0.0478021900
   0.0012169100   -0.0011879600   -0.0472513500
   0.0000688800   -0.0029127900   -0.0473373100
  -0.0004097600   -0.0007937300   -0.0468994300
   0.0001296200   -0.0004820400   -0.0465343300
  -0.0004741700   -0.0005257800   -0.0467333400
   0.0009557000   -0.0016624200   -0.0462049200
  -0.0004734600   -0.0005282200   -0.0467350800
   0.0000494000   -0.0006126600   -0.0465608100
  -0.0003950800   -0.0007651200   -0.0466481400
   0.0000476700   -0.0029757800   -0.0456509400
   0.0228350400   -0.0120288800   -0.0437170000
   0.0018841600    0.0002092800   -0.0461095200
  -0.0001325500   -0.0009406400   -0.0469124500
   0.0003421400   -0.0010069300   -0.0467361600
  -0.0003107200   -0.0064883700   -0.0464015500
   0.0064773900    0.0026940800    0.0636186000
   0.0011606300    0.0017768500    0.0627876400
  -0.0006081400    0.0006800100    0.0635092900
   0.0018121500    0.0027782000    0.0640322800
   0.0006223800    0.0017862500    0.0634801900
   0.0026999200   -0.0037646100    0.0632948100
   0.0012435700    0.0013721700    0.0634755400
   0.0014747000    0.0023967800    0.0630855800
   0.0001337600    0.0019538700    0.0630864100
  -0.0014617200    0.0016513500    0.0628726300
   0.0013750500    0.0006015100    0.0667077100
   0.0008608800    0.0012688700    0.0641407100
   0.0004701000    0.0006705300    0.0638403100
   0.0006984200    0.0017004600    0.0634661900
   0.0005171800    0.0014839500    0.0624279700
   0.0007251400    0.0016800600    0.0634716000
   0.0005761500    0.0011276600    0.0634043600
   0.0009262900    0.0033366100    0.0634217400
   0.0001959600    0.0020631600    0.0638439300
   0.0007980700    0.0019724700    0.0645029900
   0.0020189500    0.0016569700    0.0601799400
   0.0011276300    0.0020934600    0.0635300000
   0.0015645000    0.0012121800    0.0634651300
   0.0003142500    0.0001948900    0.0629040100
  -0.0003568300    0.0036391100    0.0640993200
   0.0312945100   -0.0204999100    0.0116509600
  -0.0003101500   -0.0007502300   -0.0167088600
  -0.0007480700   -0.0012167400   -0.0167626200
  -0.0005290400   -0.0005058000   -0.0167527800
   0.0010108100   -0.0018865800   -0.0167374700
   0.0311882500   -0.0180845700   -0.0439013800
   0.0004455400   -0.0015197500   -0.0167305400
  -0.0005162500   -0.0004108000   -0.0166287500
  -0.0008217700   -0.0012159100   -0.0166749300
   0.0012638300    0.0001570500   -0.0166919900
  -0.0003631500   -0.0017233200   -0.0162733500
  -0.0006613300   -0.0012979700   -0.0167412200
  -0.0009519100   -0.0013352900   -0.0168370100
  -0.0007069300   -0.0009133400   -0.0167290700
  -0.0008586300   -0.0011309400   -0.0165924800
  -0.0013236000   -0.0005548700   -0.0167379700
  -0.0007654100   -0.0006065500   -0.0167664300
  -0.0004990000   -0.0006796400   -0.0167238600
  -0.0004620100   -0.0006391900   -0.0167716500
  -0.0005803700   -0.0006428300   -0.0168729700
   0.0001732100   -0.0007739700   -0.0172171300
  -0.0010041500   -0.0009431200   -0.0166867700
  -0.0009003300   -0.0007750600   -0.0167253000
  -0.0010101900   -0.0012224700   -0.0167018600
  -0.0006125000   -0.0031229200   -0.0167716900

1    
  0.0000000000000000   0.0000000000000000   0.0100000000000000
  -0.0000845900   -0.0009342600   -0.1452281100
   0.0013643800    0.0022218200   -0.0496887800
  -0.0001660700   -0.0008886600   -0.0466621600
   0.0002705900   -0.0006397500   -0.0466621100
  -0.0049593900   -0.0014232100   -0.0496968900
   0.0018167900   -0.0036039100   -0.0504554000
   0.0019085400    0.0019090900   -0.0496860700
  -0.0002267600   -0.0011691700   -0.0467690700
  -0.0002210700   -0.0007982100   -0.0465532400
   0.0007953900   -0.0006336700   -0.0463152900
   0.0003559700   -0.0012026000   -0.0456918700
   0.0005304200   -0.0019995800   -0.0463162700
  -0.0000175600   -0.0009739700   -0.0466622600
   0.0000895500   -0.0009766100   -0.0465527600
  -0.0001334300   -0.0010039100   -0.0468466900
  -0.0005495200   -0.0006811500   -0.0456919600
  -0.0000415300   -0.0008482200   -0.0468476400
   0.0002169900   -0.0007909700   -0.0465525600
  -0.0000183200   -0.0004737200   -0.0466621500
  -0.0002765300   -0.0000157800   -0.0463148300
  -0.0033596300   -0.0006166500   -0.0504552900
  -0.0013285600   -0.0009285600   -0.0463168600
  -0.0001223100   -0.0005936500   -0.0465530800
  -0.0000453900   -0.0008511700   -0.0467698700
   0.0019221800   -0.0053916000   -0.0496941900
  -0.0066859900   -0.0004050300    0.0712214900
   0.0011473400    0.0015744800    0.0637321500
   0.0008172500    0.0015926600    0.0638067900
   0.0011172000    0.0021185800    0.0646716200
   0.0075337500    0.0134884600    0.0778325200
   0.0026449800   -0.0058040600    0.0712422700
   0.0001306700    0.0006364200    0.0648828400
   0.0008803000    0.0015943500    0.0630808000
   0.0006103700    0.0023938500    0.0630544300
  -0.0004603400    0.0016466100    0.0632244900
   0.0001448700    0.0022898700    0.0642161100
   0.0004307300    0.0019891400    0.0637330200
   0.0005825800    0.0017675500    0.0630807300
   0.0003264500    0.0009807000    0.0640317400
   0.0014048200    0.0014068500    0.0634184700
   0.0008535600    0.0018861500    0.0627724900
   0.0011253900    0.0016790800    0.0631756700
   0.0006131200    0.0017095500    0.0638067100
   0.0014105200    0.0019335200    0.0630545400
   0.0001543300    0.0021255800    0.0634172500
   0.0015478600    0.0014786000    0.0642154500
   0.0005350000    0.0020225200    0.0631761600
   0.0007522400    0.0017194900    0.0630579200
   0.0009154900    0.0022329900    0.0646703300
   0.0013006800    0.0006341100    0.0632276200
   0.0246409800   -0.0149417000    0.0201671900
  -0.0007563200   -0.0005520600   -0.0162665900
  -0.0007263100   -0.0009886800   -0.0167300400
  -0.0005174800   -0.0011472400   -0.0163439300
   0.0011064900    0.0021838800   -0.0157672200
  -0.0255802600    0.0140636400    0.0201856400
  -0.0017416800   -0.0025953700   -0.0155112100
  -0.0007553100   -0.0005182100   -0.0164341900
  -0.0007674300   -0.0008557000   -0.0167202200
  -0.0011074400   -0.0016622400   -0.0161055400
  -0.0023272300   -0.0003261300   -0.0165611500
  -0.0003657000   -0.0007734500   -0.0162684900
  -0.0004020900   -0.0007405500   -0.0164215900
  -0.0006212200   -0.0007768100   -0.0166128700
  -0.0006892300   -0.0009593400   -0.0167589100
  -0.0007469600   -0.0009150500   -0.0168396000
  -0.0007599000   -0.0009016600   -0.0166958800
  -0.0007555100   -0.0009592600   -0.0167401600
  -0.0007209200   -0.0009214000   -0.0167225700
  -0.0007575800   -0.0008912900   -0.0167689700
   0.0006040700   -0.0019787400   -0.0165584700
  -0.0007284700   -0.0009127800   -0.0167003600
  -0.0007947900   -0.0009382100   -0.0165454900
  -0.0010090700   -0.0007994500   -0.0163411500
  -0.0012739100   -0.0015761700   -0.0160964200

1    
  0.0000000000000000   0.0000000000000000  -0.0100000000000000
  -0.0000387800   -0.0008266200    0.0512083700
  -0.0014293800   -0.0038645400   -0.0437802700
   0.0001371700   -0.0007022100   -0.0468123600
  -0.0002836800   -0.0009420500   -0.0468122800
   0.0049839300   -0.0001142700   -0.0437884300
  -0.0016788300    0.0019251900   -0.0429424500
  -0.0019565200   -0.0035628500   -0.0437814600
   0.0002103700   -0.0004115900   -0.0467114000
   0.0001902200   -0.0007893000   -0.0469221300
  -0.0008027000   -0.0009506700   -0.0471524100
  -0.0003777000   -0.0003805500   -0.0477803500
  -0.0005637200    0.0004104900   -0.0471552400
  -0.0000075700   -0.0006179400   -0.0468123600
  -0.0001082900   -0.0006162500   -0.0469227100
   0.0001062900   -0.0005877100   -0.0466307400
   0.0005293800   -0.0009050200   -0.0477804300
   0.0000251700   -0.0007321200   -0.0466317200
  -0.0002453000   -0.0007902300   -0.0469225300
  -0.0000028000   -0.0011047700   -0.0468122400
   0.0002518400   -0.0015586700   -0.0471537400
   0.0031782200   -0.0008765600   -0.0429423400
   0.0013058100   -0.0006675200   -0.0471540000
   0.0001103100   -0.0009942000   -0.0469220000
   0.0000185600   -0.0007409800   -0.0467122000
  -0.0019265900    0.0038719100   -0.0437896300
   0.0084632300    0.0038287900    0.0553479300
   0.0003178100    0.0017871100    0.0631806800
   0.0006427600    0.0017696100    0.0631240800
   0.0003469500    0.0012382800    0.0622484500
  -0.0062996300   -0.0105186500    0.0485780200
  -0.0012852300    0.0094628500    0.0553267500
   0.0013240100    0.0027073200    0.0620676400
   0.0005912000    0.0017576600    0.0638509300
   0.0008533900    0.0009595200    0.0638691500
   0.0019537000    0.0017088100    0.0637318900
   0.0013187400    0.0010882300    0.0627052100
   0.0010291900    0.0013784300    0.0631796500
   0.0008680500    0.0015982500    0.0638509600
   0.0011376400    0.0023873600    0.0628990200
   0.0000667000    0.0019620800    0.0635062700
   0.0006131900    0.0014716000    0.0641630400
   0.0003349000    0.0016742400    0.0637610000
   0.0008545600    0.0016477500    0.0631242700
   0.0000486900    0.0014238800    0.0638689900
   0.0013058600    0.0012438400    0.0635075000
  -0.0000807200    0.0018935500    0.0627058800
   0.0009253800    0.0013357800    0.0637603500
   0.0007081900    0.0016442900    0.0638769200
   0.0005403400    0.0011272100    0.0622496200
   0.0001475600    0.0027512900    0.0637288600
  -0.0247593200    0.0124282100   -0.0528059200
  -0.0006482300   -0.0012961400   -0.0171823000
  -0.0006379300   -0.0008546900   -0.0167411100
  -0.0008932400   -0.0007153700   -0.0171043000
  -0.0024383500   -0.0039655600   -0.0176728000
   0.0228641600   -0.0149941300   -0.0527994500
   0.0002520000    0.0008633000   -0.0179309300
  -0.0007585100   -0.0011911900   -0.0170385100
  -0.0007047500   -0.0008489600   -0.0167204200
  -0.0003808200   -0.0000124200   -0.0173768700
   0.0009311000   -0.0015165400   -0.0169029900
  -0.0010639000   -0.0010552000   -0.0171845500
  -0.0009830200   -0.0010802600   -0.0170255800
  -0.0007798000   -0.0010518200   -0.0168379200
  -0.0007240200   -0.0008511600   -0.0166919800
  -0.0007220700   -0.0008723200   -0.0166323600
  -0.0006498900   -0.0008677000   -0.0167489100
  -0.0006831600   -0.0008158400   -0.0167511100
  -0.0007468800   -0.0008634700   -0.0167227600
  -0.0006471800   -0.0008663700   -0.0167014200
  -0.0020581800    0.0002448600   -0.0169002600
  -0.0007531300   -0.0008002400   -0.0167541100
  -0.0007095700   -0.0007901300   -0.0169001300
  -0.0004470700   -0.0009082900   -0.0171007700
  -0.0002101300   -0.0001186100   -0.0173685400

26   
  0.0083828654666698   0.0054522992001279   0.0000000000000000
   0.0063450700   -0.0003606000   -0.0541505900
   0.0027160600    0.0040906000   -0.0343231200
   0.0021369800   -0.0001161200   -0.0461723400
  -0.0019104500   -0.0007586000   -0.0467134500
   0.0007022200   -0.0003234900   -0.0464482500
   0.0010675600   -0.0010373200   -0.0461691700
   0.0003962000   -0.0003637700   -0.0468360300
  -0.0002811100    0.0010708300   -0.0462776000
   0.0006136900   -0.0005739400   -0.0467015500
   0.0002896900   -0.0014097900   -0.0467110300
   0.0001142400   -0.0005667200   -0.0465235100
   0.0000885100   -0.0010452000   -0.0469807600
  -0.0003833900   -0.0009445900   -0.0460286200
   0.0007130300   -0.0016726900   -0.0468228300
  -0.0003929000   -0.0005819300   -0.0464066600
  -0.0002404700   -0.0010971100   -0.0468969500
  -0.0003317900   -0.0007600100   -0.0463260600
   0.0001308500   -0.0005183400   -0.0474627400
  -0.0005149400   -0.0001447200   -0.0468130700
   0.0001654900   -0.0002663100   -0.0468174000
  -0.0003429500    0.0012663800   -0.0492917600
  -0.0017183400    0.0000538000   -0.0477840300
  -0.0007265700   -0.0013052500   -0.0464496200
   0.0010414000   -0.0010014800   -0.0466617900
   0.0012720700    0.0008802400   -0.0478111900
  -0.0651027400   -0.0196853000    0.0623833700
   0.0065179200    0.0070880100    0.0626029100
   0.0005596000    0.0014507000    0.0636894400
   0.0003066900    0.0018630600    0.0630783900
   0.0072355500    0.0046668900    0.0646841200
   0.0134231600   -0.0029607600    0.0620138200
   0.0041702500    0.0051050300    0.0632437200
   0.0018307600    0.0034361200    0.0643555300
  -0.0005319500    0.0010319800    0.0635391500
   0.0044813500    0.0013372600    0.0625262400
   0.0007407600    0.0026909300    0.0626825300
   0.0003371700    0.0015452700    0.0637874300
   0.0011287300    0.0018170500    0.0633564300
   0.0008961500    0.0008921000    0.0633710100
   0.0009277700    0.0019269300    0.0637649500
   0.0011354800    0.0020949400    0.0640771100
   0.0009244300    0.0019287700    0.0628975100
   0.0008566400    0.0009589100    0.0636489100
   0.0013967800    0.0014140900    0.0635533000
   0.0000475200    0.0019866600    0.0630580600
   0.0155713000   -0.0062380500    0.0630044500
   0.0042222600    0.0017625700    0.0640938700
  -0.0004808700    0.0009664100    0.0634783400
   0.0018115400    0.0034117800    0.0625088100
   0.0028277300    0.0069502000    0.0649722300
  -0.0002696700   -0.0002964300   -0.0182340300
  -0.0005566000    0.0001273000   -0.0163846200
  -0.0005271000   -0.0007131200   -0.0168261500
  -0.0007220300   -0.0008147300   -0.0167642600
  -0.0010112700   -0.0012360900   -0.0164927900
  -0.0014968700   -0.0008319000   -0.0155433100
  -0.0002666800   -0.0005553500   -0.0170801000
  -0.0007850000   -0.0009327800   -0.0169113800
  -0.0006974800   -0.0008786200   -0.0167304100
  -0.0006713500   -0.0007312200   -0.0169227200
  -0.0005658100   -0.0006697000   -0.0168840600
  -0.0008309500   -0.0007134700   -0.0166227300
  -0.0005718000   -0.0008708000   -0.0168887400
  -0.0006010000   -0.0007454900   -0.0167305000
  -0.0005353900   -0.0007855100   -0.0164892300
  -0.0005236000   -0.0008776600   -0.0167219600
  -0.0007926800   -0.0009404200   -0.0167315800
  -0.0002902500   -0.0009371800   -0.0167920600
  -0.0006768700   -0.0009710200   -0.0167346000
  -0.0006034200   -0.0009430300   -0.0169089300
  -0.0007759900   -0.0010237600   -0.0165627800
  -0.0001097500   -0.0011450600   -0.0167289600
  -0.0007324700   -0.0005372500   -0.0167286700
  -0.0007030900   -0.0008687200   -0.0168817400
  -0.0008670000   -0.0010634500   -0.0164952200

26   
 -0.0083828654666698  -0.0054522992001279   0.0000000000000000
  -0.0064778000   -0.0011902800   -0.0391454400
  -0.0027365600   -0.0056358300   -0.0590046900
  -0.0021152100   -0.0014631500   -0.0472978300
   0.0018974000   -0.0008247600   -0.0467632500
  -0.0007849700   -0.0012657800   -0.0470277400
  -0.0010908300   -0.0005471800   -0.0473081900
  -0.0004373700   -0.0012217000   -0.0466483300
   0.0002478900   -0.0026362500   -0.0471950300
  -0.0006371600   -0.0010059000   -0.0467794100
  -0.0002896800   -0.0001805400   -0.0467582100
  -0.0001340300   -0.0010140500   -0.0469509700
  -0.0001136600   -0.0005437100   -0.0464962200
   0.0003550900   -0.0006328400   -0.0474481100
  -0.0007335600    0.0000938100   -0.0466541400
   0.0003609600   -0.0010012400   -0.0470719400
   0.0002189400   -0.0004821200   -0.0465680000
   0.0003008900   -0.0008304700   -0.0471452600
  -0.0001511600   -0.0010756600   -0.0460157400
   0.0004898500   -0.0014522900   -0.0466661100
  -0.0001782800   -0.0013354800   -0.0466486100
   0.0003429700   -0.0028131900   -0.0442636300
   0.0016490300   -0.0016321200   -0.0457265600
   0.0006862600   -0.0002711600   -0.0470279000
  -0.0010706000   -0.0005895000   -0.0468151300
  -0.0012794100   -0.0024523900   -0.0456818700
   0.0667319200    0.0228244300    0.0642743000
  -0.0044785900   -0.0033054300    0.0643693500
   0.0008968800    0.0018976300    0.0632598200
   0.0011625400    0.0015127300    0.0638688000
  -0.0063874900   -0.0016879700    0.0622839000
  -0.0120931500    0.0064941300    0.0649528300
  -0.0026720300   -0.0015778600    0.0637032500
  -0.0003463900   -0.0000523300    0.0625695200
   0.0019792500    0.0023351900    0.0633854300
  -0.0030245600    0.0020162500    0.0643954500
   0.0007110400    0.0006691600    0.0642492600
   0.0011428900    0.0017928500    0.0631333200
   0.0003244200    0.0015490200    0.0635778600
   0.0005682300    0.0024631000    0.0635646900
   0.0005365700    0.0014350300    0.0631603100
   0.0003339900    0.0012597200    0.0628500700
   0.0005333800    0.0014366300    0.0640309500
   0.0006083100    0.0024075100    0.0632885200
   0.0000728600    0.0019449000    0.0633771800
   0.0013990700    0.0013949300    0.0638639700
  -0.0139807500    0.0094222700    0.0639314700
  -0.0027388000    0.0016038500    0.0628185800
   0.0019505800    0.0023921900    0.0634431500
  -0.0003647600   -0.0000780000    0.0644129600
  -0.0013899300   -0.0037675500    0.0619408500
  -0.0011203100   -0.0015467900   -0.0152593000
  -0.0008507000   -0.0019588500   -0.0170366600
  -0.0008321600   -0.0011260300   -0.0166428000
  -0.0006882800   -0.0010481500   -0.0166860400
  -0.0003405000   -0.0005859400   -0.0169621700
  -0.0000263500   -0.0009002300   -0.0179090800
  -0.0011985100   -0.0011368700   -0.0163844000
  -0.0007354000   -0.0007879300   -0.0165662000
  -0.0007795200   -0.0008313600   -0.0167089400
  -0.0008175100   -0.0009532500   -0.0165493800
  -0.0008224000   -0.0011797100   -0.0165689900
  -0.0005905200   -0.0011171000   -0.0168171900
  -0.0008087100   -0.0009486900   -0.0165584000
  -0.0008010700   -0.0010877500   -0.0167212800
  -0.0008833700   -0.0010270800   -0.0169597700
  -0.0009481700   -0.0009074200   -0.0167487100
  -0.0006208500   -0.0008245900   -0.0167118100
  -0.0011485300   -0.0008390100   -0.0166983800
  -0.0007918000   -0.0008102500   -0.0167107000
  -0.0008016300   -0.0008157100   -0.0165616600
  -0.0006876900   -0.0007200500   -0.0168762100
  -0.0013613200   -0.0005791900   -0.0167202400
  -0.0007685100   -0.0011892000   -0.0167172800
  -0.0007501100   -0.0008364900   -0.0165606100
  -0.0006205700   -0.0006209600   -0.0169613100

26   
 -0.0086627951907802   0.0049955960087456   0.0000000000000000
  -0.0049864100   -0.0004503800   -0.0411947100
   0.0001058000   -0.0008825300   -0.0467978600
  -0.0004388900   -0.0007664400   -0.0468486000
   0.0008475600   -0.0006263300   -0.0468550200
  -0.0004181400   -0.0008516200   -0.0471463600
  -0.0013630000   -0.0009141700   -0.0475480700
   0.0012677900   -0.0024328100   -0.0477814400
  -0.0002516700   -0.0004398400   -0.0466209800
  -0.0008418300   -0.0003192000   -0.0467392600
   0.0000813100   -0.0003611100   -0.0463942500
  -0.0000024800   -0.0007910900   -0.0467302000
   0.0000826300   -0.0008013400   -0.0460214400
   0.0002923200   -0.0015805900   -0.0472025200
   0.0002752100   -0.0016159500   -0.0466148900
  -0.0003432900   -0.0010839900   -0.0470763400
  -0.0005877400    0.0004394500   -0.0459302000
   0.0000410300   -0.0008801300   -0.0474591000
   0.0000218000   -0.0008135700   -0.0467362000
  -0.0002359100   -0.0006186700   -0.0465713500
  -0.0001604600   -0.0004128900   -0.0463218600
  -0.0027626300    0.0032724600   -0.0522117600
   0.0019897500   -0.0010905600   -0.0457228200
   0.0008197100   -0.0006591700   -0.0462761800
  -0.0002738600   -0.0006839100   -0.0469027600
  -0.0005256300   -0.0004893700   -0.0467391100
   0.0895532500   -0.0493544800    0.0634113000
  -0.0039720000    0.0010975700    0.0641909400
   0.0008224200    0.0023786300    0.0631057300
   0.0005818000    0.0019769500    0.0639972400
  -0.0028637500    0.0031295400    0.0638242200
  -0.0296389000    0.0170431900    0.0646200600
  -0.0011196700    0.0061359900    0.0627497300
   0.0005974100    0.0017554300    0.0634595200
   0.0012716300    0.0021188000    0.0632718800
  -0.0027377100    0.0015687600    0.0640460700
   0.0008683000    0.0011929300    0.0650012800
  -0.0006676200    0.0051793100    0.0638010500
   0.0001608500    0.0012523900    0.0638215700
   0.0006212300    0.0009862700    0.0636555200
   0.0006452600    0.0017389200    0.0634615500
   0.0012668700    0.0017783500    0.0619224200
   0.0006409700    0.0017250700    0.0634620900
   0.0005863300    0.0009245700    0.0632849700
   0.0004131900    0.0016630000    0.0629329900
  -0.0009252700    0.0047486600    0.0628738600
  -0.0264361800    0.0194704100    0.0624022500
  -0.0029990400    0.0011420500    0.0631150300
   0.0013118900    0.0021865800    0.0636438200
   0.0005959100    0.0017611600    0.0634598600
  -0.0023215500    0.0039454100    0.0631284900
  -0.0007997100   -0.0008624900   -0.0167588200
  -0.0008435800   -0.0014679600   -0.0174587100
  -0.0008785500   -0.0010136900   -0.0168163800
  -0.0007977000   -0.0010515200   -0.0166956200
  -0.0004562900   -0.0008014200   -0.0167255900
  -0.0000736600   -0.0010247700   -0.0178519200
  -0.0003342900   -0.0004476700   -0.0159815900
  -0.0007840700   -0.0008382200   -0.0167352600
  -0.0006725600   -0.0006379300   -0.0167128100
  -0.0009383800   -0.0009051300   -0.0167240000
  -0.0009439000   -0.0009951400   -0.0165381700
  -0.0011965100   -0.0006981100   -0.0168336300
  -0.0007092200   -0.0006916600   -0.0166423900
  -0.0008568900   -0.0010782300   -0.0167335500
  -0.0008818900   -0.0008076400   -0.0167250300
  -0.0007936600   -0.0006514000   -0.0169231200
  -0.0006187800   -0.0009325600   -0.0167199000
  -0.0008927400   -0.0006381500   -0.0167004800
  -0.0006770000   -0.0007552000   -0.0167521600
  -0.0007469700   -0.0006828900   -0.0167501900
  -0.0002463400   -0.0013867900   -0.0155900700
  -0.0011704900   -0.0005516700   -0.0166138700
  -0.0010549200   -0.0008413400   -0.0167691100
  -0.0007833500   -0.0008264300   -0.0167220300
  -0.0007371600   -0.0011037100   -0.0167258000

26   
  0.0086627951907802  -0.0049955960087456   0.0000000000000000
   0.0048789200   -0.0011400300   -0.0522003100
  -0.0001486100   -0.0007401300   -0.0468072700
   0.0004158100   -0.0008247400   -0.0466211100
  -0.0008670300   -0.0009573200   -0.0466155400
   0.0003938600   -0.0007326700   -0.0463215100
   0.0013461900   -0.0006760900   -0.0459297600
  -0.0012686000    0.0007844900   -0.0457248100
   0.0002274500   -0.0011508200   -0.0468483700
   0.0008171000   -0.0012755100   -0.0467386700
  -0.0000964900   -0.0012272400   -0.0470754500
  -0.0000159500   -0.0007831700   -0.0467290400
  -0.0001123100   -0.0007908100   -0.0474595200
  -0.0003123300   -0.0000057400   -0.0462773600
  -0.0002984000    0.0000345700   -0.0468548800
   0.0003168700   -0.0004954500   -0.0463940100
   0.0005638100   -0.0020253300   -0.0475476100
  -0.0000653500   -0.0007166800   -0.0460224500
  -0.0000436400   -0.0007774500   -0.0467361800
   0.0002171500   -0.0009675000   -0.0469032300
   0.0001421400   -0.0011753200   -0.0471454400
   0.0027780800   -0.0049337700   -0.0411831800
  -0.0020754400   -0.0005081100   -0.0477830400
  -0.0008463600   -0.0009230000   -0.0472032500
   0.0002516000   -0.0008992000   -0.0465706900
   0.0005090200   -0.0010850400   -0.0467383000
  -0.0879308700    0.0529918400    0.0634025200
   0.0055208900    0.0023156700    0.0627494300
   0.0006427800    0.0009740700    0.0638217300
   0.0008772200    0.0013962600    0.0629328700
   0.0042229900    0.0001747900    0.0631281600
   0.0297351200   -0.0129237900    0.0624023200
   0.0025838600   -0.0026760400    0.0641906500
   0.0008684700    0.0015988300    0.0634595000
   0.0001834400    0.0012352200    0.0636554900
   0.0042210700    0.0017840500    0.0628744600
   0.0005481700    0.0021935200    0.0619224200
   0.0021331600   -0.0018164000    0.0631139400
   0.0012863300    0.0021116900    0.0631060500
   0.0008408200    0.0023704900    0.0632717500
   0.0008211600    0.0016388000    0.0634608200
   0.0002396400    0.0015527800    0.0650013900
   0.0008169700    0.0016252000    0.0634624300
   0.0008788200    0.0024352300    0.0636432700
   0.0010626400    0.0016968600    0.0639969700
   0.0023755800   -0.0013797400    0.0640467300
   0.0292394800   -0.0169097800    0.0646200700
   0.0044590100    0.0022229800    0.0638000000
   0.0001506400    0.0011763500    0.0632847100
   0.0008677400    0.0016058700    0.0634600200
   0.0037867000   -0.0006970300    0.0638237800
  -0.0005842300   -0.0009869100   -0.0167606000
  -0.0005616000   -0.0003824000   -0.0159761500
  -0.0004862200   -0.0008283900   -0.0166537200
  -0.0006175900   -0.0008150700   -0.0167553900
  -0.0009093500   -0.0010395700   -0.0167218200
  -0.0014547700   -0.0006974700   -0.0155895700
  -0.0011332100   -0.0012352200   -0.0174616300
  -0.0007279700   -0.0008702200   -0.0167353600
  -0.0007988700   -0.0010696500   -0.0167263800
  -0.0005471700   -0.0007800300   -0.0167522500
  -0.0004550100   -0.0008545100   -0.0169157600
  -0.0002321700   -0.0011365300   -0.0166098800
  -0.0006729300   -0.0011240400   -0.0168047500
  -0.0005463800   -0.0007529400   -0.0167199800
  -0.0005370300   -0.0010068600   -0.0167252300
  -0.0006692200   -0.0011455900   -0.0165465100
  -0.0007921500   -0.0008322800   -0.0167193000
  -0.0005487500   -0.0011394300   -0.0167903800
  -0.0007914600   -0.0010291000   -0.0166923900
  -0.0006590300   -0.0010849600   -0.0167216900
  -0.0012220900   -0.0003575400   -0.0178522400
  -0.0003097900   -0.0011675500   -0.0168380200
  -0.0004489600   -0.0008885800   -0.0166792800
  -0.0006754100   -0.0008886300   -0.0167222700
  -0.0007579700   -0.0005921900   -0.0167299300

26   
  0.0000000000000000   0.0000000000000000   0.0100000000000000
  -0.0005562700   -0.0018719400   -0.0386073500
   0.0028919300    0.0042427100   -0.0318466400
   0.0008307800   -0.0004625600   -0.0455205600
   0.0000593400   -0.0007604000   -0.0463935100
  -0.0010781300   -0.0012743800   -0.0464612500
  -0.0033273000   -0.0000108500   -0.0459866900
   0.0008566900   -0.0005844200   -0.0469936300
  -0.0001456900    0.0000999000   -0.0455216000
   0.0001854500   -0.0004535300   -0.0471468700
   0.0000291500   -0.0008528600   -0.0470267800
   0.0003889900   -0.0000947600   -0.0474298300
   0.0005157200   -0.0019548000   -0.0467799500
   0.0003839300   -0.0008622800   -0.0471428900
  -0.0000188500   -0.0007153600   -0.0463932600
  -0.0000828300   -0.0007872100   -0.0470276600
   0.0023303500   -0.0032749800   -0.0459860000
  -0.0012798700   -0.0009197100   -0.0467790100
   0.0000989400   -0.0006049800   -0.0461694300
   0.0001368700   -0.0012940200   -0.0471228000
   0.0001081000   -0.0019589100   -0.0464600200
  -0.0006662500   -0.0018173800   -0.0385860400
  -0.0002730000    0.0000634500   -0.0469964800
  -0.0002707700   -0.0004844600   -0.0471428200
  -0.0005178500   -0.0009162000   -0.0471221800
  -0.0007184800   -0.0020182100   -0.0453316700
   0.0001862000    0.0007442200    0.0160368300
   0.0011668000    0.0031597700    0.0654747000
   0.0001847100    0.0017956400    0.0637123500
   0.0010677700    0.0015536900    0.0637124900
  -0.0001830400    0.0015125500    0.0654743600
   0.0012197900    0.0001459900    0.0624279000
   0.0017927400    0.0027972200    0.0654762800
   0.0001973000    0.0007481100    0.0633404400
   0.0006275200    0.0018673900    0.0635011400
   0.0013020400    0.0019782300    0.0641971800
   0.0020064800    0.0008342500    0.0649908500
   0.0008632300    0.0007347100    0.0641964900
   0.0011012600    0.0012679600    0.0637124700
   0.0009454400    0.0016872200    0.0635016100
   0.0004119500    0.0011314400    0.0623364500
  -0.0006402000    0.0023593300    0.0649909100
   0.0008999300    0.0019723500    0.0623389300
   0.0005581400    0.0017679800    0.0635025300
   0.0004532700    0.0019053600    0.0637124600
   0.0007051500    0.0023218300    0.0641976100
  -0.0008415100    0.0013359200    0.0624278500
  -0.0001540800    0.0013211700    0.0641961200
   0.0008945400    0.0015742500    0.0635021700
   0.0012354000    0.0025567500    0.0633392100
   0.0010432900    0.0008073500    0.0654758700
  -0.0024565200   -0.0039848200   -0.0116865200
  -0.0001755400   -0.0001457300   -0.0169211600
  -0.0006404000   -0.0007125100   -0.0167444800
  -0.0007018000   -0.0007624900   -0.0167187400
  -0.0007759300   -0.0008931400   -0.0168414500
   0.0002496600    0.0002013700   -0.0181791100
  -0.0003244500    0.0000028100   -0.0169280100
  -0.0006499600   -0.0006703000   -0.0167398000
  -0.0006056700   -0.0009893200   -0.0168255600
  -0.0003397300   -0.0008232000   -0.0167531500
  -0.0002201900   -0.0014938500   -0.0164607600
  -0.0011929500   -0.0005109800   -0.0161405400
  -0.0005316200   -0.0007677000   -0.0167332600
  -0.0008838500   -0.0008706800   -0.0168324800
  -0.0007791900   -0.0010290200   -0.0165653800
  -0.0014636700   -0.0007692600   -0.0164680000
  -0.0006961000   -0.0008653400   -0.0170762300
  -0.0010957100   -0.0006813700   -0.0167959000
  -0.0005893100   -0.0008016000   -0.0167157300
  -0.0008882900   -0.0005254700   -0.0167507500
  -0.0003235000    0.0005380800   -0.0181808200
  -0.0001479000   -0.0010716100   -0.0161448900
  -0.0003848500   -0.0010858300   -0.0167749200
  -0.0006304500   -0.0006859000   -0.0169766400
  -0.0006771500   -0.0009146700   -0.0168460000

26   
  0.0000000000000000   0.0000000000000000  -0.0100000000000000
   0.0003069200    0.0002887600   -0.0544816900
  -0.0027493800   -0.0055436000   -0.0611020500
  -0.0008524500   -0.0011222800   -0.0479439500
  -0.0000782100   -0.0008231800   -0.0470765200
   0.0010366000   -0.0003140000   -0.0470129200
   0.0033013100   -0.0015784100   -0.0474964800
  -0.0008321100   -0.0010729700   -0.0464927700
   0.0001262600   -0.0016861600   -0.0479425500
  -0.0002071600   -0.0011359300   -0.0463280600
  -0.0000489700   -0.0007376400   -0.0464428500
  -0.0004083600   -0.0014811400   -0.0460394900
  -0.0005421500    0.0003661500   -0.0466899300
  -0.0004055600   -0.0007159700   -0.0463286100
  -0.0000045600   -0.0008654500   -0.0470759900
   0.0000568700   -0.0007973200   -0.0464426000
  -0.0023487800    0.0016816100   -0.0474971400
   0.0012569400   -0.0006725200   -0.0466914500
  -0.0001190200   -0.0009829600   -0.0473025000
  -0.0001600500   -0.0002976600   -0.0463528000
  -0.0001213100    0.0003536900   -0.0470135900
   0.0007592400    0.0000364400   -0.0545023200
   0.0001666700   -0.0016446800   -0.0464894500
   0.0002519600   -0.0010950800   -0.0463282400
   0.0004930500   -0.0006735000   -0.0463522700
   0.0007012800    0.0004427700   -0.0481471500
   0.0012519600    0.0025748500    0.1094257700
   0.0002469500    0.0001713800    0.0614723500
   0.0012790000    0.0015626000    0.0632167600
   0.0003889200    0.0018097300    0.0632168800
   0.0016893500    0.0018738100    0.0614719600
   0.0003828100    0.0031327100    0.0645202600
  -0.0003318500    0.0005046500    0.0614708100
   0.0012647100    0.0025993900    0.0635871000
   0.0008274600    0.0014953900    0.0634243900
   0.0001679300    0.0013826700    0.0627276800
  -0.0005653900    0.0025378500    0.0619283600
   0.0005974000    0.0026215900    0.0627262400
   0.0003515000    0.0020976300    0.0632168100
   0.0005242200    0.0016738600    0.0634238200
   0.0010471700    0.0022336200    0.0645762800
   0.0021219700    0.0009859100    0.0619284100
   0.0005614200    0.0013838300    0.0645787400
   0.0009015300    0.0015952200    0.0634247200
   0.0010152600    0.0014475700    0.0632167800
   0.0007588600    0.0010395500    0.0627273200
   0.0021626700    0.0021074200    0.0645202100
   0.0016108300    0.0020363000    0.0627266500
   0.0005736700    0.0017856200    0.0634253800
   0.0002340800    0.0008203300    0.0635858600
   0.0004191100    0.0026093400    0.0614703600
   0.0010357400    0.0020715400   -0.0217045400
  -0.0012159000   -0.0016704500   -0.0164825700
  -0.0007198700   -0.0011291300   -0.0167278100
  -0.0007118200   -0.0011018400   -0.0167321100
  -0.0005844700   -0.0009390100   -0.0166131500
  -0.0017512800   -0.0019267400   -0.0152626500
  -0.0011203400   -0.0016567500   -0.0164841300
  -0.0008608600   -0.0010360500   -0.0167360700
  -0.0008668000   -0.0007177100   -0.0166140100
  -0.0011420700   -0.0008591700   -0.0167205100
  -0.0011724500   -0.0003581000   -0.0169917800
  -0.0002426100   -0.0013149700   -0.0173057100
  -0.0008523900   -0.0010438800   -0.0167160800
  -0.0005184300   -0.0009611100   -0.0166214300
  -0.0006388200   -0.0007839100   -0.0168855600
  -0.0000043300   -0.0010234700   -0.0170002300
  -0.0007165900   -0.0009025600   -0.0163674700
  -0.0003450200   -0.0010939600   -0.0166943500
  -0.0008780300   -0.0009801100   -0.0167286300
  -0.0005171500   -0.0012377500   -0.0167185400
  -0.0011610700   -0.0022607600   -0.0152617800
  -0.0013213800   -0.0006492100   -0.0173097300
  -0.0011174500   -0.0006423000   -0.0166728400
  -0.0008242600   -0.0010221500   -0.0164679600
  -0.0008129400   -0.0007722600   -0.0166169100

51   
  0.0083828654666698   0.0054522992001279   0.0000000000000000
   0.0141867200   -0.0077495900   -0.0335959700
  -0.0000513400   -0.0026652400   -0.0435464400
   0.0007416000   -0.0002539500   -0.0466922900
  -0.0004475800   -0.0011154300   -0.0468116900
   0.0008405000   -0.0000882900   -0.0465845600
   0.0009982800   -0.0006287100   -0.0462321000
  -0.0005835500    0.0004592500   -0.0475804400
   0.0002374500    0.0005123900   -0.0469394000
   0.0000481400   -0.0005354900   -0.0468144000
  -0.0003139100   -0.0007743600   -0.0467584500
  -0.0004567800   -0.0009478200   -0.0467618100
   0.0002306900   -0.0008367700   -0.0467916300
   0.0000507800   -0.0014142000   -0.0467428900
   0.0000335300   -0.0013106300   -0.0468074200
   0.0000330100   -0.0009204600   -0.0467943800
   0.0003819400    0.0001814800   -0.0477820100
  -0.0001673900   -0.0005652300   -0.0467531400
   0.0002046700   -0.0004186100   -0.0465962800
   0.0001287800    0.0003473100   -0.0463989800
   0.0001536200   -0.0001660100   -0.0463686400
   0.0153117200   -0.0095012800   -0.0591424600
   0.0026065800   -0.0008120200   -0.0475030700
  -0.0005912300   -0.0012648700   -0.0467672400
   0.0007053400   -0.0004252300   -0.0465489900
  -0.0002035600   -0.0023380000   -0.0484874500
   0.0011572500    0.0023027300    0.0603633600
   0.0003153400    0.0014678800    0.0633965000
   0.0008435200    0.0015965800    0.0635625000
   0.0009961100    0.0017121200    0.0636092600
   0.0013636700    0.0019605300    0.0643080100
   0.0005787600    0.0016846200    0.0645767500
   0.0006823600    0.0013358000    0.0634808700
   0.0007548100    0.0016585000    0.0636415000
   0.0009870800    0.0016388300    0.0636524800
   0.0010606100    0.0018594000    0.0638440600
   0.0007851100    0.0019409900    0.0629216100
   0.0007126800    0.0017960600    0.0635058700
   0.0006558100    0.0018022600    0.0636351100
   0.0009227400    0.0020009200    0.0632641900
   0.0006430100    0.0016231000    0.0634855900
   0.0010189200    0.0016938100    0.0635521400
   0.0009058900    0.0017998400    0.0633381800
   0.0009678500    0.0016455400    0.0633375500
   0.0007380000    0.0018940800    0.0636758100
   0.0009122600    0.0014161500    0.0632841000
   0.0001018800    0.0015559000    0.0648859800
   0.0009238700    0.0016117500    0.0638131000
   0.0006379100    0.0018634400    0.0635004900
   0.0007055800    0.0016121800    0.0636485600
   0.0007074100    0.0027326600    0.0642458000
  -0.0419448100    0.0043684900   -0.0204356400
   0.0026331900    0.0007206200   -0.0176859200
  -0.0007636400   -0.0009120300   -0.0167371300
  -0.0007490600   -0.0009790800   -0.0167107100
   0.0026163700    0.0005707400   -0.0153754300
  -0.0007907500   -0.0013258300   -0.0157919900
  -0.0010928100    0.0008887100   -0.0170557400
  -0.0010782400   -0.0012307600   -0.0170828200
  -0.0007344900   -0.0008748600   -0.0166818300
  -0.0004645800   -0.0008380900   -0.0166148600
  -0.0006609200   -0.0008919500   -0.0167723400
  -0.0007116600   -0.0008981500   -0.0167050300
  -0.0006906000   -0.0009576400   -0.0167186000
  -0.0006797300   -0.0010001600   -0.0167227600
  -0.0006461500   -0.0008656200   -0.0166872400
  -0.0007129500   -0.0008440600   -0.0166792800
  -0.0006432900   -0.0008424600   -0.0167812900
  -0.0007410700   -0.0009064300   -0.0167774900
  -0.0007723000   -0.0008821200   -0.0167312000
  -0.0007498200   -0.0007901600   -0.0167331600
  -0.0013494300   -0.0004534100   -0.0170920600
  -0.0005130500   -0.0007797200   -0.0168682200
  -0.0007049300   -0.0009487000   -0.0167844800
  -0.0010517500   -0.0012426300   -0.0163273600
  -0.0011599600    0.0009413700   -0.0161746400

51   
 -0.0083828654666698  -0.0054522992001279   0.0000000000000000
  -0.0141901500    0.0064643000   -0.0600748100
  -0.0000127600    0.0009461600   -0.0498707900
  -0.0007600300   -0.0013312600   -0.0467717700
   0.0004280800   -0.0004679100   -0.0466644400
  -0.0009145900   -0.0015226100   -0.0468998300
  -0.0010255800   -0.0009572000   -0.0472514900
   0.0005494900   -0.0020358400   -0.0458938100
  -0.0002584600   -0.0020922500   -0.0465275700
  -0.0000666200   -0.0010483500   -0.0466621500
   0.0002894500   -0.0008143400   -0.0467177300
   0.0004313600   -0.0006429300   -0.0467175700
  -0.0002546700   -0.0007490500   -0.0466854200
  -0.0000785200   -0.0001698800   -0.0467329700
  -0.0000577000   -0.0002755900   -0.0466684900
  -0.0000534800   -0.0006680600   -0.0466835700
  -0.0004002800   -0.0017658800   -0.0456995400
   0.0001399800   -0.0010180200   -0.0467232200
  -0.0002254700   -0.0011747400   -0.0468790700
  -0.0001492000   -0.0019456500   -0.0470711100
  -0.0001669500   -0.0014377900   -0.0471075400
  -0.0154516200    0.0077340000   -0.0343840400
  -0.0025519400   -0.0007641700   -0.0459939700
   0.0005678700   -0.0003289000   -0.0467109200
  -0.0007355200   -0.0011586000   -0.0469184700
   0.0002211800    0.0008666900   -0.0449303000
   0.0003059600    0.0010526900    0.0665928900
   0.0011409200    0.0018795500    0.0635321600
   0.0006164900    0.0017635400    0.0633692100
   0.0004631700    0.0016489700    0.0633156100
   0.0000806400    0.0013941100    0.0626049300
   0.0008699700    0.0016758400    0.0623486600
   0.0007731600    0.0020169700    0.0634449500
   0.0007077100    0.0016903800    0.0632958300
   0.0004755700    0.0017173300    0.0632803600
   0.0004091200    0.0015022000    0.0630908000
   0.0006772600    0.0014237100    0.0640065200
   0.0007472000    0.0015650500    0.0634287700
   0.0008007800    0.0015629100    0.0632959300
   0.0005399500    0.0013675900    0.0636686800
   0.0008143700    0.0017391200    0.0634482800
   0.0004444600    0.0016718700    0.0633732900
   0.0005578100    0.0015578500    0.0635897100
   0.0005011400    0.0017126800    0.0635947200
   0.0007281900    0.0014664000    0.0632565200
   0.0005533300    0.0019335800    0.0636425900
   0.0013710500    0.0017966900    0.0620484700
   0.0005446200    0.0017475100    0.0631210200
   0.0008223500    0.0015004600    0.0634298700
   0.0007547800    0.0017570100    0.0632724100
   0.0007640200    0.0006309300    0.0626741600
   0.0406441800   -0.0063001300   -0.0128772500
  -0.0039512600   -0.0024936700   -0.0157569000
  -0.0006022400   -0.0009337100   -0.0167343600
  -0.0006636000   -0.0008839800   -0.0167419400
  -0.0040751300   -0.0024792100   -0.0180801300
  -0.0007102700   -0.0003938400   -0.0176492400
  -0.0003691900   -0.0025432800   -0.0163840200
  -0.0004320800   -0.0004669900   -0.0163937500
  -0.0007388200   -0.0008331400   -0.0167587300
  -0.0010155300   -0.0008439900   -0.0168577400
  -0.0007254400   -0.0009592000   -0.0166829400
  -0.0007124100   -0.0009325100   -0.0167395200
  -0.0006913800   -0.0008584000   -0.0167285700
  -0.0007218600   -0.0008287300   -0.0167321600
  -0.0007710100   -0.0009463100   -0.0167622700
  -0.0007571800   -0.0009424700   -0.0167925600
  -0.0007680500   -0.0009233100   -0.0166615200
  -0.0006973000   -0.0008670700   -0.0167140800
  -0.0006970500   -0.0008997900   -0.0167122200
  -0.0006547300   -0.0009718600   -0.0167364900
  -0.0001291500   -0.0012738400   -0.0163487600
  -0.0009680300   -0.0009331600   -0.0165843900
  -0.0007951100   -0.0007749700   -0.0166647500
  -0.0004056500   -0.0004787700   -0.0171214000
  -0.0003295500   -0.0026547500   -0.0172700700

51   
 -0.0086627951907802   0.0049955960087456   0.0000000000000000
  -0.0328585100    0.0172094200   -0.0757238500
  -0.0017132700    0.0001582700   -0.0467440200
   0.0002623400   -0.0004376300   -0.0470061300
  -0.0000476000   -0.0006782500   -0.0467328700
  -0.0004626000   -0.0010776700   -0.0465071000
  -0.0004310800   -0.0000531100   -0.0484716700
  -0.0008356100    0.0002747200   -0.0466429300
  -0.0001872900   -0.0012221100   -0.0464647500
   0.0001396200   -0.0008797000   -0.0467359000
   0.0001759600   -0.0008445400   -0.0467770200
   0.0005765200   -0.0011315600   -0.0467384800
   0.0000191100   -0.0007644400   -0.0466976100
  -0.0002100000   -0.0009181500   -0.0467628400
  -0.0001289900   -0.0008182600   -0.0467418000
   0.0001272100   -0.0009303100   -0.0466993800
  -0.0008229100   -0.0008219100   -0.0450536300
  -0.0000151100   -0.0008381400   -0.0467815600
  -0.0000057000   -0.0007983800   -0.0467362900
  -0.0002100000   -0.0011625800   -0.0469025700
   0.0000144700   -0.0002659200   -0.0469714000
  -0.0310975900    0.0180053900   -0.0192469600
  -0.0013472800   -0.0006202800   -0.0468365900
  -0.0000020900   -0.0005599000   -0.0467114700
   0.0002154600   -0.0004280600   -0.0465685300
  -0.0011846000   -0.0001089000   -0.0467409400
   0.0006170000    0.0017311600    0.0635003500
   0.0008862300    0.0016774100    0.0635622800
   0.0007592500    0.0017696100    0.0635462700
   0.0006408700    0.0017696900    0.0635349700
   0.0010435800    0.0019217600    0.0633907400
   0.0011224000    0.0010067000    0.0638021600
   0.0008136900    0.0015472800    0.0633734800
   0.0006789500    0.0017083300    0.0634623600
   0.0006446100    0.0020801700    0.0630378400
   0.0000259000    0.0015082400    0.0628530100
   0.0005203300    0.0016798200    0.0641612500
   0.0005783400    0.0016974700    0.0638037400
   0.0006667900    0.0016124200    0.0633854100
   0.0003415200    0.0015542400    0.0638941600
   0.0008159400    0.0016321100    0.0634653300
   0.0006368200    0.0018602000    0.0627694700
   0.0005598800    0.0017808600    0.0634659000
   0.0007000200    0.0017276500    0.0636454600
   0.0006094500    0.0017158300    0.0633952500
   0.0005232900    0.0023711400    0.0640793600
   0.0015177200    0.0016757800    0.0631306900
   0.0006429100    0.0018018100    0.0631265100
   0.0006706500    0.0016854400    0.0632837400
   0.0007040500    0.0017001200    0.0634694500
   0.0006762000    0.0012911400    0.0635301700
   0.0727106100   -0.0431760500   -0.0151949400
  -0.0024940900   -0.0020875000   -0.0160275700
  -0.0006401900   -0.0009604100   -0.0167288200
  -0.0006314300   -0.0009123800   -0.0167531300
  -0.0024166600   -0.0020014900   -0.0176084100
   0.0000353200   -0.0007073500   -0.0181676900
  -0.0006134300    0.0012910500   -0.0174156500
  -0.0005831600   -0.0009475600   -0.0167365800
  -0.0008309000   -0.0008565400   -0.0167572800
  -0.0009314600   -0.0008387500   -0.0168689600
  -0.0006925500   -0.0009160800   -0.0166150100
  -0.0007650800   -0.0006751900   -0.0168976100
  -0.0006368900   -0.0009234400   -0.0167312600
  -0.0007445400   -0.0008298300   -0.0166900200
  -0.0007736600   -0.0008694400   -0.0167257400
  -0.0007472200   -0.0008981400   -0.0168463000
  -0.0007706700   -0.0008463500   -0.0167223400
  -0.0008031100   -0.0008710000   -0.0167768400
  -0.0007145700   -0.0009688300   -0.0166949900
  -0.0007983100   -0.0007177300   -0.0166030900
  -0.0005004300   -0.0015987700   -0.0153026500
  -0.0009732600   -0.0009315200   -0.0165514800
  -0.0008075000   -0.0007994800   -0.0166935200
  -0.0005600500   -0.0009570200   -0.0167214600
  -0.0006836300    0.0012053800   -0.0158417300

51   
  0.0086627951907802  -0.0049955960087456   0.0000000000000000
   0.0318216200   -0.0182832400   -0.0192539200
   0.0016672800   -0.0017873400   -0.0467450900
  -0.0002931000   -0.0011617500   -0.0464647900
   0.0000257400   -0.0009076300   -0.0467424100
   0.0004331000   -0.0005067300   -0.0469721900
   0.0003717500   -0.0015126800   -0.0450536500
   0.0008089600   -0.0018633400   -0.0468360300
   0.0001606500   -0.0003797900   -0.0470058300
  -0.0001594400   -0.0007074600   -0.0467356400
  -0.0001990900   -0.0007433400   -0.0466993200
  -0.0006004700   -0.0004532600   -0.0467385900
  -0.0000473500   -0.0008186300   -0.0467806700
   0.0001843900   -0.0006676700   -0.0467113200
   0.0001058900   -0.0007667300   -0.0467327200
  -0.0001484100   -0.0006562800   -0.0467776300
   0.0008423400   -0.0007890700   -0.0484716400
  -0.0000012800   -0.0007533000   -0.0466972900
  -0.0000156500   -0.0007927200   -0.0467361800
   0.0001919800   -0.0004156400   -0.0465689300
  -0.0000294500   -0.0013273600   -0.0465073600
   0.0320266400   -0.0202129600   -0.0757310500
   0.0013270000   -0.0009712800   -0.0466419100
  -0.0000204800   -0.0010273300   -0.0467622800
  -0.0002303900   -0.0011509200   -0.0469018400
   0.0011700000   -0.0014629900   -0.0467401000
   0.0008327400    0.0016056600    0.0635006700
   0.0005757400    0.0016851700    0.0633735400
   0.0007011800    0.0015917300    0.0633854700
   0.0008251400    0.0015929200    0.0633957200
   0.0004202500    0.0014361200    0.0635302800
   0.0003331800    0.0023584400    0.0631296100
   0.0006510300    0.0018115100    0.0635623600
   0.0007874900    0.0016459100    0.0634623700
   0.0008156500    0.0012774400    0.0638941700
   0.0014371200    0.0018457900    0.0640807600
   0.0009357700    0.0016888200    0.0627700500
   0.0008802200    0.0016651700    0.0631264400
   0.0007911600    0.0017514100    0.0635464700
   0.0011218300    0.0018083500    0.0630377500
   0.0006429600    0.0017316200    0.0634645500
   0.0008352900    0.0014958200    0.0641619300
   0.0009055000    0.0015814400    0.0634668200
   0.0007669700    0.0016292500    0.0632837400
   0.0008545700    0.0016443100    0.0635353000
   0.0009390500    0.0009802500    0.0628544700
  -0.0000473100    0.0016831300    0.0638010200
   0.0008212600    0.0015565900    0.0638037200
   0.0007892300    0.0016771100    0.0636457700
   0.0007605400    0.0016675000    0.0634695100
   0.0007836800    0.0020740500    0.0633907500
  -0.0740561400    0.0414647400   -0.0151881900
   0.0010834300    0.0002484600   -0.0174115300
  -0.0007225600   -0.0008824000   -0.0167427000
  -0.0007833800   -0.0009550500   -0.0166980300
   0.0010628800    0.0001645700   -0.0158374400
  -0.0015099300   -0.0010230300   -0.0153022400
  -0.0008407300   -0.0029735000   -0.0160318300
  -0.0009230100   -0.0007516600   -0.0167364800
  -0.0006396300   -0.0008481600   -0.0166827400
  -0.0005504700   -0.0008421300   -0.0166049300
  -0.0006908600   -0.0009386000   -0.0168383600
  -0.0006595300   -0.0011550100   -0.0165475300
  -0.0007460800   -0.0008913500   -0.0167173200
  -0.0006558700   -0.0009996100   -0.0167643500
  -0.0006442400   -0.0009442600   -0.0167257100
  -0.0007269400   -0.0008884400   -0.0166227500
  -0.0006411600   -0.0009210100   -0.0167222500
  -0.0006357400   -0.0009043100   -0.0167147700
  -0.0007540700   -0.0008159300   -0.0167496800
  -0.0006049800   -0.0010453000   -0.0168664400
  -0.0010012000   -0.0001034700   -0.0181681500
  -0.0005043500   -0.0007824200   -0.0169020100
  -0.0006949000   -0.0009275100   -0.0167555700
  -0.0008999600   -0.0007612100   -0.0167214300
  -0.0008130800   -0.0028894500   -0.0176124300

51   
  0.0000000000000000   0.0000000000000000   0.0100000000000000
   0.0247026100   -0.0123326800   -0.0105642300
  -0.0017015200   -0.0037273200   -0.0457880000
  -0.0002817400   -0.0012140300   -0.0463582700
   0.0000045400   -0.0007164300   -0.0467339400
  -0.0000285400   -0.0008558400   -0.0462829700
  -0.0004263800   -0.0005771200   -0.0465678000
   0.0000746300   -0.0005572500   -0.0461042400
  -0.0002384900   -0.0012386200   -0.0463584600
   0.0001000800   -0.0006023100   -0.0465613900
   0.0000414600   -0.0007864300   -0.0467118100
   0.0000217200   -0.0007338000   -0.0468428200
  -0.0000755300   -0.0006319200   -0.0467731200
  -0.0000700000   -0.0007961400   -0.0467391400
   0.0000467900   -0.0007407400   -0.0467336300
  -0.0000309000   -0.0007436200   -0.0467125000
   0.0003864500   -0.0010460500   -0.0465677600
   0.0001602600   -0.0007687100   -0.0467730900
  -0.0000824500   -0.0009201300   -0.0466257500
   0.0000911600   -0.0003960300   -0.0464366900
  -0.0000555500   -0.0008404700   -0.0462825200
  -0.0223836300    0.0148234300   -0.0105582700
   0.0001499800   -0.0006003500   -0.0461043700
   0.0000141100   -0.0008444300   -0.0467389600
   0.0002822800   -0.0005054500   -0.0464359600
   0.0007909800    0.0006003800   -0.0455274800
  -0.0000982400    0.0002432500    0.0684621500
   0.0008625400    0.0019056000    0.0633519600
   0.0006899400    0.0016704100    0.0634713500
   0.0007317400    0.0015167200    0.0634548900
   0.0013553800    0.0012965700    0.0632357800
   0.0001231500    0.0028949300    0.0620080600
   0.0008602600    0.0019060400    0.0633515600
   0.0006436000    0.0015223300    0.0632107100
   0.0007536100    0.0016325100    0.0634136900
   0.0006606300    0.0017797100    0.0640467100
   0.0008541700    0.0015189200    0.0637281100
   0.0006416100    0.0014991100    0.0634467400
   0.0007399600    0.0016421000    0.0634711900
   0.0006793100    0.0016782800    0.0634139100
   0.0007240600    0.0016722600    0.0631104800
   0.0005291200    0.0017049600    0.0637275700
   0.0008627300    0.0019072300    0.0636256400
   0.0007350200    0.0016684900    0.0633590700
   0.0005901600    0.0015969000    0.0634545600
   0.0008550300    0.0016660400    0.0640469100
   0.0020868400    0.0017629800    0.0620093000
   0.0006179800    0.0015120200    0.0634465600
   0.0007202500    0.0016778000    0.0633589800
   0.0006351400    0.0015158100    0.0634621900
   0.0000866500    0.0020287800    0.0632331100
  -0.0027850500   -0.0045609900   -0.0915694100
   0.0005874200   -0.0004457600   -0.0175719400
  -0.0006565500   -0.0009321200   -0.0168241000
  -0.0007119000   -0.0009276700   -0.0168140300
  -0.0016379900   -0.0012004200   -0.0175747400
  -0.0018370500    0.0001252600   -0.0173351500
  -0.0009654200    0.0005141400   -0.0175755400
  -0.0005327000   -0.0004670100   -0.0168107800
  -0.0007877200   -0.0008810200   -0.0167844800
  -0.0009262100   -0.0008131500   -0.0168245400
  -0.0005934900   -0.0009754800   -0.0167478600
  -0.0007914300   -0.0007904400   -0.0168098300
  -0.0007135400   -0.0008912600   -0.0168125400
  -0.0006991400   -0.0009742400   -0.0167915100
  -0.0007422100   -0.0009641500   -0.0168315800
  -0.0008282600   -0.0008321700   -0.0167556600
  -0.0006849400   -0.0008468700   -0.0168282400
  -0.0007393300   -0.0008476900   -0.0168100900
  -0.0007271900   -0.0008929700   -0.0168107500
  -0.0005857400   -0.0010276600   -0.0168223700
   0.0006568600   -0.0013067800   -0.0173353600
  -0.0005913300   -0.0008628400   -0.0168140200
  -0.0007069800   -0.0008605400   -0.0167889600
  -0.0009219700   -0.0011916100   -0.0167961500
  -0.0005111100   -0.0018142400   -0.0175783700

51   
  0.0000000000000000   0.0000000000000000  -0.0100000000000000
  -0.0258026800    0.0112898800   -0.0835337900
   0.0016884300    0.0021562400   -0.0476909000
   0.0002582500   -0.0003726300   -0.0471164200
  -0.0000282700   -0.0008703900   -0.0467427900
   0.0000089800   -0.0007290700   -0.0471965000
   0.0004129300   -0.0010146700   -0.0469074900
  -0.0000983500   -0.0010359200   -0.0473741800
   0.0002183900   -0.0003501400   -0.0471158900
  -0.0001212600   -0.0009862500   -0.0469138000
  -0.0000650200   -0.0008012700   -0.0467633400
  -0.0000467500   -0.0008519300   -0.0466332800
   0.0000512800   -0.0009540200   -0.0467032800
   0.0000444600   -0.0007868000   -0.0467371300
  -0.0000706100   -0.0008458700   -0.0467423400
   0.0000092200   -0.0008427400   -0.0467632800
  -0.0004133200   -0.0005377500   -0.0469074700
  -0.0001819800   -0.0008202300   -0.0467038700
   0.0000618800   -0.0006686200   -0.0468485500
  -0.0001114600   -0.0011898900   -0.0470384500
   0.0000343300   -0.0007439800   -0.0471963800
   0.0233704800   -0.0170697500   -0.0835396900
  -0.0001764500   -0.0009904900   -0.0473735600
  -0.0000350200   -0.0007408500   -0.0467369000
  -0.0003035500   -0.0010788900   -0.0470380600
  -0.0008147500   -0.0021872600   -0.0479447600
   0.0015705500    0.0031336300    0.0584459000
   0.0005970500    0.0014530700    0.0635820800
   0.0007703600    0.0016904100    0.0634598200
   0.0007349600    0.0018481800    0.0634734000
   0.0000825500    0.0020577500    0.0636763700
   0.0013315400    0.0004622200    0.0649291900
   0.0006014700    0.0014492300    0.0635824900
   0.0008237600    0.0018345200    0.0637212300
   0.0007050500    0.0017283300    0.0635176200
   0.0008026100    0.0015775700    0.0628836700
   0.0006087200    0.0018474300    0.0631976700
   0.0008188400    0.0018637700    0.0634807900
   0.0007167800    0.0017218200    0.0634601600
   0.0007868200    0.0016850000    0.0635172900
   0.0007347800    0.0016922900    0.0638211100
   0.0009367900    0.0016562900    0.0631983200
   0.0005990500    0.0014498100    0.0633072500
   0.0007318800    0.0016903900    0.0635719200
   0.0008746600    0.0017654800    0.0634735800
   0.0006091500    0.0016876800    0.0628835300
  -0.0006237500    0.0015916500    0.0649278600
   0.0008446100    0.0018486100    0.0634810400
   0.0007405600    0.0016861500    0.0635723400
   0.0008286800    0.0018514600    0.0634676400
   0.0013823100    0.0013127100    0.0636789800
   0.0014495700    0.0027967000    0.0593998400
  -0.0020125300   -0.0014092300   -0.0158740600
  -0.0007077400   -0.0009106500   -0.0166474300
  -0.0007018700   -0.0009381000   -0.0166371800
   0.0002902400   -0.0006270700   -0.0158767600
   0.0003328700   -0.0018478200   -0.0160901900
  -0.0004961200   -0.0022166200   -0.0158787800
  -0.0009778900   -0.0012389300   -0.0166623300
  -0.0006826800   -0.0008230000   -0.0166558000
  -0.0005526400   -0.0008670200   -0.0166500100
  -0.0007938000   -0.0008754400   -0.0167087100
  -0.0006321700   -0.0010415000   -0.0166352800
  -0.0006694500   -0.0009243500   -0.0166358600
  -0.0007015700   -0.0008542500   -0.0166631100
  -0.0006751800   -0.0008476800   -0.0166189300
  -0.0006415500   -0.0009554000   -0.0167160800
  -0.0007270600   -0.0009198100   -0.0166155300
  -0.0006991400   -0.0009267900   -0.0166816300
  -0.0007413500   -0.0008896000   -0.0166340900
  -0.0008192900   -0.0007319000   -0.0166478800
  -0.0021377000   -0.0004167100   -0.0160904800
  -0.0008891200   -0.0008506300   -0.0166395100
  -0.0007957200   -0.0008652200   -0.0166602100
  -0.0005357700   -0.0005216900   -0.0166476800
  -0.0009813000    0.0001405800   -0.0158815100
