Automatically generated mesh
     972
Reciprocal lattice
    0.00000000000000    0.00000000000000    0.00000000000000             1
    0.00952380952381    0.00000000000000    0.00000000000000             6
    0.01904761904762    0.00000000000000    0.00000000000000             6
    0.02857142857143    0.00000000000000    0.00000000000000             6
    0.03809523809524    0.00000000000000    0.00000000000000             6
    0.04761904761905    0.00000000000000    0.00000000000000             6
    0.05714285714286    0.00000000000000    0.00000000000000             6
    0.06666666666667    0.00000000000000    0.00000000000000             6
    0.07619047619048    0.00000000000000    0.00000000000000             6
    0.08571428571429    0.00000000000000    0.00000000000000             6
    0.09523809523810    0.00000000000000    0.00000000000000             6
    0.10476190476191    0.00000000000000    0.00000000000000             6
    0.11428571428572    0.00000000000000    0.00000000000000             6
    0.12380952380953    0.00000000000000    0.00000000000000             6
    0.13333333333333    0.00000000000000    0.00000000000000             6
    0.14285714285715    0.00000000000000    0.00000000000000             6
    0.15238095238095    0.00000000000000    0.00000000000000             6
    0.16190476190477    0.00000000000000    0.00000000000000             6
    0.17142857142857    0.00000000000000    0.00000000000000             6
    0.18095238095239    0.00000000000000    0.00000000000000             6
    0.19047619047619    0.00000000000000    0.00000000000000             6
    0.20000000000000    0.00000000000000    0.00000000000000             6
    0.20952380952381    0.00000000000000    0.00000000000000             6
    0.21904761904762    0.00000000000000    0.00000000000000             6
    0.22857142857143    0.00000000000000    0.00000000000000             6
    0.23809523809524    0.00000000000000    0.00000000000000             6
    0.24761904761905    0.00000000000000    0.00000000000000             6
    0.25714285714286    0.00000000000000    0.00000000000000             6
    0.26666666666667    0.00000000000000    0.00000000000000             6
    0.27619047619048    0.00000000000000    0.00000000000000             6
    0.28571428571429    0.00000000000000    0.00000000000000             6
    0.29523809523810    0.00000000000000    0.00000000000000             6
    0.30476190476190    0.00000000000000    0.00000000000000             6
    0.31428571428572    0.00000000000000    0.00000000000000             6
    0.32380952380952    0.00000000000000    0.00000000000000             6
    0.33333333333334    0.00000000000000    0.00000000000000             6
    0.34285714285714    0.00000000000000    0.00000000000000             6
    0.35238095238096    0.00000000000000    0.00000000000000             6
    0.36190476190476    0.00000000000000    0.00000000000000             6
    0.37142857142857    0.00000000000000    0.00000000000000             6
    0.38095238095238    0.00000000000000    0.00000000000000             6
    0.39047619047619    0.00000000000000    0.00000000000000             6
    0.40000000000000    0.00000000000000    0.00000000000000             6
    0.40952380952381    0.00000000000000    0.00000000000000             6
    0.41904761904762    0.00000000000000    0.00000000000000             6
    0.42857142857143    0.00000000000000    0.00000000000000             6
    0.43809523809524    0.00000000000000    0.00000000000000             6
    0.44761904761905    0.00000000000000    0.00000000000000             6
    0.45714285714286    0.00000000000000    0.00000000000000             6
    0.46666666666667    0.00000000000000    0.00000000000000             6
    0.47619047619048    0.00000000000000    0.00000000000000             6
    0.48571428571429    0.00000000000000    0.00000000000000             6
    0.49523809523809    0.00000000000000    0.00000000000000             6
    0.00952380952381    0.00952380952381    0.00000000000000             6
    0.01904761904762    0.00952380952381    0.00000000000000            12
    0.02857142857143    0.00952380952381    0.00000000000000            12
    0.03809523809524    0.00952380952381    0.00000000000000            12
    0.04761904761905    0.00952380952381    0.00000000000000            12
    0.05714285714286    0.00952380952381    0.00000000000000            12
    0.06666666666667    0.00952380952381    0.00000000000000            12
    0.07619047619048    0.00952380952381    0.00000000000000            12
    0.08571428571429    0.00952380952381    0.00000000000000            12
    0.09523809523810    0.00952380952381    0.00000000000000            12
    0.10476190476191    0.00952380952381    0.00000000000000            12
    0.11428571428572    0.00952380952381    0.00000000000000            12
    0.12380952380953    0.00952380952381    0.00000000000000            12
    0.13333333333333    0.00952380952381    0.00000000000000            12
    0.14285714285715    0.00952380952381    0.00000000000000            12
    0.15238095238095    0.00952380952381    0.00000000000000            12
    0.16190476190477    0.00952380952381    0.00000000000000            12
    0.17142857142857    0.00952380952381    0.00000000000000            12
    0.18095238095239    0.00952380952381    0.00000000000000            12
    0.19047619047619    0.00952380952381    0.00000000000000            12
    0.20000000000000    0.00952380952381    0.00000000000000            12
    0.20952380952381    0.00952380952381    0.00000000000000            12
    0.21904761904762    0.00952380952381    0.00000000000000            12
    0.22857142857143    0.00952380952381    0.00000000000000            12
    0.23809523809524    0.00952380952381    0.00000000000000            12
    0.24761904761905    0.00952380952381    0.00000000000000            12
    0.25714285714286    0.00952380952381    0.00000000000000            12
    0.26666666666667    0.00952380952381    0.00000000000000            12
    0.27619047619048    0.00952380952381    0.00000000000000            12
    0.28571428571429    0.00952380952381    0.00000000000000            12
    0.29523809523810    0.00952380952381    0.00000000000000            12
    0.30476190476190    0.00952380952381    0.00000000000000            12
    0.31428571428572    0.00952380952381    0.00000000000000            12
    0.32380952380952    0.00952380952381    0.00000000000000            12
    0.33333333333334    0.00952380952381    0.00000000000000            12
    0.34285714285714    0.00952380952381    0.00000000000000            12
    0.35238095238096    0.00952380952381    0.00000000000000            12
    0.36190476190476    0.00952380952381    0.00000000000000            12
    0.37142857142857    0.00952380952381    0.00000000000000            12
    0.38095238095238    0.00952380952381    0.00000000000000            12
    0.39047619047619    0.00952380952381    0.00000000000000            12
    0.40000000000000    0.00952380952381    0.00000000000000            12
    0.40952380952381    0.00952380952381    0.00000000000000            12
    0.41904761904762    0.00952380952381    0.00000000000000            12
    0.42857142857143    0.00952380952381    0.00000000000000            12
    0.43809523809524    0.00952380952381    0.00000000000000            12
    0.44761904761905    0.00952380952381    0.00000000000000            12
    0.45714285714286    0.00952380952381    0.00000000000000            12
    0.46666666666667    0.00952380952381    0.00000000000000            12
    0.47619047619048    0.00952380952381    0.00000000000000            12
    0.48571428571429    0.00952380952381    0.00000000000000            12
    0.49523809523809    0.00952380952381    0.00000000000000             6
    0.01904761904762    0.01904761904762    0.00000000000000             6
    0.02857142857143    0.01904761904762    0.00000000000000            12
    0.03809523809524    0.01904761904762    0.00000000000000            12
    0.04761904761905    0.01904761904762    0.00000000000000            12
    0.05714285714286    0.01904761904762    0.00000000000000            12
    0.06666666666667    0.01904761904762    0.00000000000000            12
    0.07619047619048    0.01904761904762    0.00000000000000            12
    0.08571428571429    0.01904761904762    0.00000000000000            12
    0.09523809523810    0.01904761904762    0.00000000000000            12
    0.10476190476191    0.01904761904762    0.00000000000000            12
    0.11428571428572    0.01904761904762    0.00000000000000            12
    0.12380952380953    0.01904761904762    0.00000000000000            12
    0.13333333333333    0.01904761904762    0.00000000000000            12
    0.14285714285715    0.01904761904762    0.00000000000000            12
    0.15238095238095    0.01904761904762    0.00000000000000            12
    0.16190476190477    0.01904761904762    0.00000000000000            12
    0.17142857142857    0.01904761904762    0.00000000000000            12
    0.18095238095239    0.01904761904762    0.00000000000000            12
    0.19047619047619    0.01904761904762    0.00000000000000            12
    0.20000000000000    0.01904761904762    0.00000000000000            12
    0.20952380952381    0.01904761904762    0.00000000000000            12
    0.21904761904762    0.01904761904762    0.00000000000000            12
    0.22857142857143    0.01904761904762    0.00000000000000            12
    0.23809523809524    0.01904761904762    0.00000000000000            12
    0.24761904761905    0.01904761904762    0.00000000000000            12
    0.25714285714286    0.01904761904762    0.00000000000000            12
    0.26666666666667    0.01904761904762    0.00000000000000            12
    0.27619047619048    0.01904761904762    0.00000000000000            12
    0.28571428571429    0.01904761904762    0.00000000000000            12
    0.29523809523810    0.01904761904762    0.00000000000000            12
    0.30476190476190    0.01904761904762    0.00000000000000            12
    0.31428571428572    0.01904761904762    0.00000000000000            12
    0.32380952380952    0.01904761904762    0.00000000000000            12
    0.33333333333334    0.01904761904762    0.00000000000000            12
    0.34285714285714    0.01904761904762    0.00000000000000            12
    0.35238095238096    0.01904761904762    0.00000000000000            12
    0.36190476190476    0.01904761904762    0.00000000000000            12
    0.37142857142857    0.01904761904762    0.00000000000000            12
    0.38095238095238    0.01904761904762    0.00000000000000            12
    0.39047619047619    0.01904761904762    0.00000000000000            12
    0.40000000000000    0.01904761904762    0.00000000000000            12
    0.40952380952381    0.01904761904762    0.00000000000000            12
    0.41904761904762    0.01904761904762    0.00000000000000            12
    0.42857142857143    0.01904761904762    0.00000000000000            12
    0.43809523809524    0.01904761904762    0.00000000000000            12
    0.44761904761905    0.01904761904762    0.00000000000000            12
    0.45714285714286    0.01904761904762    0.00000000000000            12
    0.46666666666667    0.01904761904762    0.00000000000000            12
    0.47619047619048    0.01904761904762    0.00000000000000            12
    0.48571428571429    0.01904761904762    0.00000000000000            12
    0.02857142857143    0.02857142857143    0.00000000000000             6
    0.03809523809524    0.02857142857143    0.00000000000000            12
    0.04761904761905    0.02857142857143    0.00000000000000            12
    0.05714285714286    0.02857142857143    0.00000000000000            12
    0.06666666666667    0.02857142857143    0.00000000000000            12
    0.07619047619048    0.02857142857143    0.00000000000000            12
    0.08571428571429    0.02857142857143    0.00000000000000            12
    0.09523809523810    0.02857142857143    0.00000000000000            12
    0.10476190476191    0.02857142857143    0.00000000000000            12
    0.11428571428572    0.02857142857143    0.00000000000000            12
    0.12380952380953    0.02857142857143    0.00000000000000            12
    0.13333333333333    0.02857142857143    0.00000000000000            12
    0.14285714285715    0.02857142857143    0.00000000000000            12
    0.15238095238095    0.02857142857143    0.00000000000000            12
    0.16190476190477    0.02857142857143    0.00000000000000            12
    0.17142857142857    0.02857142857143    0.00000000000000            12
    0.18095238095239    0.02857142857143    0.00000000000000            12
    0.19047619047619    0.02857142857143    0.00000000000000            12
    0.20000000000000    0.02857142857143    0.00000000000000            12
    0.20952380952381    0.02857142857143    0.00000000000000            12
    0.21904761904762    0.02857142857143    0.00000000000000            12
    0.22857142857143    0.02857142857143    0.00000000000000            12
    0.23809523809524    0.02857142857143    0.00000000000000            12
    0.24761904761905    0.02857142857143    0.00000000000000            12
    0.25714285714286    0.02857142857143    0.00000000000000            12
    0.26666666666667    0.02857142857143    0.00000000000000            12
    0.27619047619048    0.02857142857143    0.00000000000000            12
    0.28571428571429    0.02857142857143    0.00000000000000            12
    0.29523809523810    0.02857142857143    0.00000000000000            12
    0.30476190476190    0.02857142857143    0.00000000000000            12
    0.31428571428572    0.02857142857143    0.00000000000000            12
    0.32380952380952    0.02857142857143    0.00000000000000            12
    0.33333333333334    0.02857142857143    0.00000000000000            12
    0.34285714285714    0.02857142857143    0.00000000000000            12
    0.35238095238096    0.02857142857143    0.00000000000000            12
    0.36190476190476    0.02857142857143    0.00000000000000            12
    0.37142857142857    0.02857142857143    0.00000000000000            12
    0.38095238095238    0.02857142857143    0.00000000000000            12
    0.39047619047619    0.02857142857143    0.00000000000000            12
    0.40000000000000    0.02857142857143    0.00000000000000            12
    0.40952380952381    0.02857142857143    0.00000000000000            12
    0.41904761904762    0.02857142857143    0.00000000000000            12
    0.42857142857143    0.02857142857143    0.00000000000000            12
    0.43809523809524    0.02857142857143    0.00000000000000            12
    0.44761904761905    0.02857142857143    0.00000000000000            12
    0.45714285714286    0.02857142857143    0.00000000000000            12
    0.46666666666667    0.02857142857143    0.00000000000000            12
    0.47619047619048    0.02857142857143    0.00000000000000            12
    0.48571428571429    0.02857142857143    0.00000000000000             6
    0.03809523809524    0.03809523809524    0.00000000000000             6
    0.04761904761905    0.03809523809524    0.00000000000000            12
    0.05714285714286    0.03809523809524    0.00000000000000            12
    0.06666666666667    0.03809523809524    0.00000000000000            12
    0.07619047619048    0.03809523809524    0.00000000000000            12
    0.08571428571429    0.03809523809524    0.00000000000000            12
    0.09523809523810    0.03809523809524    0.00000000000000            12
    0.10476190476191    0.03809523809524    0.00000000000000            12
    0.11428571428572    0.03809523809524    0.00000000000000            12
    0.12380952380953    0.03809523809524    0.00000000000000            12
    0.13333333333333    0.03809523809524    0.00000000000000            12
    0.14285714285715    0.03809523809524    0.00000000000000            12
    0.15238095238095    0.03809523809524    0.00000000000000            12
    0.16190476190477    0.03809523809524    0.00000000000000            12
    0.17142857142857    0.03809523809524    0.00000000000000            12
    0.18095238095239    0.03809523809524    0.00000000000000            12
    0.19047619047619    0.03809523809524    0.00000000000000            12
    0.20000000000000    0.03809523809524    0.00000000000000            12
    0.20952380952381    0.03809523809524    0.00000000000000            12
    0.21904761904762    0.03809523809524    0.00000000000000            12
    0.22857142857143    0.03809523809524    0.00000000000000            12
    0.23809523809524    0.03809523809524    0.00000000000000            12
    0.24761904761905    0.03809523809524    0.00000000000000            12
    0.25714285714286    0.03809523809524    0.00000000000000            12
    0.26666666666667    0.03809523809524    0.00000000000000            12
    0.27619047619048    0.03809523809524    0.00000000000000            12
    0.28571428571429    0.03809523809524    0.00000000000000            12
    0.29523809523810    0.03809523809524    0.00000000000000            12
    0.30476190476190    0.03809523809524    0.00000000000000            12
    0.31428571428572    0.03809523809524    0.00000000000000            12
    0.32380952380952    0.03809523809524    0.00000000000000            12
    0.33333333333334    0.03809523809524    0.00000000000000            12
    0.34285714285714    0.03809523809524    0.00000000000000            12
    0.35238095238096    0.03809523809524    0.00000000000000            12
    0.36190476190476    0.03809523809524    0.00000000000000            12
    0.37142857142857    0.03809523809524    0.00000000000000            12
    0.38095238095238    0.03809523809524    0.00000000000000            12
    0.39047619047619    0.03809523809524    0.00000000000000            12
    0.40000000000000    0.03809523809524    0.00000000000000            12
    0.40952380952381    0.03809523809524    0.00000000000000            12
    0.41904761904762    0.03809523809524    0.00000000000000            12
    0.42857142857143    0.03809523809524    0.00000000000000            12
    0.43809523809524    0.03809523809524    0.00000000000000            12
    0.44761904761905    0.03809523809524    0.00000000000000            12
    0.45714285714286    0.03809523809524    0.00000000000000            12
    0.46666666666667    0.03809523809524    0.00000000000000            12
    0.47619047619048    0.03809523809524    0.00000000000000            12
    0.04761904761905    0.04761904761905    0.00000000000000             6
    0.05714285714286    0.04761904761905    0.00000000000000            12
    0.06666666666667    0.04761904761905    0.00000000000000            12
    0.07619047619048    0.04761904761905    0.00000000000000            12
    0.08571428571429    0.04761904761905    0.00000000000000            12
    0.09523809523810    0.04761904761905    0.00000000000000            12
    0.10476190476191    0.04761904761905    0.00000000000000            12
    0.11428571428572    0.04761904761905    0.00000000000000            12
    0.12380952380953    0.04761904761905    0.00000000000000            12
    0.13333333333333    0.04761904761905    0.00000000000000            12
    0.14285714285715    0.04761904761905    0.00000000000000            12
    0.15238095238095    0.04761904761905    0.00000000000000            12
    0.16190476190477    0.04761904761905    0.00000000000000            12
    0.17142857142857    0.04761904761905    0.00000000000000            12
    0.18095238095239    0.04761904761905    0.00000000000000            12
    0.19047619047619    0.04761904761905    0.00000000000000            12
    0.20000000000000    0.04761904761905    0.00000000000000            12
    0.20952380952381    0.04761904761905    0.00000000000000            12
    0.21904761904762    0.04761904761905    0.00000000000000            12
    0.22857142857143    0.04761904761905    0.00000000000000            12
    0.23809523809524    0.04761904761905    0.00000000000000            12
    0.24761904761905    0.04761904761905    0.00000000000000            12
    0.25714285714286    0.04761904761905    0.00000000000000            12
    0.26666666666667    0.04761904761905    0.00000000000000            12
    0.27619047619048    0.04761904761905    0.00000000000000            12
    0.28571428571429    0.04761904761905    0.00000000000000            12
    0.29523809523810    0.04761904761905    0.00000000000000            12
    0.30476190476190    0.04761904761905    0.00000000000000            12
    0.31428571428572    0.04761904761905    0.00000000000000            12
    0.32380952380952    0.04761904761905    0.00000000000000            12
    0.33333333333334    0.04761904761905    0.00000000000000            12
    0.34285714285714    0.04761904761905    0.00000000000000            12
    0.35238095238096    0.04761904761905    0.00000000000000            12
    0.36190476190476    0.04761904761905    0.00000000000000            12
    0.37142857142857    0.04761904761905    0.00000000000000            12
    0.38095238095238    0.04761904761905    0.00000000000000            12
    0.39047619047619    0.04761904761905    0.00000000000000            12
    0.40000000000000    0.04761904761905    0.00000000000000            12
    0.40952380952381    0.04761904761905    0.00000000000000            12
    0.41904761904762    0.04761904761905    0.00000000000000            12
    0.42857142857143    0.04761904761905    0.00000000000000            12
    0.43809523809524    0.04761904761905    0.00000000000000            12
    0.44761904761905    0.04761904761905    0.00000000000000            12
    0.45714285714286    0.04761904761905    0.00000000000000            12
    0.46666666666667    0.04761904761905    0.00000000000000            12
    0.47619047619048    0.04761904761905    0.00000000000000             6
    0.05714285714286    0.05714285714286    0.00000000000000             6
    0.06666666666667    0.05714285714286    0.00000000000000            12
    0.07619047619048    0.05714285714286    0.00000000000000            12
    0.08571428571429    0.05714285714286    0.00000000000000            12
    0.09523809523810    0.05714285714286    0.00000000000000            12
    0.10476190476191    0.05714285714286    0.00000000000000            12
    0.11428571428572    0.05714285714286    0.00000000000000            12
    0.12380952380953    0.05714285714286    0.00000000000000            12
    0.13333333333333    0.05714285714286    0.00000000000000            12
    0.14285714285715    0.05714285714286    0.00000000000000            12
    0.15238095238095    0.05714285714286    0.00000000000000            12
    0.16190476190477    0.05714285714286    0.00000000000000            12
    0.17142857142857    0.05714285714286    0.00000000000000            12
    0.18095238095239    0.05714285714286    0.00000000000000            12
    0.19047619047619    0.05714285714286    0.00000000000000            12
    0.20000000000000    0.05714285714286    0.00000000000000            12
    0.20952380952381    0.05714285714286    0.00000000000000            12
    0.21904761904762    0.05714285714286    0.00000000000000            12
    0.22857142857143    0.05714285714286    0.00000000000000            12
    0.23809523809524    0.05714285714286    0.00000000000000            12
    0.24761904761905    0.05714285714286    0.00000000000000            12
    0.25714285714286    0.05714285714286    0.00000000000000            12
    0.26666666666667    0.05714285714286    0.00000000000000            12
    0.27619047619048    0.05714285714286    0.00000000000000            12
    0.28571428571429    0.05714285714286    0.00000000000000            12
    0.29523809523810    0.05714285714286    0.00000000000000            12
    0.30476190476190    0.05714285714286    0.00000000000000            12
    0.31428571428572    0.05714285714286    0.00000000000000            12
    0.32380952380952    0.05714285714286    0.00000000000000            12
    0.33333333333334    0.05714285714286    0.00000000000000            12
    0.34285714285714    0.05714285714286    0.00000000000000            12
    0.35238095238096    0.05714285714286    0.00000000000000            12
    0.36190476190476    0.05714285714286    0.00000000000000            12
    0.37142857142857    0.05714285714286    0.00000000000000            12
    0.38095238095238    0.05714285714286    0.00000000000000            12
    0.39047619047619    0.05714285714286    0.00000000000000            12
    0.40000000000000    0.05714285714286    0.00000000000000            12
    0.40952380952381    0.05714285714286    0.00000000000000            12
    0.41904761904762    0.05714285714286    0.00000000000000            12
    0.42857142857143    0.05714285714286    0.00000000000000            12
    0.43809523809524    0.05714285714286    0.00000000000000            12
    0.44761904761905    0.05714285714286    0.00000000000000            12
    0.45714285714286    0.05714285714286    0.00000000000000            12
    0.46666666666667    0.05714285714286    0.00000000000000            12
    0.06666666666667    0.06666666666667    0.00000000000000             6
    0.07619047619048    0.06666666666667    0.00000000000000            12
    0.08571428571429    0.06666666666667    0.00000000000000            12
    0.09523809523810    0.06666666666667    0.00000000000000            12
    0.10476190476191    0.06666666666667    0.00000000000000            12
    0.11428571428572    0.06666666666667    0.00000000000000            12
    0.12380952380953    0.06666666666667    0.00000000000000            12
    0.13333333333333    0.06666666666667    0.00000000000000            12
    0.14285714285715    0.06666666666667    0.00000000000000            12
    0.15238095238095    0.06666666666667    0.00000000000000            12
    0.16190476190477    0.06666666666667    0.00000000000000            12
    0.17142857142857    0.06666666666667    0.00000000000000            12
    0.18095238095239    0.06666666666667    0.00000000000000            12
    0.19047619047619    0.06666666666667    0.00000000000000            12
    0.20000000000000    0.06666666666667    0.00000000000000            12
    0.20952380952381    0.06666666666667    0.00000000000000            12
    0.21904761904762    0.06666666666667    0.00000000000000            12
    0.22857142857143    0.06666666666667    0.00000000000000            12
    0.23809523809524    0.06666666666667    0.00000000000000            12
    0.24761904761905    0.06666666666667    0.00000000000000            12
    0.25714285714286    0.06666666666667    0.00000000000000            12
    0.26666666666667    0.06666666666667    0.00000000000000            12
    0.27619047619048    0.06666666666667    0.00000000000000            12
    0.28571428571429    0.06666666666667    0.00000000000000            12
    0.29523809523810    0.06666666666667    0.00000000000000            12
    0.30476190476190    0.06666666666667    0.00000000000000            12
    0.31428571428572    0.06666666666667    0.00000000000000            12
    0.32380952380952    0.06666666666667    0.00000000000000            12
    0.33333333333334    0.06666666666667    0.00000000000000            12
    0.34285714285714    0.06666666666667    0.00000000000000            12
    0.35238095238096    0.06666666666667    0.00000000000000            12
    0.36190476190476    0.06666666666667    0.00000000000000            12
    0.37142857142857    0.06666666666667    0.00000000000000            12
    0.38095238095238    0.06666666666667    0.00000000000000            12
    0.39047619047619    0.06666666666667    0.00000000000000            12
    0.40000000000000    0.06666666666667    0.00000000000000            12
    0.40952380952381    0.06666666666667    0.00000000000000            12
    0.41904761904762    0.06666666666667    0.00000000000000            12
    0.42857142857143    0.06666666666667    0.00000000000000            12
    0.43809523809524    0.06666666666667    0.00000000000000            12
    0.44761904761905    0.06666666666667    0.00000000000000            12
    0.45714285714286    0.06666666666667    0.00000000000000            12
    0.46666666666667    0.06666666666667    0.00000000000000             6
    0.07619047619048    0.07619047619048    0.00000000000000             6
    0.08571428571429    0.07619047619048    0.00000000000000            12
    0.09523809523810    0.07619047619048    0.00000000000000            12
    0.10476190476191    0.07619047619048    0.00000000000000            12
    0.11428571428572    0.07619047619048    0.00000000000000            12
    0.12380952380953    0.07619047619048    0.00000000000000            12
    0.13333333333333    0.07619047619048    0.00000000000000            12
    0.14285714285715    0.07619047619048    0.00000000000000            12
    0.15238095238095    0.07619047619048    0.00000000000000            12
    0.16190476190477    0.07619047619048    0.00000000000000            12
    0.17142857142857    0.07619047619048    0.00000000000000            12
    0.18095238095239    0.07619047619048    0.00000000000000            12
    0.19047619047619    0.07619047619048    0.00000000000000            12
    0.20000000000000    0.07619047619048    0.00000000000000            12
    0.20952380952381    0.07619047619048    0.00000000000000            12
    0.21904761904762    0.07619047619048    0.00000000000000            12
    0.22857142857143    0.07619047619048    0.00000000000000            12
    0.23809523809524    0.07619047619048    0.00000000000000            12
    0.24761904761905    0.07619047619048    0.00000000000000            12
    0.25714285714286    0.07619047619048    0.00000000000000            12
    0.26666666666667    0.07619047619048    0.00000000000000            12
    0.27619047619048    0.07619047619048    0.00000000000000            12
    0.28571428571429    0.07619047619048    0.00000000000000            12
    0.29523809523810    0.07619047619048    0.00000000000000            12
    0.30476190476190    0.07619047619048    0.00000000000000            12
    0.31428571428572    0.07619047619048    0.00000000000000            12
    0.32380952380952    0.07619047619048    0.00000000000000            12
    0.33333333333334    0.07619047619048    0.00000000000000            12
    0.34285714285714    0.07619047619048    0.00000000000000            12
    0.35238095238096    0.07619047619048    0.00000000000000            12
    0.36190476190476    0.07619047619048    0.00000000000000            12
    0.37142857142857    0.07619047619048    0.00000000000000            12
    0.38095238095238    0.07619047619048    0.00000000000000            12
    0.39047619047619    0.07619047619048    0.00000000000000            12
    0.40000000000000    0.07619047619048    0.00000000000000            12
    0.40952380952381    0.07619047619048    0.00000000000000            12
    0.41904761904762    0.07619047619048    0.00000000000000            12
    0.42857142857143    0.07619047619048    0.00000000000000            12
    0.43809523809524    0.07619047619048    0.00000000000000            12
    0.44761904761905    0.07619047619048    0.00000000000000            12
    0.45714285714286    0.07619047619048    0.00000000000000            12
    0.08571428571429    0.08571428571429    0.00000000000000             6
    0.09523809523810    0.08571428571429    0.00000000000000            12
    0.10476190476191    0.08571428571429    0.00000000000000            12
    0.11428571428572    0.08571428571429    0.00000000000000            12
    0.12380952380953    0.08571428571429    0.00000000000000            12
    0.13333333333333    0.08571428571429    0.00000000000000            12
    0.14285714285715    0.08571428571429    0.00000000000000            12
    0.15238095238095    0.08571428571429    0.00000000000000            12
    0.16190476190477    0.08571428571429    0.00000000000000            12
    0.17142857142857    0.08571428571429    0.00000000000000            12
    0.18095238095239    0.08571428571429    0.00000000000000            12
    0.19047619047619    0.08571428571429    0.00000000000000            12
    0.20000000000000    0.08571428571429    0.00000000000000            12
    0.20952380952381    0.08571428571429    0.00000000000000            12
    0.21904761904762    0.08571428571429    0.00000000000000            12
    0.22857142857143    0.08571428571429    0.00000000000000            12
    0.23809523809524    0.08571428571429    0.00000000000000            12
    0.24761904761905    0.08571428571429    0.00000000000000            12
    0.25714285714286    0.08571428571429    0.00000000000000            12
    0.26666666666667    0.08571428571429    0.00000000000000            12
    0.27619047619048    0.08571428571429    0.00000000000000            12
    0.28571428571429    0.08571428571429    0.00000000000000            12
    0.29523809523810    0.08571428571429    0.00000000000000            12
    0.30476190476190    0.08571428571429    0.00000000000000            12
    0.31428571428572    0.08571428571429    0.00000000000000            12
    0.32380952380952    0.08571428571429    0.00000000000000            12
    0.33333333333334    0.08571428571429    0.00000000000000            12
    0.34285714285714    0.08571428571429    0.00000000000000            12
    0.35238095238096    0.08571428571429    0.00000000000000            12
    0.36190476190476    0.08571428571429    0.00000000000000            12
    0.37142857142857    0.08571428571429    0.00000000000000            12
    0.38095238095238    0.08571428571429    0.00000000000000            12
    0.39047619047619    0.08571428571429    0.00000000000000            12
    0.40000000000000    0.08571428571429    0.00000000000000            12
    0.40952380952381    0.08571428571429    0.00000000000000            12
    0.41904761904762    0.08571428571429    0.00000000000000            12
    0.42857142857143    0.08571428571429    0.00000000000000            12
    0.43809523809524    0.08571428571429    0.00000000000000            12
    0.44761904761905    0.08571428571429    0.00000000000000            12
    0.45714285714286    0.08571428571429    0.00000000000000             6
    0.09523809523810    0.09523809523810    0.00000000000000             6
    0.10476190476191    0.09523809523810    0.00000000000000            12
    0.11428571428572    0.09523809523810    0.00000000000000            12
    0.12380952380953    0.09523809523810    0.00000000000000            12
    0.13333333333333    0.09523809523810    0.00000000000000            12
    0.14285714285715    0.09523809523810    0.00000000000000            12
    0.15238095238095    0.09523809523810    0.00000000000000            12
    0.16190476190477    0.09523809523810    0.00000000000000            12
    0.17142857142857    0.09523809523810    0.00000000000000            12
    0.18095238095239    0.09523809523810    0.00000000000000            12
    0.19047619047619    0.09523809523810    0.00000000000000            12
    0.20000000000000    0.09523809523810    0.00000000000000            12
    0.20952380952381    0.09523809523810    0.00000000000000            12
    0.21904761904762    0.09523809523810    0.00000000000000            12
    0.22857142857143    0.09523809523810    0.00000000000000            12
    0.23809523809524    0.09523809523810    0.00000000000000            12
    0.24761904761905    0.09523809523810    0.00000000000000            12
    0.25714285714286    0.09523809523810    0.00000000000000            12
    0.26666666666667    0.09523809523810    0.00000000000000            12
    0.27619047619048    0.09523809523810    0.00000000000000            12
    0.28571428571429    0.09523809523810    0.00000000000000            12
    0.29523809523810    0.09523809523810    0.00000000000000            12
    0.30476190476190    0.09523809523810    0.00000000000000            12
    0.31428571428572    0.09523809523810    0.00000000000000            12
    0.32380952380952    0.09523809523810    0.00000000000000            12
    0.33333333333334    0.09523809523810    0.00000000000000            12
    0.34285714285714    0.09523809523810    0.00000000000000            12
    0.35238095238096    0.09523809523810    0.00000000000000            12
    0.36190476190476    0.09523809523810    0.00000000000000            12
    0.37142857142857    0.09523809523810    0.00000000000000            12
    0.38095238095238    0.09523809523810    0.00000000000000            12
    0.39047619047619    0.09523809523810    0.00000000000000            12
    0.40000000000000    0.09523809523810    0.00000000000000            12
    0.40952380952381    0.09523809523810    0.00000000000000            12
    0.41904761904762    0.09523809523810    0.00000000000000            12
    0.42857142857143    0.09523809523810    0.00000000000000            12
    0.43809523809524    0.09523809523810    0.00000000000000            12
    0.44761904761905    0.09523809523810    0.00000000000000            12
    0.10476190476191    0.10476190476191    0.00000000000000             6
    0.11428571428572    0.10476190476191    0.00000000000000            12
    0.12380952380953    0.10476190476191    0.00000000000000            12
    0.13333333333333    0.10476190476191    0.00000000000000            12
    0.14285714285715    0.10476190476191    0.00000000000000            12
    0.15238095238095    0.10476190476191    0.00000000000000            12
    0.16190476190477    0.10476190476191    0.00000000000000            12
    0.17142857142857    0.10476190476191    0.00000000000000            12
    0.18095238095239    0.10476190476191    0.00000000000000            12
    0.19047619047619    0.10476190476191    0.00000000000000            12
    0.20000000000000    0.10476190476191    0.00000000000000            12
    0.20952380952381    0.10476190476191    0.00000000000000            12
    0.21904761904762    0.10476190476191    0.00000000000000            12
    0.22857142857143    0.10476190476191    0.00000000000000            12
    0.23809523809524    0.10476190476191    0.00000000000000            12
    0.24761904761905    0.10476190476191    0.00000000000000            12
    0.25714285714286    0.10476190476191    0.00000000000000            12
    0.26666666666667    0.10476190476191    0.00000000000000            12
    0.27619047619048    0.10476190476191    0.00000000000000            12
    0.28571428571429    0.10476190476191    0.00000000000000            12
    0.29523809523810    0.10476190476191    0.00000000000000            12
    0.30476190476190    0.10476190476191    0.00000000000000            12
    0.31428571428572    0.10476190476191    0.00000000000000            12
    0.32380952380952    0.10476190476191    0.00000000000000            12
    0.33333333333334    0.10476190476191    0.00000000000000            12
    0.34285714285714    0.10476190476191    0.00000000000000            12
    0.35238095238096    0.10476190476191    0.00000000000000            12
    0.36190476190476    0.10476190476191    0.00000000000000            12
    0.37142857142857    0.10476190476191    0.00000000000000            12
    0.38095238095238    0.10476190476191    0.00000000000000            12
    0.39047619047619    0.10476190476191    0.00000000000000            12
    0.40000000000000    0.10476190476191    0.00000000000000            12
    0.40952380952381    0.10476190476191    0.00000000000000            12
    0.41904761904762    0.10476190476191    0.00000000000000            12
    0.42857142857143    0.10476190476191    0.00000000000000            12
    0.43809523809524    0.10476190476191    0.00000000000000            12
    0.44761904761905    0.10476190476191    0.00000000000000             6
    0.11428571428572    0.11428571428572    0.00000000000000             6
    0.12380952380953    0.11428571428572    0.00000000000000            12
    0.13333333333333    0.11428571428572    0.00000000000000            12
    0.14285714285715    0.11428571428572    0.00000000000000            12
    0.15238095238095    0.11428571428572    0.00000000000000            12
    0.16190476190477    0.11428571428572    0.00000000000000            12
    0.17142857142857    0.11428571428572    0.00000000000000            12
    0.18095238095239    0.11428571428572    0.00000000000000            12
    0.19047619047619    0.11428571428572    0.00000000000000            12
    0.20000000000000    0.11428571428572    0.00000000000000            12
    0.20952380952381    0.11428571428572    0.00000000000000            12
    0.21904761904762    0.11428571428572    0.00000000000000            12
    0.22857142857143    0.11428571428572    0.00000000000000            12
    0.23809523809524    0.11428571428572    0.00000000000000            12
    0.24761904761905    0.11428571428572    0.00000000000000            12
    0.25714285714286    0.11428571428572    0.00000000000000            12
    0.26666666666667    0.11428571428572    0.00000000000000            12
    0.27619047619048    0.11428571428572    0.00000000000000            12
    0.28571428571429    0.11428571428572    0.00000000000000            12
    0.29523809523810    0.11428571428572    0.00000000000000            12
    0.30476190476190    0.11428571428572    0.00000000000000            12
    0.31428571428572    0.11428571428572    0.00000000000000            12
    0.32380952380952    0.11428571428572    0.00000000000000            12
    0.33333333333334    0.11428571428572    0.00000000000000            12
    0.34285714285714    0.11428571428572    0.00000000000000            12
    0.35238095238096    0.11428571428572    0.00000000000000            12
    0.36190476190476    0.11428571428572    0.00000000000000            12
    0.37142857142857    0.11428571428572    0.00000000000000            12
    0.38095238095238    0.11428571428572    0.00000000000000            12
    0.39047619047619    0.11428571428572    0.00000000000000            12
    0.40000000000000    0.11428571428572    0.00000000000000            12
    0.40952380952381    0.11428571428572    0.00000000000000            12
    0.41904761904762    0.11428571428572    0.00000000000000            12
    0.42857142857143    0.11428571428572    0.00000000000000            12
    0.43809523809524    0.11428571428572    0.00000000000000            12
    0.12380952380953    0.12380952380953    0.00000000000000             6
    0.13333333333333    0.12380952380953    0.00000000000000            12
    0.14285714285715    0.12380952380953    0.00000000000000            12
    0.15238095238095    0.12380952380953    0.00000000000000            12
    0.16190476190477    0.12380952380953    0.00000000000000            12
    0.17142857142857    0.12380952380953    0.00000000000000            12
    0.18095238095239    0.12380952380953    0.00000000000000            12
    0.19047619047619    0.12380952380953    0.00000000000000            12
    0.20000000000000    0.12380952380953    0.00000000000000            12
    0.20952380952381    0.12380952380953    0.00000000000000            12
    0.21904761904762    0.12380952380953    0.00000000000000            12
    0.22857142857143    0.12380952380953    0.00000000000000            12
    0.23809523809524    0.12380952380953    0.00000000000000            12
    0.24761904761905    0.12380952380953    0.00000000000000            12
    0.25714285714286    0.12380952380953    0.00000000000000            12
    0.26666666666667    0.12380952380953    0.00000000000000            12
    0.27619047619048    0.12380952380953    0.00000000000000            12
    0.28571428571429    0.12380952380953    0.00000000000000            12
    0.29523809523810    0.12380952380953    0.00000000000000            12
    0.30476190476190    0.12380952380953    0.00000000000000            12
    0.31428571428572    0.12380952380953    0.00000000000000            12
    0.32380952380952    0.12380952380953    0.00000000000000            12
    0.33333333333334    0.12380952380953    0.00000000000000            12
    0.34285714285714    0.12380952380953    0.00000000000000            12
    0.35238095238096    0.12380952380953    0.00000000000000            12
    0.36190476190476    0.12380952380953    0.00000000000000            12
    0.37142857142857    0.12380952380953    0.00000000000000            12
    0.38095238095238    0.12380952380953    0.00000000000000            12
    0.39047619047619    0.12380952380953    0.00000000000000            12
    0.40000000000000    0.12380952380953    0.00000000000000            12
    0.40952380952381    0.12380952380953    0.00000000000000            12
    0.41904761904762    0.12380952380953    0.00000000000000            12
    0.42857142857143    0.12380952380953    0.00000000000000            12
    0.43809523809524    0.12380952380953    0.00000000000000             6
    0.13333333333333    0.13333333333333    0.00000000000000             6
    0.14285714285715    0.13333333333333    0.00000000000000            12
    0.15238095238095    0.13333333333333    0.00000000000000            12
    0.16190476190477    0.13333333333333    0.00000000000000            12
    0.17142857142857    0.13333333333333    0.00000000000000            12
    0.18095238095239    0.13333333333333    0.00000000000000            12
    0.19047619047619    0.13333333333333    0.00000000000000            12
    0.20000000000000    0.13333333333333    0.00000000000000            12
    0.20952380952381    0.13333333333333    0.00000000000000            12
    0.21904761904762    0.13333333333333    0.00000000000000            12
    0.22857142857143    0.13333333333333    0.00000000000000            12
    0.23809523809524    0.13333333333333    0.00000000000000            12
    0.24761904761905    0.13333333333333    0.00000000000000            12
    0.25714285714286    0.13333333333333    0.00000000000000            12
    0.26666666666667    0.13333333333333    0.00000000000000            12
    0.27619047619048    0.13333333333333    0.00000000000000            12
    0.28571428571429    0.13333333333333    0.00000000000000            12
    0.29523809523810    0.13333333333333    0.00000000000000            12
    0.30476190476190    0.13333333333333    0.00000000000000            12
    0.31428571428572    0.13333333333333    0.00000000000000            12
    0.32380952380952    0.13333333333333    0.00000000000000            12
    0.33333333333334    0.13333333333333    0.00000000000000            12
    0.34285714285714    0.13333333333333    0.00000000000000            12
    0.35238095238096    0.13333333333333    0.00000000000000            12
    0.36190476190476    0.13333333333333    0.00000000000000            12
    0.37142857142857    0.13333333333333    0.00000000000000            12
    0.38095238095238    0.13333333333333    0.00000000000000            12
    0.39047619047619    0.13333333333333    0.00000000000000            12
    0.40000000000000    0.13333333333333    0.00000000000000            12
    0.40952380952381    0.13333333333333    0.00000000000000            12
    0.41904761904762    0.13333333333333    0.00000000000000            12
    0.42857142857143    0.13333333333333    0.00000000000000            12
    0.14285714285715    0.14285714285715    0.00000000000000             6
    0.15238095238095    0.14285714285715    0.00000000000000            12
    0.16190476190477    0.14285714285715    0.00000000000000            12
    0.17142857142857    0.14285714285715    0.00000000000000            12
    0.18095238095239    0.14285714285715    0.00000000000000            12
    0.19047619047619    0.14285714285715    0.00000000000000            12
    0.20000000000000    0.14285714285715    0.00000000000000            12
    0.20952380952381    0.14285714285715    0.00000000000000            12
    0.21904761904762    0.14285714285715    0.00000000000000            12
    0.22857142857143    0.14285714285715    0.00000000000000            12
    0.23809523809524    0.14285714285715    0.00000000000000            12
    0.24761904761905    0.14285714285715    0.00000000000000            12
    0.25714285714286    0.14285714285715    0.00000000000000            12
    0.26666666666667    0.14285714285715    0.00000000000000            12
    0.27619047619048    0.14285714285715    0.00000000000000            12
    0.28571428571429    0.14285714285715    0.00000000000000            12
    0.29523809523810    0.14285714285715    0.00000000000000            12
    0.30476190476190    0.14285714285715    0.00000000000000            12
    0.31428571428572    0.14285714285715    0.00000000000000            12
    0.32380952380952    0.14285714285715    0.00000000000000            12
    0.33333333333334    0.14285714285715    0.00000000000000            12
    0.34285714285714    0.14285714285715    0.00000000000000            12
    0.35238095238096    0.14285714285715    0.00000000000000            12
    0.36190476190476    0.14285714285715    0.00000000000000            12
    0.37142857142857    0.14285714285715    0.00000000000000            12
    0.38095238095238    0.14285714285715    0.00000000000000            12
    0.39047619047619    0.14285714285715    0.00000000000000            12
    0.40000000000000    0.14285714285715    0.00000000000000            12
    0.40952380952381    0.14285714285715    0.00000000000000            12
    0.41904761904762    0.14285714285715    0.00000000000000            12
    0.42857142857143    0.14285714285715    0.00000000000000             6
    0.15238095238095    0.15238095238095    0.00000000000000             6
    0.16190476190477    0.15238095238095    0.00000000000000            12
    0.17142857142857    0.15238095238095    0.00000000000000            12
    0.18095238095239    0.15238095238095    0.00000000000000            12
    0.19047619047619    0.15238095238095    0.00000000000000            12
    0.20000000000000    0.15238095238095    0.00000000000000            12
    0.20952380952381    0.15238095238095    0.00000000000000            12
    0.21904761904762    0.15238095238095    0.00000000000000            12
    0.22857142857143    0.15238095238095    0.00000000000000            12
    0.23809523809524    0.15238095238095    0.00000000000000            12
    0.24761904761905    0.15238095238095    0.00000000000000            12
    0.25714285714286    0.15238095238095    0.00000000000000            12
    0.26666666666667    0.15238095238095    0.00000000000000            12
    0.27619047619048    0.15238095238095    0.00000000000000            12
    0.28571428571429    0.15238095238095    0.00000000000000            12
    0.29523809523810    0.15238095238095    0.00000000000000            12
    0.30476190476190    0.15238095238095    0.00000000000000            12
    0.31428571428572    0.15238095238095    0.00000000000000            12
    0.32380952380952    0.15238095238095    0.00000000000000            12
    0.33333333333334    0.15238095238095    0.00000000000000            12
    0.34285714285714    0.15238095238095    0.00000000000000            12
    0.35238095238096    0.15238095238095    0.00000000000000            12
    0.36190476190476    0.15238095238095    0.00000000000000            12
    0.37142857142857    0.15238095238095    0.00000000000000            12
    0.38095238095238    0.15238095238095    0.00000000000000            12
    0.39047619047619    0.15238095238095    0.00000000000000            12
    0.40000000000000    0.15238095238095    0.00000000000000            12
    0.40952380952381    0.15238095238095    0.00000000000000            12
    0.41904761904762    0.15238095238095    0.00000000000000            12
    0.16190476190477    0.16190476190477    0.00000000000000             6
    0.17142857142857    0.16190476190477    0.00000000000000            12
    0.18095238095239    0.16190476190477    0.00000000000000            12
    0.19047619047619    0.16190476190477    0.00000000000000            12
    0.20000000000000    0.16190476190477    0.00000000000000            12
    0.20952380952381    0.16190476190477    0.00000000000000            12
    0.21904761904762    0.16190476190477    0.00000000000000            12
    0.22857142857143    0.16190476190477    0.00000000000000            12
    0.23809523809524    0.16190476190477    0.00000000000000            12
    0.24761904761905    0.16190476190477    0.00000000000000            12
    0.25714285714286    0.16190476190477    0.00000000000000            12
    0.26666666666667    0.16190476190477    0.00000000000000            12
    0.27619047619048    0.16190476190477    0.00000000000000            12
    0.28571428571429    0.16190476190477    0.00000000000000            12
    0.29523809523810    0.16190476190477    0.00000000000000            12
    0.30476190476190    0.16190476190477    0.00000000000000            12
    0.31428571428572    0.16190476190477    0.00000000000000            12
    0.32380952380952    0.16190476190477    0.00000000000000            12
    0.33333333333334    0.16190476190477    0.00000000000000            12
    0.34285714285714    0.16190476190477    0.00000000000000            12
    0.35238095238096    0.16190476190477    0.00000000000000            12
    0.36190476190476    0.16190476190477    0.00000000000000            12
    0.37142857142857    0.16190476190477    0.00000000000000            12
    0.38095238095238    0.16190476190477    0.00000000000000            12
    0.39047619047619    0.16190476190477    0.00000000000000            12
    0.40000000000000    0.16190476190477    0.00000000000000            12
    0.40952380952381    0.16190476190477    0.00000000000000            12
    0.41904761904762    0.16190476190477    0.00000000000000             6
    0.17142857142857    0.17142857142857    0.00000000000000             6
    0.18095238095239    0.17142857142857    0.00000000000000            12
    0.19047619047619    0.17142857142857    0.00000000000000            12
    0.20000000000000    0.17142857142857    0.00000000000000            12
    0.20952380952381    0.17142857142857    0.00000000000000            12
    0.21904761904762    0.17142857142857    0.00000000000000            12
    0.22857142857143    0.17142857142857    0.00000000000000            12
    0.23809523809524    0.17142857142857    0.00000000000000            12
    0.24761904761905    0.17142857142857    0.00000000000000            12
    0.25714285714286    0.17142857142857    0.00000000000000            12
    0.26666666666667    0.17142857142857    0.00000000000000            12
    0.27619047619048    0.17142857142857    0.00000000000000            12
    0.28571428571429    0.17142857142857    0.00000000000000            12
    0.29523809523810    0.17142857142857    0.00000000000000            12
    0.30476190476190    0.17142857142857    0.00000000000000            12
    0.31428571428572    0.17142857142857    0.00000000000000            12
    0.32380952380952    0.17142857142857    0.00000000000000            12
    0.33333333333334    0.17142857142857    0.00000000000000            12
    0.34285714285714    0.17142857142857    0.00000000000000            12
    0.35238095238096    0.17142857142857    0.00000000000000            12
    0.36190476190476    0.17142857142857    0.00000000000000            12
    0.37142857142857    0.17142857142857    0.00000000000000            12
    0.38095238095238    0.17142857142857    0.00000000000000            12
    0.39047619047619    0.17142857142857    0.00000000000000            12
    0.40000000000000    0.17142857142857    0.00000000000000            12
    0.40952380952381    0.17142857142857    0.00000000000000            12
    0.18095238095239    0.18095238095239    0.00000000000000             6
    0.19047619047619    0.18095238095239    0.00000000000000            12
    0.20000000000000    0.18095238095239    0.00000000000000            12
    0.20952380952381    0.18095238095239    0.00000000000000            12
    0.21904761904762    0.18095238095239    0.00000000000000            12
    0.22857142857143    0.18095238095239    0.00000000000000            12
    0.23809523809524    0.18095238095239    0.00000000000000            12
    0.24761904761905    0.18095238095239    0.00000000000000            12
    0.25714285714286    0.18095238095239    0.00000000000000            12
    0.26666666666667    0.18095238095239    0.00000000000000            12
    0.27619047619048    0.18095238095239    0.00000000000000            12
    0.28571428571429    0.18095238095239    0.00000000000000            12
    0.29523809523810    0.18095238095239    0.00000000000000            12
    0.30476190476190    0.18095238095239    0.00000000000000            12
    0.31428571428572    0.18095238095239    0.00000000000000            12
    0.32380952380952    0.18095238095239    0.00000000000000            12
    0.33333333333334    0.18095238095239    0.00000000000000            12
    0.34285714285714    0.18095238095239    0.00000000000000            12
    0.35238095238096    0.18095238095239    0.00000000000000            12
    0.36190476190476    0.18095238095239    0.00000000000000            12
    0.37142857142857    0.18095238095239    0.00000000000000            12
    0.38095238095238    0.18095238095239    0.00000000000000            12
    0.39047619047619    0.18095238095239    0.00000000000000            12
    0.40000000000000    0.18095238095239    0.00000000000000            12
    0.40952380952381    0.18095238095239    0.00000000000000             6
    0.19047619047619    0.19047619047619    0.00000000000000             6
    0.20000000000000    0.19047619047619    0.00000000000000            12
    0.20952380952381    0.19047619047619    0.00000000000000            12
    0.21904761904762    0.19047619047619    0.00000000000000            12
    0.22857142857143    0.19047619047619    0.00000000000000            12
    0.23809523809524    0.19047619047619    0.00000000000000            12
    0.24761904761905    0.19047619047619    0.00000000000000            12
    0.25714285714286    0.19047619047619    0.00000000000000            12
    0.26666666666667    0.19047619047619    0.00000000000000            12
    0.27619047619048    0.19047619047619    0.00000000000000            12
    0.28571428571429    0.19047619047619    0.00000000000000            12
    0.29523809523810    0.19047619047619    0.00000000000000            12
    0.30476190476190    0.19047619047619    0.00000000000000            12
    0.31428571428572    0.19047619047619    0.00000000000000            12
    0.32380952380952    0.19047619047619    0.00000000000000            12
    0.33333333333334    0.19047619047619    0.00000000000000            12
    0.34285714285714    0.19047619047619    0.00000000000000            12
    0.35238095238096    0.19047619047619    0.00000000000000            12
    0.36190476190476    0.19047619047619    0.00000000000000            12
    0.37142857142857    0.19047619047619    0.00000000000000            12
    0.38095238095238    0.19047619047619    0.00000000000000            12
    0.39047619047619    0.19047619047619    0.00000000000000            12
    0.40000000000000    0.19047619047619    0.00000000000000            12
    0.20000000000000    0.20000000000000    0.00000000000000             6
    0.20952380952381    0.20000000000000    0.00000000000000            12
    0.21904761904762    0.20000000000000    0.00000000000000            12
    0.22857142857143    0.20000000000000    0.00000000000000            12
    0.23809523809524    0.20000000000000    0.00000000000000            12
    0.24761904761905    0.20000000000000    0.00000000000000            12
    0.25714285714286    0.20000000000000    0.00000000000000            12
    0.26666666666667    0.20000000000000    0.00000000000000            12
    0.27619047619048    0.20000000000000    0.00000000000000            12
    0.28571428571429    0.20000000000000    0.00000000000000            12
    0.29523809523810    0.20000000000000    0.00000000000000            12
    0.30476190476190    0.20000000000000    0.00000000000000            12
    0.31428571428572    0.20000000000000    0.00000000000000            12
    0.32380952380952    0.20000000000000    0.00000000000000            12
    0.33333333333334    0.20000000000000    0.00000000000000            12
    0.34285714285714    0.20000000000000    0.00000000000000            12
    0.35238095238096    0.20000000000000    0.00000000000000            12
    0.36190476190476    0.20000000000000    0.00000000000000            12
    0.37142857142857    0.20000000000000    0.00000000000000            12
    0.38095238095238    0.20000000000000    0.00000000000000            12
    0.39047619047619    0.20000000000000    0.00000000000000            12
    0.40000000000000    0.20000000000000    0.00000000000000             6
    0.20952380952381    0.20952380952381    0.00000000000000             6
    0.21904761904762    0.20952380952381    0.00000000000000            12
    0.22857142857143    0.20952380952381    0.00000000000000            12
    0.23809523809524    0.20952380952381    0.00000000000000            12
    0.24761904761905    0.20952380952381    0.00000000000000            12
    0.25714285714286    0.20952380952381    0.00000000000000            12
    0.26666666666667    0.20952380952381    0.00000000000000            12
    0.27619047619048    0.20952380952381    0.00000000000000            12
    0.28571428571429    0.20952380952381    0.00000000000000            12
    0.29523809523810    0.20952380952381    0.00000000000000            12
    0.30476190476190    0.20952380952381    0.00000000000000            12
    0.31428571428572    0.20952380952381    0.00000000000000            12
    0.32380952380952    0.20952380952381    0.00000000000000            12
    0.33333333333334    0.20952380952381    0.00000000000000            12
    0.34285714285714    0.20952380952381    0.00000000000000            12
    0.35238095238096    0.20952380952381    0.00000000000000            12
    0.36190476190476    0.20952380952381    0.00000000000000            12
    0.37142857142857    0.20952380952381    0.00000000000000            12
    0.38095238095238    0.20952380952381    0.00000000000000            12
    0.39047619047619    0.20952380952381    0.00000000000000            12
    0.21904761904762    0.21904761904762    0.00000000000000             6
    0.22857142857143    0.21904761904762    0.00000000000000            12
    0.23809523809524    0.21904761904762    0.00000000000000            12
    0.24761904761905    0.21904761904762    0.00000000000000            12
    0.25714285714286    0.21904761904762    0.00000000000000            12
    0.26666666666667    0.21904761904762    0.00000000000000            12
    0.27619047619048    0.21904761904762    0.00000000000000            12
    0.28571428571429    0.21904761904762    0.00000000000000            12
    0.29523809523810    0.21904761904762    0.00000000000000            12
    0.30476190476190    0.21904761904762    0.00000000000000            12
    0.31428571428572    0.21904761904762    0.00000000000000            12
    0.32380952380952    0.21904761904762    0.00000000000000            12
    0.33333333333334    0.21904761904762    0.00000000000000            12
    0.34285714285714    0.21904761904762    0.00000000000000            12
    0.35238095238096    0.21904761904762    0.00000000000000            12
    0.36190476190476    0.21904761904762    0.00000000000000            12
    0.37142857142857    0.21904761904762    0.00000000000000            12
    0.38095238095238    0.21904761904762    0.00000000000000            12
    0.39047619047619    0.21904761904762    0.00000000000000             6
    0.22857142857143    0.22857142857143    0.00000000000000             6
    0.23809523809524    0.22857142857143    0.00000000000000            12
    0.24761904761905    0.22857142857143    0.00000000000000            12
    0.25714285714286    0.22857142857143    0.00000000000000            12
    0.26666666666667    0.22857142857143    0.00000000000000            12
    0.27619047619048    0.22857142857143    0.00000000000000            12
    0.28571428571429    0.22857142857143    0.00000000000000            12
    0.29523809523810    0.22857142857143    0.00000000000000            12
    0.30476190476190    0.22857142857143    0.00000000000000            12
    0.31428571428572    0.22857142857143    0.00000000000000            12
    0.32380952380952    0.22857142857143    0.00000000000000            12
    0.33333333333334    0.22857142857143    0.00000000000000            12
    0.34285714285714    0.22857142857143    0.00000000000000            12
    0.35238095238096    0.22857142857143    0.00000000000000            12
    0.36190476190476    0.22857142857143    0.00000000000000            12
    0.37142857142857    0.22857142857143    0.00000000000000            12
    0.38095238095238    0.22857142857143    0.00000000000000            12
    0.23809523809524    0.23809523809524    0.00000000000000             6
    0.24761904761905    0.23809523809524    0.00000000000000            12
    0.25714285714286    0.23809523809524    0.00000000000000            12
    0.26666666666667    0.23809523809524    0.00000000000000            12
    0.27619047619048    0.23809523809524    0.00000000000000            12
    0.28571428571429    0.23809523809524    0.00000000000000            12
    0.29523809523810    0.23809523809524    0.00000000000000            12
    0.30476190476190    0.23809523809524    0.00000000000000            12
    0.31428571428572    0.23809523809524    0.00000000000000            12
    0.32380952380952    0.23809523809524    0.00000000000000            12
    0.33333333333334    0.23809523809524    0.00000000000000            12
    0.34285714285714    0.23809523809524    0.00000000000000            12
    0.35238095238096    0.23809523809524    0.00000000000000            12
    0.36190476190476    0.23809523809524    0.00000000000000            12
    0.37142857142857    0.23809523809524    0.00000000000000            12
    0.38095238095238    0.23809523809524    0.00000000000000             6
    0.24761904761905    0.24761904761905    0.00000000000000             6
    0.25714285714286    0.24761904761905    0.00000000000000            12
    0.26666666666667    0.24761904761905    0.00000000000000            12
    0.27619047619048    0.24761904761905    0.00000000000000            12
    0.28571428571429    0.24761904761905    0.00000000000000            12
    0.29523809523810    0.24761904761905    0.00000000000000            12
    0.30476190476190    0.24761904761905    0.00000000000000            12
    0.31428571428572    0.24761904761905    0.00000000000000            12
    0.32380952380952    0.24761904761905    0.00000000000000            12
    0.33333333333334    0.24761904761905    0.00000000000000            12
    0.34285714285714    0.24761904761905    0.00000000000000            12
    0.35238095238096    0.24761904761905    0.00000000000000            12
    0.36190476190476    0.24761904761905    0.00000000000000            12
    0.37142857142857    0.24761904761905    0.00000000000000            12
    0.25714285714286    0.25714285714286    0.00000000000000             6
    0.26666666666667    0.25714285714286    0.00000000000000            12
    0.27619047619048    0.25714285714286    0.00000000000000            12
    0.28571428571429    0.25714285714286    0.00000000000000            12
    0.29523809523810    0.25714285714286    0.00000000000000            12
    0.30476190476190    0.25714285714286    0.00000000000000            12
    0.31428571428572    0.25714285714286    0.00000000000000            12
    0.32380952380952    0.25714285714286    0.00000000000000            12
    0.33333333333334    0.25714285714286    0.00000000000000            12
    0.34285714285714    0.25714285714286    0.00000000000000            12
    0.35238095238096    0.25714285714286    0.00000000000000            12
    0.36190476190476    0.25714285714286    0.00000000000000            12
    0.37142857142857    0.25714285714286    0.00000000000000             6
    0.26666666666667    0.26666666666667    0.00000000000000             6
    0.27619047619048    0.26666666666667    0.00000000000000            12
    0.28571428571429    0.26666666666667    0.00000000000000            12
    0.29523809523810    0.26666666666667    0.00000000000000            12
    0.30476190476190    0.26666666666667    0.00000000000000            12
    0.31428571428572    0.26666666666667    0.00000000000000            12
    0.32380952380952    0.26666666666667    0.00000000000000            12
    0.33333333333334    0.26666666666667    0.00000000000000            12
    0.34285714285714    0.26666666666667    0.00000000000000            12
    0.35238095238096    0.26666666666667    0.00000000000000            12
    0.36190476190476    0.26666666666667    0.00000000000000            12
    0.27619047619048    0.27619047619048    0.00000000000000             6
    0.28571428571429    0.27619047619048    0.00000000000000            12
    0.29523809523810    0.27619047619048    0.00000000000000            12
    0.30476190476190    0.27619047619048    0.00000000000000            12
    0.31428571428572    0.27619047619048    0.00000000000000            12
    0.32380952380952    0.27619047619048    0.00000000000000            12
    0.33333333333334    0.27619047619048    0.00000000000000            12
    0.34285714285714    0.27619047619048    0.00000000000000            12
    0.35238095238096    0.27619047619048    0.00000000000000            12
    0.36190476190476    0.27619047619048    0.00000000000000             6
    0.28571428571429    0.28571428571429    0.00000000000000             6
    0.29523809523810    0.28571428571429    0.00000000000000            12
    0.30476190476190    0.28571428571429    0.00000000000000            12
    0.31428571428572    0.28571428571429    0.00000000000000            12
    0.32380952380952    0.28571428571429    0.00000000000000            12
    0.33333333333334    0.28571428571429    0.00000000000000            12
    0.34285714285714    0.28571428571429    0.00000000000000            12
    0.35238095238096    0.28571428571429    0.00000000000000            12
    0.29523809523810    0.29523809523810    0.00000000000000             6
    0.30476190476191    0.29523809523810    0.00000000000000            12
    0.31428571428572    0.29523809523810    0.00000000000000            12
    0.32380952380952    0.29523809523810    0.00000000000000            12
    0.33333333333334    0.29523809523810    0.00000000000000            12
    0.34285714285714    0.29523809523810    0.00000000000000            12
    0.35238095238096    0.29523809523810    0.00000000000000             6
    0.30476190476190    0.30476190476190    0.00000000000000             6
    0.31428571428572    0.30476190476190    0.00000000000000            12
    0.32380952380952    0.30476190476190    0.00000000000000            12
    0.33333333333334    0.30476190476190    0.00000000000000            12
    0.34285714285714    0.30476190476190    0.00000000000000            12
    0.31428571428572    0.31428571428572    0.00000000000000             6
    0.32380952380952    0.31428571428572    0.00000000000000            12
    0.33333333333334    0.31428571428572    0.00000000000000            12
    0.34285714285714    0.31428571428572    0.00000000000000             6
    0.32380952380952    0.32380952380952    0.00000000000000             6
    0.33333333333334    0.32380952380952    0.00000000000000            12
    0.33333333333334    0.33333333333334    0.00000000000000             2
