75   
18   

1    
  0.0083788727774803   0.0054584330149594   0.0000000000000000
  -0.0835150400   -0.0061879500   -0.0360121900
   0.0103044800    0.0050619800   -0.0405909700
   0.0012547200    0.0013580900   -0.0358332300
   0.0013261000    0.0013830400   -0.0362438300
   0.0085335300    0.0064579500   -0.0333348100
   0.0115136600   -0.0061592400   -0.0387542800
   0.0007758700    0.0071781700   -0.0369301000
   0.0004087800   -0.0008182300   -0.0363044800
   0.0007510200    0.0006897400   -0.0360826100
   0.0035603800    0.0010612300   -0.0373095600
   0.0018956300    0.0014979400   -0.0365093800
  -0.0000538000    0.0012360600   -0.0359392100
   0.0009950000    0.0013672200   -0.0359247400
   0.0012905200    0.0008055500   -0.0359105600
   0.0008485200    0.0009222000   -0.0361976300
   0.0021579100    0.0011005100   -0.0360374900
   0.0008445400    0.0009325800   -0.0362504800
   0.0013874400    0.0006687300   -0.0361708800
   0.0009926400    0.0014049200   -0.0362116900
  -0.0000013500    0.0011588800   -0.0363051700
   0.0097848600   -0.0035387200   -0.0361078500
   0.0036229800    0.0009584500   -0.0353537300
   0.0006860000    0.0008473200   -0.0363189000
   0.0003745900   -0.0008557100   -0.0363779700
   0.0019761500    0.0052006700   -0.0330911800
   0.0060389300    0.0022953300    0.0559031500
   0.0010489300    0.0009048900    0.0557707400
  -0.0009055800   -0.0002137100    0.0570387800
   0.0016755500    0.0021343900    0.0577820500
   0.0032157700    0.0053453500    0.0620354400
   0.0009244200    0.0011657600    0.0557369300
   0.0016187600    0.0020123300    0.0557620200
   0.0009604200    0.0011440600    0.0565109000
  -0.0005547200    0.0003276600    0.0569187500
  -0.0011452300    0.0010236200    0.0572643600
   0.0001483200    0.0003858600    0.0576231200
   0.0004579800    0.0008721900    0.0563902600
   0.0005345200    0.0003335200    0.0568613800
   0.0004868900    0.0007632300    0.0571199600
   0.0002742700    0.0001733000    0.0558461900
   0.0004219000    0.0007428500    0.0575998600
   0.0006326800   -0.0002151600    0.0569246400
   0.0005392500    0.0005594800    0.0569857700
   0.0002519100   -0.0001321100    0.0572665100
   0.0004232600    0.0004941600    0.0567670300
   0.0016367500    0.0000576900    0.0546204900
   0.0001069900    0.0006665800    0.0569833400
   0.0010596400    0.0006936600    0.0572219900
   0.0008948400    0.0011105000    0.0573330900
   0.0005266900    0.0012814700    0.0578051300
   0.0136402200   -0.0100351400   -0.0060898600
  -0.0005780000   -0.0007331100   -0.0209031700
  -0.0018202700   -0.0018008500   -0.0207929600
  -0.0012629000   -0.0000413900   -0.0212274900
  -0.0015277800   -0.0030704400   -0.0239301600
   0.0130901100   -0.0084074700   -0.0313621700
  -0.0017241400   -0.0031113700   -0.0193791700
  -0.0012616300   -0.0002845800   -0.0204985700
  -0.0019445600   -0.0019862900   -0.0208471600
   0.0002971900   -0.0003165800   -0.0206119200
  -0.0006164800   -0.0012031400   -0.0206514900
  -0.0014497900   -0.0006037200   -0.0208792000
  -0.0008914700   -0.0009533700   -0.0205711300
  -0.0013087300   -0.0009521600   -0.0209660800
  -0.0014735300   -0.0013712000   -0.0207122600
  -0.0019171400   -0.0014770000   -0.0207856100
  -0.0015391000   -0.0014005600   -0.0208340000
  -0.0015595500   -0.0017067600   -0.0207743400
  -0.0014907900   -0.0018686100   -0.0208767000
  -0.0014276600   -0.0011713800   -0.0208232300
  -0.0009896000   -0.0004338800   -0.0210823100
  -0.0016930600   -0.0014850800   -0.0207797800
  -0.0014217600   -0.0011129200   -0.0206611100
  -0.0007941500   -0.0008341000   -0.0212440100
  -0.0013236700   -0.0012971800   -0.0206850800

1    
 -0.0083788727774803  -0.0054584330149594   0.0000000000000000
   0.0855646800    0.0082344000   -0.0358538100
  -0.0074470200   -0.0029518500   -0.0316924400
   0.0008955500    0.0004070700   -0.0363748100
   0.0009490700    0.0004592900   -0.0359589600
  -0.0069648900   -0.0050143200   -0.0389248100
  -0.0094146100    0.0081512200   -0.0334569200
   0.0013644900   -0.0051165500   -0.0353163000
   0.0018416700    0.0026601700   -0.0359262200
   0.0014296200    0.0011069600   -0.0361369200
  -0.0013392000    0.0007431100   -0.0348934400
   0.0003146600    0.0003087800   -0.0357156900
   0.0022728500    0.0005474800   -0.0362864000
   0.0012129800    0.0004132100   -0.0363015700
   0.0009257600    0.0009786800   -0.0363029400
   0.0013700100    0.0008722000   -0.0360286500
   0.0000601500    0.0007046700   -0.0361765800
   0.0013660400    0.0008825200   -0.0359658600
   0.0008223700    0.0011492900   -0.0360398600
   0.0012279100    0.0004244900   -0.0360121700
   0.0021976800    0.0006661900   -0.0359195100
  -0.0075317600    0.0052281600   -0.0360701200
  -0.0014043200    0.0008364400   -0.0368401800
   0.0015647300    0.0009571900   -0.0359033400
   0.0018077100    0.0026223300   -0.0358557600
   0.0003101300   -0.0036336600   -0.0391660200
  -0.0051660800   -0.0013654400    0.0579255400
  -0.0002146000    0.0000651000    0.0581077700
   0.0016859600    0.0011482300    0.0568616900
  -0.0009011900   -0.0012213300    0.0561107800
  -0.0024273300   -0.0044351900    0.0517308600
  -0.0001707000   -0.0002359300    0.0581379300
  -0.0008568500   -0.0011140800    0.0581720000
  -0.0001601800   -0.0002153700    0.0573903000
   0.0013518500    0.0006231800    0.0569855800
   0.0019557800   -0.0000925500    0.0566784100
   0.0006564900    0.0005454400    0.0563038800
   0.0003299000    0.0000757100    0.0575075700
   0.0002526200    0.0006130700    0.0570443100
   0.0003107100    0.0001623500    0.0567877000
   0.0005249000    0.0007633000    0.0580616500
   0.0003559200    0.0002043700    0.0563098900
   0.0001622300    0.0011578200    0.0569840200
   0.0002425700    0.0003742100    0.0569195400
   0.0005408000    0.0010850300    0.0566375600
   0.0003622300    0.0004502300    0.0571344100
  -0.0008301600    0.0008635000    0.0592629300
   0.0006732600    0.0002721200    0.0569297300
  -0.0002567700    0.0002523900    0.0566844800
  -0.0000966700   -0.0001722100    0.0565753700
   0.0002840800   -0.0003585000    0.0561137600
  -0.0167715600    0.0071135600   -0.0355104000
  -0.0024170300   -0.0019118400   -0.0207892500
  -0.0012336800   -0.0008611500   -0.0208973700
  -0.0018176800   -0.0026499200   -0.0204421500
  -0.0014692000    0.0005458000   -0.0177612600
  -0.0158048900    0.0057238200   -0.0104170200
  -0.0012878400    0.0001017500   -0.0223315900
  -0.0017109800   -0.0025288700   -0.0211638200
  -0.0009881000   -0.0008440500   -0.0208530500
  -0.0033260900   -0.0025613300   -0.0210702700
  -0.0024180200   -0.0014722500   -0.0210601700
  -0.0016221700   -0.0020895000   -0.0208033300
  -0.0021204800   -0.0017217700   -0.0211060300
  -0.0017611200   -0.0017337600   -0.0207341900
  -0.0015449200   -0.0013144600   -0.0209571500
  -0.0010788300   -0.0012731500   -0.0209008700
  -0.0014277900   -0.0013964500   -0.0208517600
  -0.0014448500   -0.0010664800   -0.0209033400
  -0.0014761200   -0.0009062100   -0.0208003300
  -0.0015545700   -0.0015951400   -0.0208596100
  -0.0019489200   -0.0023183000   -0.0206326100
  -0.0013273400   -0.0012880900   -0.0209198600
  -0.0015473000   -0.0016458700   -0.0210102300
  -0.0022063200   -0.0019182700   -0.0204692400
  -0.0016992500   -0.0014709600   -0.0209934600

1    
 -0.0086669053253634   0.0049884618953328   0.0000000000000000
   0.1340848000   -0.0758271300   -0.0376914800
  -0.0026389500   -0.0004082500   -0.0320864200
   0.0014204900    0.0005325700   -0.0361981400
   0.0014380300    0.0005584600   -0.0360581100
  -0.0037230700   -0.0021693000   -0.0358139700
  -0.0199200300    0.0149250800   -0.0330873600
   0.0003120700    0.0048000300   -0.0401092100
   0.0006410000    0.0011801100   -0.0361052300
   0.0012952400    0.0012600700   -0.0359213100
  -0.0007547600   -0.0001876700   -0.0349817800
  -0.0001575100    0.0013570400   -0.0355870800
   0.0010560000    0.0029617800   -0.0354680600
   0.0015775700    0.0008035700   -0.0360169900
   0.0009000900    0.0005572800   -0.0362932800
   0.0015629200    0.0006378700   -0.0361068400
   0.0000840500    0.0017655800   -0.0366149600
   0.0015613200    0.0006405400   -0.0361070700
   0.0009824700    0.0007200800   -0.0362658600
   0.0015729600    0.0008056500   -0.0361521900
   0.0011145200    0.0030460100   -0.0372183000
  -0.0205087900    0.0114468300   -0.0388825900
  -0.0006777600   -0.0000793900   -0.0367232800
   0.0012097900    0.0010951200   -0.0359528600
   0.0006316400    0.0011615300   -0.0361084700
   0.0013944500    0.0065554200   -0.0363491400
  -0.0053826100   -0.0006431600    0.0567274800
   0.0000474900    0.0002897600    0.0576225700
   0.0018285700    0.0014119500    0.0568923100
  -0.0006865600   -0.0005557900    0.0564520800
   0.0004056400    0.0005116900    0.0569663100
  -0.0015823600    0.0060645600    0.0571520700
  -0.0001687400    0.0007841800    0.0569614900
  -0.0004365500   -0.0002278700    0.0573347100
   0.0009480100    0.0001592900    0.0573357800
   0.0028431600    0.0004334300    0.0575851700
  -0.0003990200    0.0015161900    0.0536478900
   0.0003749200    0.0008678300    0.0562793500
   0.0005740500    0.0015256800    0.0565673700
   0.0005390200    0.0003863500    0.0569539500
   0.0005417700    0.0008395200    0.0579713700
   0.0005932600    0.0003516300    0.0569609000
   0.0004813300    0.0010681400    0.0570176100
   0.0003002100   -0.0012431500    0.0570145200
   0.0009369900    0.0001555600    0.0565695600
   0.0001523800    0.0001700400    0.0559358900
  -0.0008854200    0.0006211100    0.0602141200
  -0.0000751700    0.0000976900    0.0568933100
  -0.0004785400    0.0009833500    0.0569530100
   0.0007327200    0.0019173400    0.0574581100
   0.0016480300   -0.0015771500    0.0563649600
  -0.0324629100    0.0177016400   -0.0479758300
  -0.0018562700   -0.0014835800   -0.0208215100
  -0.0014746300   -0.0010451400   -0.0208329500
  -0.0017212900   -0.0018055800   -0.0208373900
  -0.0031864000   -0.0003630000   -0.0208502700
  -0.0344817000    0.0164548800    0.0075348300
  -0.0026479700   -0.0007508400   -0.0208543700
  -0.0017065900   -0.0018504500   -0.0209096400
  -0.0013943500   -0.0010584100   -0.0208958100
  -0.0035213300   -0.0024430300   -0.0209205700
  -0.0019010500   -0.0004869500   -0.0213476700
  -0.0015786900   -0.0009396800   -0.0208646700
  -0.0012400200   -0.0009217300   -0.0207719400
  -0.0015388000   -0.0013462300   -0.0208545200
  -0.0013873600   -0.0011336600   -0.0209529800
  -0.0009017600   -0.0017202900   -0.0208430000
  -0.0014155800   -0.0016229400   -0.0207772400
  -0.0017249600   -0.0015717800   -0.0208550600
  -0.0017551600   -0.0016311900   -0.0207949300
  -0.0016053500   -0.0016024200   -0.0207281100
  -0.0023525400   -0.0014907800   -0.0203981300
  -0.0012794700   -0.0013313800   -0.0209186800
  -0.0013331100   -0.0014609600   -0.0208386000
  -0.0011877500   -0.0009906400   -0.0208693500
  -0.0016560100    0.0008470700   -0.0207536000

1    
  0.0086669053253634  -0.0049884618953328   0.0000000000000000
  -0.1320322300    0.0773487300   -0.0376384100
   0.0048745900    0.0021723700   -0.0401099600
   0.0007874700    0.0012588000   -0.0360167500
   0.0007888200    0.0012564800   -0.0361519400
   0.0058496500    0.0039886400   -0.0363477900
   0.0210829500   -0.0124938900   -0.0388840000
   0.0018570200   -0.0029967500   -0.0320873300
   0.0015821100    0.0006386000   -0.0361051300
   0.0009144700    0.0005496000   -0.0362932700
   0.0029568900    0.0019859900   -0.0372188900
   0.0023678700    0.0004495900   -0.0366149600
   0.0011573400   -0.0011356200   -0.0367230300
   0.0006311600    0.0009865800   -0.0361986600
   0.0013237500    0.0012433200   -0.0359211800
   0.0006523700    0.0011617400   -0.0361069100
   0.0021371000    0.0000374900   -0.0355874700
   0.0006507900    0.0011643900   -0.0361071200
   0.0012231200    0.0010881700   -0.0359523400
   0.0006423700    0.0010161400   -0.0360581600
   0.0010992200   -0.0012539200   -0.0349815400
   0.0237945900   -0.0102381500   -0.0330885000
   0.0029172200    0.0018914100   -0.0354678100
   0.0010119700    0.0007024600   -0.0362663100
   0.0015728900    0.0006202500   -0.0361086100
   0.0008790100   -0.0048212300   -0.0358141000
   0.0062294100    0.0015727700    0.0571470500
   0.0007513600    0.0006523000    0.0562789300
  -0.0010388300   -0.0004738800    0.0570145900
   0.0014793000    0.0014871500    0.0574583100
   0.0004267900    0.0005012200    0.0569659600
   0.0023340200   -0.0050835100    0.0567225100
   0.0009500700    0.0001387700    0.0569618200
   0.0012206900    0.0011554100    0.0565672500
  -0.0001517700    0.0007825800    0.0565695500
  -0.0020002900    0.0005259800    0.0563679400
   0.0011738000   -0.0005632800    0.0602134000
   0.0004153200    0.0000780600    0.0576221500
   0.0002094600   -0.0006012900    0.0573346500
   0.0002573800    0.0005481300    0.0569539800
   0.0002570900    0.0001066000    0.0559355100
   0.0001900800    0.0005839800    0.0569616700
   0.0003108900   -0.0001237000    0.0568934400
   0.0004906200    0.0021825400    0.0568923200
  -0.0001542100    0.0007945800    0.0573359700
   0.0006432100    0.0007841400    0.0579708900
   0.0017024100    0.0003058700    0.0536471400
   0.0008690600    0.0008436400    0.0570179400
   0.0012798100   -0.0000283200    0.0569532200
   0.0000536100   -0.0009821500    0.0564519100
  -0.0008654200    0.0025679600    0.0575881200
   0.0304819800   -0.0208978400    0.0075070000
  -0.0011491600   -0.0011704400   -0.0208636900
  -0.0015744900   -0.0016170300   -0.0208600200
  -0.0013614100   -0.0008770200   -0.0208493300
   0.0001626400   -0.0022906400   -0.0208514300
   0.0305398300   -0.0186033100   -0.0479929600
  -0.0003101000   -0.0020967000   -0.0208540500
  -0.0012638100   -0.0009739000   -0.0207659600
  -0.0015398700   -0.0017704500   -0.0208051100
   0.0005126900   -0.0004239200   -0.0207552500
  -0.0011805400   -0.0021474900   -0.0204014700
  -0.0014949200   -0.0017091000   -0.0208226100
  -0.0017757400   -0.0017449200   -0.0209154600
  -0.0015345600   -0.0013488600   -0.0208546600
  -0.0016420700   -0.0015520200   -0.0207231700
  -0.0020948700   -0.0010332500   -0.0208430300
  -0.0015525200   -0.0011696600   -0.0209120800
  -0.0012804700   -0.0011982800   -0.0208280700
  -0.0012123100   -0.0011478500   -0.0208854900
  -0.0013715400   -0.0011720400   -0.0209578200
  -0.0005563200   -0.0012798600   -0.0213433300
  -0.0017401500   -0.0014404700   -0.0207838700
  -0.0016330500   -0.0012882600   -0.0208385400
  -0.0018098700   -0.0017681900   -0.0208574600
  -0.0013757300   -0.0036552000   -0.0209182100

1    
  0.0000000000000000   0.0000000000000000   0.0100000000000000
   0.0010290400    0.0007129500   -0.1348624700
   0.0024881700    0.0038434000   -0.0389832300
   0.0009957700    0.0008054900   -0.0360190100
   0.0013184600    0.0010828900   -0.0360182200
  -0.0038182700    0.0003721400   -0.0389915800
   0.0029496200   -0.0018837600   -0.0398268800
   0.0029573800    0.0035736800   -0.0389842200
   0.0009639600    0.0006530200   -0.0361700100
   0.0008903100    0.0008475300   -0.0359657800
   0.0019151200    0.0010367100   -0.0357295500
   0.0014632000    0.0004863000   -0.0351294900
   0.0016807800   -0.0003404800   -0.0357306900
   0.0010808500    0.0007561800   -0.0360193800
   0.0011701900    0.0006859600   -0.0359658800
   0.0010268200    0.0007594800   -0.0362456000
   0.0005699800    0.0010017400   -0.0351296800
   0.0010610800    0.0008242800   -0.0362456400
   0.0013268200    0.0009224900   -0.0359661900
   0.0011562900    0.0011763700   -0.0360183800
   0.0008172300    0.0016689700   -0.0357293200
  -0.0022279700    0.0010953100   -0.0398266800
  -0.0002527300    0.0007729100   -0.0357304600
   0.0010142600    0.0011015200   -0.0359665000
   0.0009998200    0.0007127600   -0.0361695200
   0.0031236600   -0.0036229000   -0.0389931800
  -0.0070360400   -0.0015905400    0.0647585400
   0.0009032200    0.0003260600    0.0572460600
   0.0004460900    0.0004028500    0.0573333200
   0.0007264600    0.0009312000    0.0581236000
   0.0071745800    0.0122455600    0.0713788300
   0.0023438500   -0.0069855600    0.0647507500
  -0.0002607800   -0.0006701000    0.0582900800
   0.0005051600    0.0004097200    0.0566629900
   0.0003337200    0.0011464000    0.0566128800
  -0.0008386700    0.0004877200    0.0567168500
  -0.0001803200    0.0010358900    0.0577552200
   0.0000164700    0.0008360200    0.0572457800
   0.0002881700    0.0005327800    0.0566629800
   0.0000152400   -0.0001982800    0.0574944500
   0.0010718400    0.0001907600    0.0569733700
   0.0005270900    0.0007035100    0.0562678700
   0.0007617800    0.0004348100    0.0567018500
   0.0003125300    0.0004806900    0.0573333300
   0.0010080200    0.0007583100    0.0566129100
  -0.0001837800    0.0009165000    0.0569736000
   0.0011771400    0.0002537000    0.0577557800
   0.0001806700    0.0007680000    0.0567019500
   0.0004213600    0.0005137200    0.0566408300
   0.0006301200    0.0009873900    0.0581238400
   0.0010315600   -0.0005910000    0.0567159100
   0.0238386000   -0.0153198200    0.0160233200
  -0.0015730300   -0.0009535200   -0.0204174800
  -0.0015645300   -0.0013751200   -0.0208477900
  -0.0013556900   -0.0015398100   -0.0204803900
   0.0002623700    0.0017556000   -0.0198487400
  -0.0263268700    0.0135144200    0.0160510500
  -0.0024753500   -0.0031547500   -0.0196007200
  -0.0014831200   -0.0010897400   -0.0205551200
  -0.0014879100   -0.0014367900   -0.0208579000
  -0.0018491900   -0.0022590600   -0.0202398200
  -0.0031422500   -0.0007332600   -0.0206884700
  -0.0011785000   -0.0011981800   -0.0204186700
  -0.0012300400   -0.0011695000   -0.0205610100
  -0.0014606200   -0.0012153700   -0.0207666000
  -0.0015024600   -0.0013784900   -0.0208732500
  -0.0015007600   -0.0013811400   -0.0210023700
  -0.0015457500   -0.0014093900   -0.0208211500
  -0.0015206100   -0.0014418100   -0.0208428700
  -0.0014926600   -0.0014187000   -0.0208476500
  -0.0015255600   -0.0013944400   -0.0208780900
  -0.0001455600   -0.0024765900   -0.0206842800
  -0.0014898700   -0.0014458500   -0.0208278700
  -0.0015060600   -0.0014146500   -0.0206919900
  -0.0017636200   -0.0013185800   -0.0205003500
  -0.0020563100   -0.0021165000   -0.0202378400

1    
  0.0000000000000000   0.0000000000000000  -0.0100000000000000
   0.0010859200    0.0009180300    0.0621005100
  -0.0003146200   -0.0020956600   -0.0332269400
   0.0012126000    0.0009943900   -0.0361991500
   0.0009042600    0.0007266000   -0.0361983400
   0.0060785000    0.0014818900   -0.0332353100
  -0.0005774800    0.0035991400   -0.0323149800
  -0.0007712200   -0.0018323200   -0.0332261800
   0.0012563400    0.0011607900   -0.0360561900
   0.0013149600    0.0009570400   -0.0362525100
   0.0003141300    0.0007714100   -0.0364837800
   0.0007561100    0.0013170100   -0.0370860800
   0.0005263800    0.0021378000   -0.0364844700
   0.0011350100    0.0010386200   -0.0361994800
   0.0010514600    0.0011082500   -0.0362522000
   0.0011861500    0.0010362100   -0.0359747000
   0.0016437800    0.0008074000   -0.0370862600
   0.0011556700    0.0009885400   -0.0359747200
   0.0008791200    0.0008906700   -0.0362525200
   0.0010564500    0.0006390700   -0.0361984500
   0.0013914400    0.0001514600   -0.0364830700
   0.0042875000    0.0007993700   -0.0323147800
   0.0024702700    0.0010193000   -0.0364847400
   0.0012116500    0.0006988000   -0.0362532400
   0.0012114900    0.0010807300   -0.0360556800
  -0.0008873100    0.0054900500   -0.0332351700
   0.0081428000    0.0025885600    0.0487859100
  -0.0001086900    0.0006179900    0.0566427000
   0.0003457100    0.0005372300    0.0565716200
   0.0000635000    0.0000024200    0.0557713800
  -0.0066073700   -0.0116933100    0.0420071700
  -0.0016635600    0.0082255700    0.0487939700
   0.0010467100    0.0016010600    0.0556353100
   0.0002890800    0.0005259400    0.0572434000
   0.0004571900   -0.0002104000    0.0572866000
   0.0016600100    0.0004557500    0.0572151300
   0.0009783900   -0.0000922600    0.0561409400
   0.0007776900    0.0001070700    0.0566429800
   0.0004973300    0.0004043600    0.0572434800
   0.0007828200    0.0011354800    0.0564111000
  -0.0002670600    0.0007535300    0.0569269600
   0.0002592700    0.0002373300    0.0576435400
   0.0000273400    0.0005086900    0.0572097000
   0.0004789900    0.0004614900    0.0565715700
  -0.0002276800    0.0001843000    0.0572867500
   0.0009748700    0.0000419400    0.0569266500
  -0.0003798400    0.0006887200    0.0561403400
   0.0006139900    0.0001701700    0.0572097400
   0.0003694000    0.0004230300    0.0572686000
   0.0001595700   -0.0000534600    0.0557707700
  -0.0002519200    0.0015551900    0.0572160000
  -0.0256284400    0.0120267300   -0.0568799200
  -0.0014663000   -0.0017279400   -0.0212699400
  -0.0014882600   -0.0012873500   -0.0208417900
  -0.0017264500   -0.0011411000   -0.0211984600
  -0.0032625100   -0.0043681900   -0.0218163400
   0.0222047300   -0.0155459300   -0.0568972000
  -0.0005098800    0.0002599400   -0.0220922700
  -0.0014894600   -0.0017394800   -0.0211166200
  -0.0014440000   -0.0013923200   -0.0208417400
  -0.0011332500   -0.0005746100   -0.0214483700
   0.0000955100   -0.0019263200   -0.0210332700
  -0.0019018400   -0.0014936700   -0.0212708200
  -0.0017888200   -0.0015014800   -0.0211225200
  -0.0016108900   -0.0014764300   -0.0209369000
  -0.0015195400   -0.0013080400   -0.0207996700
  -0.0014963600   -0.0013732700   -0.0206810500
  -0.0014197200   -0.0013907600   -0.0208655400
  -0.0014832400   -0.0013316000   -0.0208368900
  -0.0014761300   -0.0013585000   -0.0208315300
  -0.0014558000   -0.0013740200   -0.0208046300
  -0.0028025300   -0.0002765500   -0.0210297800
  -0.0015375400   -0.0013275600   -0.0208720100
  -0.0014638800   -0.0013412800   -0.0209817500
  -0.0012327800   -0.0014389600   -0.0212185600
  -0.0009597500   -0.0006523000   -0.0214463300

26   
  0.0083788727774803   0.0054584330149594   0.0000000000000000
   0.0075887000    0.0013160100   -0.0435184900
   0.0039290400    0.0058125400   -0.0237288800
   0.0031450400    0.0014685500   -0.0355756900
  -0.0007557600    0.0010997200   -0.0361043500
   0.0017434700    0.0012693500   -0.0357644700
   0.0021730700    0.0007561600   -0.0355781000
   0.0014521800    0.0013634000   -0.0361617800
   0.0008701100    0.0026711600   -0.0356285900
   0.0017641100    0.0011262400   -0.0360654700
   0.0014139200    0.0002104600   -0.0361261700
   0.0011436000    0.0011727000   -0.0358692700
   0.0013575000    0.0005834500   -0.0363574500
   0.0006800100    0.0007292300   -0.0354359500
   0.0018302700    0.0001195900   -0.0361749900
   0.0007602200    0.0011031900   -0.0358239700
   0.0010187000    0.0005721400   -0.0362830100
   0.0007562100    0.0009430300   -0.0356996300
   0.0011941000    0.0012012000   -0.0367966000
   0.0006794200    0.0016282500   -0.0361637000
   0.0011420600    0.0013465800   -0.0362248700
   0.0007347700    0.0030579700   -0.0386216800
  -0.0006988900    0.0018222900   -0.0371658700
   0.0004288000    0.0003237600   -0.0357931300
   0.0022309100    0.0007086100   -0.0360519900
   0.0023530500    0.0024721100   -0.0372857600
  -0.0654431800   -0.0208488500    0.0558930500
   0.0062829200    0.0057259500    0.0561265600
   0.0001202000    0.0003509600    0.0572209100
  -0.0000678100    0.0006609500    0.0565549800
   0.0069926400    0.0033192200    0.0580962000
   0.0131789600   -0.0039124400    0.0555843300
   0.0037908700    0.0037775300    0.0566931600
   0.0013885000    0.0022497400    0.0578022500
  -0.0006841900   -0.0002300100    0.0570610500
   0.0040041200    0.0000643100    0.0560183000
   0.0004661400    0.0014541800    0.0561502900
  -0.0000777900    0.0002600700    0.0572378200
   0.0008779400    0.0006034900    0.0569077700
   0.0005398700   -0.0003470500    0.0568581600
   0.0005249600    0.0008231600    0.0572631500
   0.0008914000    0.0008067600    0.0576626500
   0.0005180200    0.0008326200    0.0563615800
   0.0005067100   -0.0002904500    0.0571630500
   0.0010706200    0.0003112000    0.0570091900
  -0.0003363600    0.0006580800    0.0565498200
   0.0152799400   -0.0071126900    0.0564723700
   0.0037823100    0.0004357800    0.0575450000
  -0.0006444900   -0.0002845500    0.0569438200
   0.0013765300    0.0022208200    0.0561279900
   0.0024567600    0.0056035300    0.0584840200
  -0.0011139300   -0.0007221600   -0.0223347700
  -0.0013715700   -0.0003088400   -0.0205057600
  -0.0013812700   -0.0011330700   -0.0209439800
  -0.0015499500   -0.0012085100   -0.0208692600
  -0.0018429200   -0.0016165800   -0.0206406400
  -0.0022108700   -0.0013695300   -0.0196585200
  -0.0010260900   -0.0011241800   -0.0211957600
  -0.0015107900   -0.0014670300   -0.0210150000
  -0.0014253100   -0.0014402900   -0.0208625000
  -0.0014168300   -0.0013182800   -0.0210410700
  -0.0013852800   -0.0010649100   -0.0210230500
  -0.0016283500   -0.0011270600   -0.0207306800
  -0.0013962800   -0.0013279000   -0.0209954100
  -0.0014332600   -0.0011731200   -0.0208510500
  -0.0013270100   -0.0012021600   -0.0206350800
  -0.0012709600   -0.0013605000   -0.0207899900
  -0.0015862800   -0.0014437600   -0.0208881400
  -0.0011036000   -0.0014444900   -0.0208835700
  -0.0014199400   -0.0014413300   -0.0208530800
  -0.0014028500   -0.0014640100   -0.0210324900
  -0.0015162700   -0.0014996600   -0.0207189700
  -0.0008543900   -0.0016430300   -0.0208424000
  -0.0014458400   -0.0010682900   -0.0208396800
  -0.0014898600   -0.0014295300   -0.0209864600
  -0.0016205000   -0.0016117700   -0.0206502800

26   
 -0.0083788727774803  -0.0054584330149594   0.0000000000000000
  -0.0054869900    0.0005277200   -0.0285217500
  -0.0017136900   -0.0039675500   -0.0483391600
  -0.0008840800    0.0003419500   -0.0366379200
   0.0029782800    0.0007077500   -0.0361150200
   0.0004116100    0.0005342900   -0.0364528100
   0.0000393700    0.0010507200   -0.0366451100
   0.0007413900    0.0004422200   -0.0360655700
   0.0013311900   -0.0008414100   -0.0365909100
   0.0004475000    0.0006852200   -0.0361583100
   0.0008248600    0.0015894300   -0.0360892600
   0.0010772500    0.0006346100   -0.0363479300
   0.0008580900    0.0012123200   -0.0358639200
   0.0015339600    0.0010791100   -0.0367845600
   0.0003912000    0.0016877500   -0.0360459000
   0.0014451500    0.0007027300   -0.0363988800
   0.0011939200    0.0012429300   -0.0359277000
   0.0014452000    0.0008600800   -0.0365144000
   0.0010182200    0.0005996600   -0.0354253300
   0.0015310200    0.0001679400   -0.0360584100
   0.0010818200    0.0004457800   -0.0359847700
   0.0015099500   -0.0012150600   -0.0336776800
   0.0028696000   -0.0000117700   -0.0350896600
   0.0017694500    0.0014879200   -0.0364302400
  -0.0000232700    0.0010892800   -0.0361694200
  -0.0001222200   -0.0006549900   -0.0349505600
   0.0663995800    0.0215620300    0.0577393700
  -0.0049105600   -0.0043635400    0.0578216300
   0.0006652700    0.0005767500    0.0567047600
   0.0008653300    0.0002911300    0.0573683100
  -0.0068149000   -0.0027574400    0.0558461700
  -0.0125248500    0.0050284800    0.0583599500
  -0.0029649300   -0.0026596800    0.0572281600
  -0.0005835500   -0.0012835100    0.0560991700
   0.0014621100    0.0011794800    0.0568392100
  -0.0032229000    0.0008783500    0.0578803000
   0.0003221900   -0.0005270700    0.0577563100
   0.0008899300    0.0006543900    0.0566584800
  -0.0000866900    0.0003313700    0.0570031300
   0.0002575000    0.0012753400    0.0570534200
   0.0002738200    0.0001128200    0.0566373400
  -0.0001036600    0.0001319400    0.0562397500
   0.0002669200    0.0001222200    0.0575407900
   0.0002839300    0.0012404500    0.0567487900
  -0.0002820600    0.0006347000    0.0568976000
   0.0011138200    0.0003117000    0.0573488700
  -0.0143590200    0.0078693500    0.0574407300
  -0.0029620700    0.0005089400    0.0563438700
   0.0014421800    0.0012164500    0.0569520500
  -0.0005955800   -0.0013123700    0.0577696700
  -0.0016846200   -0.0048465500    0.0554033500
  -0.0019481100   -0.0019026200   -0.0193749400
  -0.0016693400   -0.0023563100   -0.0211542500
  -0.0016667200   -0.0015252300   -0.0207435300
  -0.0015321000   -0.0014728500   -0.0208124500
  -0.0011769500   -0.0010365300   -0.0210394000
  -0.0007177600   -0.0014636400   -0.0220255900
  -0.0019348800   -0.0017299000   -0.0205195300
  -0.0014683000   -0.0013737000   -0.0206613000
  -0.0015107500   -0.0013935900   -0.0208361600
  -0.0015667800   -0.0015254900   -0.0206369800
  -0.0016537000   -0.0016003500   -0.0206871900
  -0.0014438800   -0.0015660000   -0.0209456700
  -0.0016184700   -0.0013421100   -0.0206885400
  -0.0016396900   -0.0015233900   -0.0208538000
  -0.0017003500   -0.0014866500   -0.0210360200
  -0.0017286300   -0.0013925200   -0.0208925400
  -0.0013828900   -0.0013523700   -0.0207965600
  -0.0018999800   -0.0013295900   -0.0207947600
  -0.0015497500   -0.0013321100   -0.0208259100
  -0.0015794200   -0.0013061000   -0.0206499800
  -0.0014419900   -0.0012636000   -0.0209748500
  -0.0021627100   -0.0011415500   -0.0208526400
  -0.0015207900   -0.0016853600   -0.0208351300
  -0.0015033300   -0.0013261000   -0.0207329900
  -0.0013987200   -0.0011466600   -0.0210252900

26   
 -0.0086669053253634   0.0049884618953328   0.0000000000000000
  -0.0038860700    0.0012790200   -0.0305361800
   0.0010856700    0.0008887100   -0.0361756000
   0.0006876000    0.0010312100   -0.0361632100
   0.0020190300    0.0009392800   -0.0361838400
   0.0007861600    0.0007768300   -0.0366168500
  -0.0003363000    0.0007946000   -0.0368951200
   0.0025884200   -0.0008291400   -0.0372168900
   0.0007814900    0.0011978500   -0.0360528800
   0.0002258600    0.0014046200   -0.0361108600
   0.0011657000    0.0014455800   -0.0357707900
   0.0013132200    0.0007909100   -0.0361008800
   0.0010591800    0.0009374500   -0.0353923700
   0.0013990200    0.0001318700   -0.0365045000
   0.0015362200    0.0000956000   -0.0360299300
   0.0006634700    0.0005813800   -0.0364439800
   0.0004710000    0.0022092200   -0.0353278200
   0.0010464700    0.0009160500   -0.0368331200
   0.0012469500    0.0008215100   -0.0361081400
   0.0007717900    0.0010678900   -0.0359861200
   0.0010567700    0.0012445200   -0.0355941300
  -0.0016842900    0.0049533300   -0.0415997600
   0.0032844400    0.0004772100   -0.0350346300
   0.0019140300    0.0010413800   -0.0357206700
   0.0007978400    0.0011107600   -0.0362312300
   0.0005517000    0.0012293600   -0.0361118800
   0.0893784100   -0.0505644200    0.0568939200
  -0.0045263000   -0.0000592300    0.0575977900
   0.0005615600    0.0011253300    0.0566151800
   0.0003787500    0.0008256000    0.0574626400
  -0.0034277600    0.0019604800    0.0574213600
  -0.0297919900    0.0157493900    0.0579965200
  -0.0016148200    0.0051010700    0.0563195400
   0.0004448800    0.0004394200    0.0569482100
   0.0007225000    0.0009304200    0.0567221200
  -0.0030097100    0.0003226900    0.0575334000
   0.0003418700    0.0000463500    0.0586188900
  -0.0009682800    0.0038783800    0.0572874300
  -0.0000963700   -0.0000046400    0.0572891900
   0.0001651300   -0.0000552200    0.0571815000
   0.0005302200    0.0004005200    0.0569490100
   0.0007692500    0.0007020100    0.0552826300
   0.0005234300    0.0003950900    0.0569496500
   0.0001345100   -0.0000932000    0.0567189700
   0.0000870700    0.0003078800    0.0564435600
  -0.0011989200    0.0035047700    0.0563624700
  -0.0266362400    0.0180916600    0.0560047700
  -0.0032378400   -0.0000574700    0.0566028900
   0.0007553500    0.0009778000    0.0571843200
   0.0004494900    0.0004412600    0.0569477600
  -0.0028087900    0.0029115200    0.0565077300
  -0.0016560500   -0.0012412500   -0.0208688800
  -0.0016464300   -0.0018696100   -0.0215668800
  -0.0017384100   -0.0014367800   -0.0209027700
  -0.0016214400   -0.0014564300   -0.0208243200
  -0.0013103400   -0.0012510500   -0.0208496800
  -0.0007367400   -0.0015641200   -0.0219989000
  -0.0010888700   -0.0010468000   -0.0201173600
  -0.0014943400   -0.0014080700   -0.0208350900
  -0.0014026200   -0.0011944400   -0.0208327300
  -0.0016965700   -0.0014955000   -0.0208293200
  -0.0017843000   -0.0014010100   -0.0206144100
  -0.0020390200   -0.0011062200   -0.0209532200
  -0.0015223600   -0.0010957200   -0.0207834900
  -0.0016963400   -0.0015121100   -0.0208690600
  -0.0016870000   -0.0012452000   -0.0208361900
  -0.0015663200   -0.0011241800   -0.0210823400
  -0.0013581700   -0.0014697800   -0.0208404900
  -0.0016687100   -0.0011178400   -0.0207928700
  -0.0014252500   -0.0012631200   -0.0208550500
  -0.0015313600   -0.0011734000   -0.0208543500
  -0.0009825300   -0.0019372800   -0.0196863300
  -0.0019735200   -0.0010793300   -0.0207363500
  -0.0018011000   -0.0013712800   -0.0208849600
  -0.0015600600   -0.0013476900   -0.0208604600
  -0.0014829100   -0.0016062500   -0.0208245700

26   
  0.0086669053253634  -0.0049884618953328   0.0000000000000000
   0.0060160900    0.0005241100   -0.0416039800
   0.0011072700    0.0008781200   -0.0361727400
   0.0015263400    0.0007684000   -0.0360519600
   0.0001959100    0.0008677200   -0.0360298400
   0.0014275900    0.0010309400   -0.0355943000
   0.0025557000    0.0010084100   -0.0353285000
  -0.0003529900    0.0025722500   -0.0350338500
   0.0014297900    0.0006046000   -0.0361643100
   0.0019842000    0.0003925400   -0.0361110700
   0.0010541800    0.0003570000   -0.0364445700
   0.0009099800    0.0010228100   -0.0361013300
   0.0011495300    0.0008555600   -0.0368329400
   0.0008242100    0.0016680100   -0.0357199100
   0.0006827100    0.0017075200   -0.0361837500
   0.0015490400    0.0012240000   -0.0357706100
   0.0017391700   -0.0003988800   -0.0368950500
   0.0011625200    0.0008791500   -0.0353918600
   0.0009657500    0.0009838400   -0.0361080900
   0.0014430100    0.0007405400   -0.0362314700
   0.0011592800    0.0005626500   -0.0366174500
   0.0039414600   -0.0032251300   -0.0305414100
  -0.0011314900    0.0013123600   -0.0372162200
   0.0002971100    0.0007661600   -0.0365044800
   0.0014190600    0.0006940900   -0.0359860200
   0.0016711500    0.0005846000   -0.0361121200
  -0.0884294000    0.0517764500    0.0568988500
   0.0054063100    0.0010550700    0.0563198800
   0.0002351200   -0.0001931300    0.0572891300
   0.0004069200    0.0001232500    0.0564437600
   0.0041162800   -0.0010755000    0.0565078000
   0.0292111700   -0.0140513000    0.0560048700
   0.0024099300   -0.0040507900    0.0575980100
   0.0003430300    0.0004980000    0.0569482700
   0.0000598300    0.0000062400    0.0571814900
   0.0038192400    0.0006154100    0.0563624800
   0.0004083100    0.0009077400    0.0552825500
   0.0017677800   -0.0029407100    0.0566031900
   0.0008799800    0.0009400300    0.0566152600
   0.0006312100    0.0009820800    0.0567222900
   0.0002695100    0.0005502400    0.0569492400
   0.0000579100    0.0002120400    0.0586188500
   0.0002627400    0.0005448800    0.0569497000
   0.0006550100    0.0010387000    0.0571843400
   0.0007088000    0.0006364900    0.0574625300
   0.0019780500   -0.0025481500    0.0575333000
   0.0287698800   -0.0179584100    0.0579964300
   0.0040322800    0.0010015800    0.0572877700
   0.0000381900   -0.0000410200    0.0567192200
   0.0003475900    0.0004997400    0.0569478300
   0.0036052900   -0.0020895700    0.0574214000
  -0.0013999300   -0.0013886600   -0.0208679000
  -0.0013917100   -0.0008133200   -0.0201072700
  -0.0013142800   -0.0012238900   -0.0207858600
  -0.0014652600   -0.0012283800   -0.0208569900
  -0.0017234100   -0.0014207900   -0.0208237400
  -0.0021970000   -0.0012590900   -0.0196743100
  -0.0018742400   -0.0017974900   -0.0215781300
  -0.0014756500   -0.0014191400   -0.0208350800
  -0.0015277600   -0.0016363200   -0.0208648300
  -0.0012831300   -0.0013479100   -0.0208532300
  -0.0012658000   -0.0012648800   -0.0210970200
  -0.0010403500   -0.0015901200   -0.0207275200
  -0.0014934400   -0.0015691600   -0.0209005100
  -0.0013771100   -0.0011817800   -0.0208370300
  -0.0013400300   -0.0014447800   -0.0208362500
  -0.0014243300   -0.0016407000   -0.0205992500
  -0.0016080300   -0.0013261400   -0.0208408300
  -0.0013379300   -0.0016575900   -0.0208860600
  -0.0015440100   -0.0015129200   -0.0208224400
  -0.0014513500   -0.0016046800   -0.0208304000
  -0.0019796800   -0.0008264400   -0.0220112700
  -0.0010524000   -0.0016994400   -0.0209618800
  -0.0011679600   -0.0013859800   -0.0207918800
  -0.0014389700   -0.0014174100   -0.0208604000
  -0.0015437800   -0.0011637500   -0.0208504900

26   
  0.0000000000000000   0.0000000000000000   0.0100000000000000
   0.0005540900   -0.0002765200   -0.0279296300
   0.0040749500    0.0060585300   -0.0211589500
   0.0018841800    0.0012428100   -0.0349285100
   0.0011959800    0.0009321100   -0.0357256200
   0.0000319700    0.0003969500   -0.0358071800
  -0.0022065800    0.0017314600   -0.0353065500
   0.0019779600    0.0011154200   -0.0363652600
   0.0010118000    0.0017455700   -0.0349291000
   0.0012572700    0.0011629000   -0.0364228400
   0.0011620700    0.0008682500   -0.0363618500
   0.0014720300    0.0015323500   -0.0367952900
   0.0016270700   -0.0002366200   -0.0360838200
   0.0015205100    0.0008495800   -0.0364453900
   0.0010898200    0.0009924900   -0.0357256300
   0.0010516500    0.0009310500   -0.0363615100
   0.0034881900   -0.0015445800   -0.0353067600
  -0.0001384000    0.0007804500   -0.0360839200
   0.0011995700    0.0010646500   -0.0355673000
   0.0012890600    0.0004512500   -0.0363995400
   0.0012093000   -0.0002801700   -0.0358077100
   0.0003636100   -0.0001642300   -0.0279381800
   0.0008584200    0.0017607700   -0.0363644100
   0.0008566500    0.0012319000   -0.0364456800
   0.0006254100    0.0008321100   -0.0363992700
   0.0004362300   -0.0002663400   -0.0347849900
  -0.0001324200   -0.0004542100    0.0095300500
   0.0007215000    0.0019797000    0.0589632500
  -0.0001417900    0.0005520900    0.0572192000
   0.0007423800    0.0004038500    0.0572197100
  -0.0004469800    0.0002611700    0.0589624500
   0.0008009200   -0.0009765400    0.0559111200
   0.0015376600    0.0015131700    0.0589626400
  -0.0000673500   -0.0003328200    0.0567613800
   0.0002465500    0.0006869700    0.0569347700
   0.0009446600    0.0007358800    0.0575662700
   0.0018089100   -0.0004079300    0.0584651700
   0.0005320300   -0.0004732800    0.0575652700
   0.0007374300    0.0000438000    0.0572192500
   0.0006600200    0.0004482500    0.0569347100
   0.0000664600   -0.0001039000    0.0558400300
  -0.0010719800    0.0012522500    0.0584651900
   0.0005700200    0.0007771900    0.0558427800
   0.0001972500    0.0005951200    0.0569350700
   0.0001614100    0.0007391800    0.0572195200
   0.0003492100    0.0010787800    0.0575661400
  -0.0010599800    0.0000932700    0.0559110100
  -0.0004839900    0.0001131400    0.0575653700
   0.0006019200    0.0003591300    0.0569353300
   0.0008780400    0.0013035200    0.0567604800
   0.0006391600   -0.0003643700    0.0589619000
  -0.0032825000   -0.0043640500   -0.0157780700
  -0.0010392800   -0.0005805700   -0.0210440300
  -0.0014665100   -0.0011451400   -0.0208539900
  -0.0015403300   -0.0011973700   -0.0208089000
  -0.0016365400   -0.0013080000   -0.0210031100
  -0.0004660400   -0.0003606100   -0.0222861000
  -0.0010638900   -0.0006238500   -0.0210537000
  -0.0013860100   -0.0012416400   -0.0209077000
  -0.0013535600   -0.0015408400   -0.0209173300
  -0.0010924500   -0.0014113400   -0.0208748700
  -0.0010374900   -0.0019288600   -0.0205743900
  -0.0020222800   -0.0009167100   -0.0202755400
  -0.0013778500   -0.0011874100   -0.0208515500
  -0.0017013600   -0.0013134500   -0.0209216800
  -0.0015970200   -0.0014897900   -0.0207125200
  -0.0022556300   -0.0012599000   -0.0205598000
  -0.0014902500   -0.0014107000   -0.0211991800
  -0.0018588700   -0.0012029000   -0.0209102500
  -0.0013607500   -0.0013125900   -0.0208068700
  -0.0016819900   -0.0010400700   -0.0208760400
  -0.0010748300    0.0000114200   -0.0222976600
  -0.0008975500   -0.0015894200   -0.0202842700
  -0.0011460000   -0.0015931100   -0.0209091100
  -0.0014256000   -0.0012540400   -0.0210627400
  -0.0014291800   -0.0014746100   -0.0210037400

26   
  0.0000000000000000   0.0000000000000000  -0.0100000000000000
   0.0014332200    0.0020847100   -0.0439041300
  -0.0016958700   -0.0039684100   -0.0505325700
   0.0003323400    0.0005635800   -0.0372819600
   0.0010220100    0.0008748600   -0.0364884200
   0.0021633600    0.0014065400   -0.0364117500
   0.0044149700    0.0000719300   -0.0369232100
   0.0002819200    0.0006204500   -0.0358666200
   0.0012040500    0.0000625100   -0.0372834100
   0.0009562700    0.0006402900   -0.0357961600
   0.0010557900    0.0009333500   -0.0358551900
   0.0007494700    0.0002784500   -0.0354207600
   0.0005862000    0.0020342100   -0.0361319200
   0.0006989500    0.0009583400   -0.0357725900
   0.0011275800    0.0008132300   -0.0364884500
   0.0011609900    0.0008720900   -0.0358547500
  -0.0012721600    0.0033455900   -0.0369222300
   0.0023490400    0.0010210100   -0.0361314800
   0.0010136200    0.0007415800   -0.0366518000
   0.0009215400    0.0013506700   -0.0358200800
   0.0010123100    0.0020692500   -0.0364116600
   0.0019694900    0.0017717800   -0.0438968100
   0.0012760000    0.0000463100   -0.0358675500
   0.0013633400    0.0005764200   -0.0357730000
   0.0015879100    0.0009658700   -0.0358199500
   0.0017854000    0.0020782400   -0.0374410700
   0.0008985200    0.0013469100    0.1029135600
   0.0000213100   -0.0010679500    0.0549621200
   0.0009376600    0.0003850300    0.0566878000
   0.0000407200    0.0005357800    0.0566882800
   0.0012849100    0.0007083300    0.0549613000
   0.0001232900    0.0018374000    0.0580135300
  -0.0007463700   -0.0006237300    0.0549626100
   0.0008516900    0.0012640200    0.0571436600
   0.0005360300    0.0002576900    0.0569691500
  -0.0001472600    0.0002115300    0.0563371700
  -0.0010314100    0.0013452600    0.0554334300
   0.0002622100    0.0014048800    0.0563363700
   0.0000507900    0.0008933800    0.0566879100
   0.0001431100    0.0004828700    0.0569693800
   0.0007266300    0.0010431300    0.0580523600
   0.0018709300   -0.0003229800    0.0554334500
   0.0002195700    0.0001687600    0.0580550700
   0.0005878500    0.0003533200    0.0569697200
   0.0006277600    0.0001983600    0.0566881700
   0.0004440200   -0.0001280000    0.0563372000
   0.0017136600    0.0009208500    0.0580134300
   0.0012758100    0.0008233500    0.0563363000
   0.0001963800    0.0005753000    0.0569696900
  -0.0000754300   -0.0003529400    0.0571427000
   0.0001553700    0.0013579500    0.0549618100
   0.0001891500    0.0016691900   -0.0258299400
  -0.0019865500   -0.0020689700   -0.0205989800
  -0.0015820300   -0.0015152900   -0.0208378600
  -0.0015448600   -0.0014852100   -0.0208728800
  -0.0013917700   -0.0013546500   -0.0206785000
  -0.0024408700   -0.0024650800   -0.0193883300
  -0.0018765300   -0.0021929900   -0.0206106200
  -0.0015834300   -0.0015845700   -0.0207683200
  -0.0015784100   -0.0012904100   -0.0207811000
  -0.0018834300   -0.0014291300   -0.0208054700
  -0.0020052200   -0.0007396700   -0.0211361400
  -0.0010635200   -0.0017710900   -0.0214083600
  -0.0016398200   -0.0014737600   -0.0208356600
  -0.0013717200   -0.0013820400   -0.0207852600
  -0.0014295300   -0.0011992900   -0.0209610800
  -0.0007410200   -0.0014999000   -0.0211209300
  -0.0014776400   -0.0013881400   -0.0204875600
  -0.0011465300   -0.0015703100   -0.0207690200
  -0.0016073200   -0.0014610300   -0.0208710700
  -0.0013000900   -0.0017332300   -0.0208065300
  -0.0019030400   -0.0027531700   -0.0194011400
  -0.0021177800   -0.0011906100   -0.0214171300
  -0.0018218000   -0.0011619300   -0.0207680600
  -0.0015693900   -0.0015039600   -0.0206591800
  -0.0015923100   -0.0012860500   -0.0206795000

51   
  0.0083788727774803   0.0054584330149594   0.0000000000000000
   0.0153276000   -0.0059930700   -0.0229516200
   0.0010572000   -0.0009726800   -0.0329313900
   0.0018861900    0.0014412400   -0.0360573900
   0.0007067600    0.0006016500   -0.0361654500
   0.0019274700    0.0015948700   -0.0359467800
   0.0021139400    0.0010333600   -0.0356015000
   0.0005339900    0.0021527300   -0.0369680800
   0.0013141100    0.0022154700   -0.0362964700
   0.0011712800    0.0011713100   -0.0361476000
   0.0008546100    0.0009104200   -0.0361228800
   0.0006888200    0.0007960900   -0.0361155000
   0.0013354400    0.0008614700   -0.0361451000
   0.0011771500    0.0003016300   -0.0361336800
   0.0011600800    0.0004128700   -0.0361555300
   0.0011231700    0.0007912400   -0.0361688200
   0.0014785900    0.0018537600   -0.0371437700
   0.0009751500    0.0011274400   -0.0361211700
   0.0013331800    0.0012920600   -0.0359756600
   0.0012378400    0.0020249500   -0.0357820100
   0.0012715600    0.0015248700   -0.0357263000
   0.0164928300   -0.0077816200   -0.0485317300
   0.0037139000    0.0008705400   -0.0368807100
   0.0005521000    0.0004448200   -0.0361425400
   0.0018128300    0.0012820400   -0.0359255900
   0.0009106000   -0.0006471700   -0.0378370300
   0.0008124900    0.0010553100    0.0538651900
   0.0000135800    0.0002454400    0.0568625900
   0.0005108600    0.0004121000    0.0570342900
   0.0006642500    0.0004681400    0.0570999300
   0.0010131800    0.0007625700    0.0577473600
   0.0002617300    0.0004859000    0.0580523200
   0.0003287600    0.0001673300    0.0569678400
   0.0003989600    0.0004146000    0.0570849100
   0.0006671300    0.0004180200    0.0571199300
   0.0007619400    0.0006707800    0.0573578900
   0.0004612600    0.0007371800    0.0563831800
   0.0003630400    0.0005771400    0.0569846700
   0.0003372300    0.0006033500    0.0570974100
   0.0005621300    0.0007716900    0.0567562500
   0.0002942900    0.0004234200    0.0569433800
   0.0006916800    0.0004870000    0.0570313900
   0.0005827000    0.0006161700    0.0568022300
   0.0006363000    0.0004378900    0.0568345900
   0.0003767800    0.0006775400    0.0571422500
   0.0005968300    0.0002423800    0.0567829700
  -0.0002568900    0.0003754800    0.0583570000
   0.0005990700    0.0003849700    0.0572912300
   0.0003019300    0.0006540800    0.0569786100
   0.0003757700    0.0004255100    0.0571249300
   0.0003804100    0.0015038900    0.0577161700
  -0.0428363300    0.0038279600   -0.0245324200
   0.0018197700    0.0002962600   -0.0217900900
  -0.0016198900   -0.0013287500   -0.0208477700
  -0.0015961800   -0.0013966300   -0.0208175000
   0.0017827800    0.0001525100   -0.0194793900
  -0.0014966900   -0.0018642000   -0.0199128100
  -0.0018479900    0.0003038900   -0.0211745600
  -0.0017981900   -0.0017784000   -0.0211621200
  -0.0014730300   -0.0014457800   -0.0208057800
  -0.0012218700   -0.0014248800   -0.0207075500
  -0.0014922300   -0.0012980600   -0.0209098100
  -0.0015355700   -0.0013374900   -0.0208090500
  -0.0014994300   -0.0013920300   -0.0208338300
  -0.0015218600   -0.0014427800   -0.0208389700
  -0.0014601700   -0.0013171200   -0.0207860900
  -0.0014811100   -0.0013282500   -0.0207661000
  -0.0014307600   -0.0013715500   -0.0208943400
  -0.0015318300   -0.0014144900   -0.0208689200
  -0.0015153700   -0.0013865500   -0.0208448500
  -0.0015403400   -0.0012980500   -0.0208336000
  -0.0021082000   -0.0009393500   -0.0212128100
  -0.0012996000   -0.0013117400   -0.0209803600
  -0.0014451400   -0.0014734900   -0.0208915500
  -0.0018126500   -0.0017552900   -0.0204749400
  -0.0019299500    0.0003961000   -0.0202690100

51   
 -0.0083788727774803  -0.0054584330149594   0.0000000000000000
  -0.0130950800    0.0081011800   -0.0494626900
   0.0011146800    0.0026440400   -0.0392274500
   0.0003332900    0.0003641200   -0.0361504400
   0.0015112600    0.0012062700   -0.0360536000
   0.0002364900    0.0001876700   -0.0362802900
   0.0000954100    0.0007743700   -0.0366269300
   0.0016660000   -0.0003357600   -0.0352499600
   0.0008994100   -0.0004006500   -0.0359173500
   0.0010454700    0.0006381800   -0.0360721500
   0.0013590200    0.0008939700   -0.0360982900
   0.0015267200    0.0009999900   -0.0361074700
   0.0008822100    0.0009380900   -0.0360754500
   0.0010376000    0.0015002400   -0.0360869100
   0.0010562600    0.0013880800   -0.0360639800
   0.0010950900    0.0010088000   -0.0360529900
   0.0007365100   -0.0000421300   -0.0350819900
   0.0012293800    0.0006838000   -0.0360969800
   0.0008805800    0.0005101800   -0.0362440200
   0.0009765100   -0.0002296200   -0.0364313400
   0.0009505600    0.0002665800   -0.0364936400
  -0.0143913200    0.0094026200   -0.0237385700
  -0.0014180000    0.0009402600   -0.0353609500
   0.0016623200    0.0013505700   -0.0360814200
   0.0003955100    0.0005229500   -0.0362854300
   0.0013465900    0.0025651200   -0.0343262500
  -0.0000219700   -0.0001253200    0.0600670500
   0.0007718400    0.0006834100    0.0570423200
   0.0002817800    0.0005262300    0.0568734500
   0.0001213100    0.0004705900    0.0568011100
  -0.0002364400    0.0001754900    0.0561414600
   0.0005088800    0.0004561100    0.0558492900
   0.0004579500    0.0007740300    0.0569342500
   0.0003852200    0.0005180000    0.0568280100
   0.0001231400    0.0005204400    0.0567890800
   0.0000357300    0.0002781600    0.0565532000
   0.0003363600    0.0001937900    0.0575213100
   0.0004313900    0.0003586600    0.0569263100
   0.0004539400    0.0003335900    0.0568098200
   0.0002342000    0.0001671300    0.0571525900
   0.0004976500    0.0005144000    0.0569663000
   0.0000902200    0.0004621500    0.0568696900
   0.0002090500    0.0003316400    0.0571012600
   0.0001578500    0.0005045800    0.0570734100
   0.0004114200    0.0002685400    0.0567665100
   0.0001982500    0.0006979500    0.0571200000
   0.0010620900    0.0005482600    0.0555536200
   0.0002035500    0.0005541300    0.0566187700
   0.0004878800    0.0002837000    0.0569269600
   0.0004180900    0.0005185000    0.0567722700
   0.0004229400   -0.0005626000    0.0561790400
   0.0398564000   -0.0065695500   -0.0170017400
  -0.0047719100   -0.0029020200   -0.0198911300
  -0.0014343700   -0.0013358100   -0.0208421900
  -0.0014881900   -0.0012846700   -0.0208663400
  -0.0049096800   -0.0028913200   -0.0222020400
  -0.0014093300   -0.0009558900   -0.0217601200
  -0.0011096900   -0.0031205900   -0.0205166200
  -0.0011705300   -0.0010388600   -0.0205137200
  -0.0014597700   -0.0013858900   -0.0208936100
  -0.0017529100   -0.0014157600   -0.0209708900
  -0.0015446300   -0.0013692600   -0.0208024700
  -0.0015394500   -0.0013554700   -0.0208720300
  -0.0015163800   -0.0012735900   -0.0208505500
  -0.0015504000   -0.0012493200   -0.0208690400
  -0.0015653200   -0.0013704700   -0.0208853200
  -0.0015169900   -0.0014248000   -0.0209172600
  -0.0015359400   -0.0014248500   -0.0207902100
  -0.0014717000   -0.0013571300   -0.0208108700
  -0.0014547600   -0.0013871800   -0.0208327800
  -0.0014411000   -0.0014743200   -0.0208484600
  -0.0008642100   -0.0018064800   -0.0204829700
  -0.0017275400   -0.0014609000   -0.0207177700
  -0.0015205200   -0.0012775300   -0.0207864200
  -0.0011850800   -0.0010156000   -0.0212510300
  -0.0010907800   -0.0031831900   -0.0213949000

51   
 -0.0086669053253634   0.0049884618953328   0.0000000000000000
  -0.0317813200    0.0188783100   -0.0651192900
  -0.0005797500    0.0018444600   -0.0361148300
   0.0013791700    0.0012244600   -0.0363673900
   0.0010572400    0.0010152200   -0.0360977300
   0.0006823700    0.0006295600   -0.0358716400
   0.0006733300    0.0016494000   -0.0378356000
   0.0002743400    0.0019562700   -0.0360012700
   0.0009597100    0.0004931500   -0.0358482200
   0.0012572000    0.0008163100   -0.0361078200
   0.0012733500    0.0008472300   -0.0361608500
   0.0017048800    0.0005579500   -0.0361110200
   0.0011375000    0.0009452100   -0.0360854800
   0.0009067700    0.0007813600   -0.0361170600
   0.0009861500    0.0008873200   -0.0361201700
   0.0012412300    0.0007845600   -0.0360602300
   0.0002820200    0.0008816600   -0.0344335500
   0.0010865300    0.0008517100   -0.0361354000
   0.0011040000    0.0009038200   -0.0361086100
   0.0009329600    0.0005507700   -0.0362664700
   0.0011354300    0.0014035200   -0.0363508100
  -0.0300171500    0.0196986600   -0.0085803700
  -0.0002180000    0.0010856300   -0.0362209800
   0.0011104500    0.0011347600   -0.0361016600
   0.0013319500    0.0012341000   -0.0359476300
  -0.0000561100    0.0015824900   -0.0361124600
   0.0002606900    0.0005298900    0.0569887700
   0.0005590300    0.0004832500    0.0570733400
   0.0004304600    0.0005515900    0.0570242100
   0.0003013600    0.0005678700    0.0569959700
   0.0007053400    0.0006975000    0.0569096000
   0.0008078100   -0.0002197300    0.0572850000
   0.0004702000    0.0003250800    0.0568378200
   0.0003336800    0.0005042400    0.0569511400
   0.0002909900    0.0008499500    0.0565535800
  -0.0003318700    0.0003183400    0.0563267400
   0.0001719500    0.0004617000    0.0576704000
   0.0002438400    0.0004894700    0.0572916600
   0.0003427500    0.0003964100    0.0568845900
   0.0000192200    0.0003642300    0.0573544700
   0.0005210200    0.0003971300    0.0569531100
   0.0002881900    0.0006659900    0.0562380700
   0.0002228000    0.0005756300    0.0569542900
   0.0003597400    0.0005216900    0.0571131400
   0.0002606300    0.0005054000    0.0569113900
   0.0001627800    0.0011753200    0.0575835500
   0.0012104400    0.0004503500    0.0566233200
   0.0003041000    0.0005895100    0.0566149100
   0.0003334300    0.0004733300    0.0567933200
   0.0003894500    0.0004766900    0.0569568700
   0.0003530400    0.0000912700    0.0569880000
   0.0718878900   -0.0434997900   -0.0193361500
  -0.0033181400   -0.0025011900   -0.0201549500
  -0.0014846100   -0.0013593400   -0.0208325300
  -0.0014667100   -0.0013096500   -0.0208745600
  -0.0032604700   -0.0024193800   -0.0217156300
  -0.0006341200   -0.0012678400   -0.0222697000
  -0.0013684500    0.0007162800   -0.0215330900
  -0.0013155400   -0.0015056400   -0.0208361500
  -0.0015578500   -0.0014211300   -0.0208811900
  -0.0016694700   -0.0014129100   -0.0209766700
  -0.0015095800   -0.0013308800   -0.0207127900
  -0.0015874400   -0.0011106500   -0.0210202000
  -0.0014631900   -0.0013533400   -0.0208548400
  -0.0015762600   -0.0012624900   -0.0208219100
  -0.0015749700   -0.0013092600   -0.0208365900
  -0.0015019000   -0.0013851100   -0.0209826200
  -0.0015452000   -0.0013633700   -0.0208431700
  -0.0015831300   -0.0013732100   -0.0208658000
  -0.0014749000   -0.0014708700   -0.0208055100
  -0.0015867900   -0.0012330100   -0.0207040100
  -0.0012203900   -0.0021313600   -0.0194429700
  -0.0017403200   -0.0014621500   -0.0206702000
  -0.0015364300   -0.0013135800   -0.0208129000
  -0.0013330800   -0.0014798200   -0.0208601700
  -0.0014542400    0.0006796800   -0.0199564400

51   
  0.0086669053253634  -0.0049884618953328   0.0000000000000000
   0.0329804900   -0.0165601500   -0.0086023400
   0.0027682900   -0.0000839100   -0.0361148900
   0.0008269700    0.0005693000   -0.0358473700
   0.0011565600    0.0007903600   -0.0361202400
   0.0015249700    0.0011791100   -0.0363504200
   0.0015019900    0.0001792600   -0.0344346400
   0.0019324200   -0.0001512800   -0.0362212400
   0.0012492000    0.0013003200   -0.0363685600
   0.0009570500    0.0009895100   -0.0361079900
   0.0009395200    0.0009593100   -0.0360606300
   0.0005115100    0.0012452800   -0.0361111000
   0.0010732200    0.0008584400   -0.0361359000
   0.0013086400    0.0010208200   -0.0361015600
   0.0012309200    0.0009147800   -0.0360977900
   0.0009770000    0.0010174500   -0.0361604700
   0.0019712800    0.0009041200   -0.0378359500
   0.0011294900    0.0009512500   -0.0360856600
   0.0011081300    0.0009017800   -0.0361087800
   0.0012815600    0.0012649400   -0.0359479700
   0.0010834600    0.0003992500   -0.0358716900
   0.0331859800   -0.0185160300   -0.0651429100
   0.0024376800    0.0007109300   -0.0360016300
   0.0011054100    0.0006678500   -0.0361177300
   0.0008902300    0.0005748400   -0.0362664700
   0.0022813500    0.0002370200   -0.0361127100
   0.0005165400    0.0003829100    0.0569894700
   0.0002302400    0.0004609400    0.0568377700
   0.0003608900    0.0003885600    0.0568843500
   0.0004901600    0.0003729900    0.0569112500
   0.0000901700    0.0002435000    0.0569879100
  -0.0000314900    0.0011666600    0.0566235400
   0.0003246500    0.0006214700    0.0570731800
   0.0004544600    0.0004349400    0.0569509800
   0.0004953700    0.0000914000    0.0573543200
   0.0011212700    0.0006235600    0.0575831400
   0.0006181200    0.0004745600    0.0562377000
   0.0005475800    0.0004480200    0.0566147100
   0.0004492200    0.0005390400    0.0570241500
   0.0007780000    0.0005691500    0.0565536000
   0.0002710200    0.0005416200    0.0569533000
   0.0005023500    0.0002743000    0.0576700400
   0.0005695300    0.0003764700    0.0569539100
   0.0004303600    0.0004211000    0.0567930200
   0.0005241900    0.0004407300    0.0569955200
   0.0006285200   -0.0002335000    0.0563262400
  -0.0004091900    0.0004798000    0.0572849700
   0.0004930300    0.0003482100    0.0572914900
   0.0004562700    0.0004632700    0.0571130600
   0.0004079800    0.0004663000    0.0569567600
   0.0004370000    0.0008520100    0.0569094800
  -0.0748497700    0.0409337500   -0.0192772000
   0.0002726000   -0.0001694200   -0.0215226100
  -0.0015673600   -0.0013015300   -0.0208572700
  -0.0016203300   -0.0013749500   -0.0208076000
   0.0002382500   -0.0002474300   -0.0199559100
  -0.0022461600   -0.0015618800   -0.0194313800
  -0.0015814700   -0.0035600800   -0.0201658300
  -0.0016500700   -0.0013125700   -0.0208363200
  -0.0013727400   -0.0014065600   -0.0208178100
  -0.0013075800   -0.0014252600   -0.0207031400
  -0.0015244800   -0.0013393400   -0.0209977700
  -0.0014887800   -0.0015808400   -0.0206615600
  -0.0015543500   -0.0013103200   -0.0208304100
  -0.0014956300   -0.0014293600   -0.0208856500
  -0.0014521800   -0.0013795300   -0.0208367700
  -0.0015017200   -0.0013673600   -0.0206981000
  -0.0014224400   -0.0014337000   -0.0208433600
  -0.0014214700   -0.0013993200   -0.0208141500
  -0.0014951800   -0.0013046900   -0.0208729300
  -0.0013938900   -0.0015394600   -0.0209780800
  -0.0017754800   -0.0005887200   -0.0222824600
  -0.0012842000   -0.0013107600   -0.0210290000
  -0.0014323400   -0.0014397600   -0.0208648700
  -0.0016676900   -0.0012869300   -0.0208602900
  -0.0015750800   -0.0034364900   -0.0217167500

51   
  0.0000000000000000   0.0000000000000000   0.0100000000000000
   0.0257989400   -0.0105980000    0.0000298800
  -0.0006159200   -0.0020904400   -0.0351273900
   0.0008829400    0.0005255900   -0.0357509300
   0.0011272000    0.0009652900   -0.0361133900
   0.0010644200    0.0008676000   -0.0356853900
   0.0006957200    0.0011259700   -0.0359377900
   0.0011413800    0.0011270200   -0.0355073300
   0.0008944000    0.0005194600   -0.0357518400
   0.0012046100    0.0010716100   -0.0359649700
   0.0011867200    0.0009072900   -0.0360888000
   0.0011401000    0.0009565000   -0.0362712200
   0.0010475200    0.0010257800   -0.0361472400
   0.0010587500    0.0009070400   -0.0361190700
   0.0011528700    0.0009497200   -0.0361133800
   0.0010727900    0.0009721700   -0.0360882700
   0.0015075100    0.0006598400   -0.0359377500
   0.0012447800    0.0009133900   -0.0361471600
   0.0010415100    0.0007901800   -0.0360247800
   0.0012120800    0.0012316600   -0.0358289900
   0.0010977800    0.0008485700   -0.0356857800
  -0.0212579200    0.0164864900    0.0000515900
   0.0012857800    0.0010435200   -0.0355073700
   0.0011382400    0.0008616300   -0.0361195300
   0.0013389900    0.0011574000   -0.0358288300
   0.0019344900    0.0023367300   -0.0348639400
  -0.0004284700   -0.0009647400    0.0619670100
   0.0005135200    0.0006516700    0.0567918800
   0.0003699800    0.0004570100    0.0569843300
   0.0003760200    0.0003181200    0.0569431500
   0.0010137700    0.0000972100    0.0567203800
  -0.0002521200    0.0016863200    0.0555073000
   0.0004934900    0.0006659000    0.0567920000
   0.0003236300    0.0003465400    0.0567507200
   0.0004196000    0.0004253200    0.0568819900
   0.0003291100    0.0005828500    0.0575186900
   0.0005749000    0.0002889900    0.0572304000
   0.0002973000    0.0002713500    0.0569159900
   0.0003980900    0.0004386600    0.0569844800
   0.0003466800    0.0004666200    0.0568819800
   0.0003706400    0.0004250200    0.0565969500
   0.0001507300    0.0005352300    0.0572307200
   0.0005072500    0.0006684900    0.0570776300
   0.0004057300    0.0004577000    0.0568838800
   0.0002710500    0.0003790900    0.0569431100
   0.0005259700    0.0004700200    0.0575186200
   0.0017715300    0.0005207300    0.0555065800
   0.0002779000    0.0002843600    0.0569160800
   0.0003781400    0.0004703600    0.0568841000
   0.0002996400    0.0002987500    0.0568824700
  -0.0002368700    0.0008172900    0.0567213500
  -0.0035870100   -0.0049426600   -0.0956047200
  -0.0002285600   -0.0008476600   -0.0216894400
  -0.0014923200   -0.0013390000   -0.0209162300
  -0.0015519700   -0.0013334500   -0.0209125300
  -0.0024586000   -0.0016099900   -0.0216859800
  -0.0025288900   -0.0004316700   -0.0214038800
  -0.0017027300   -0.0000575900   -0.0217003000
  -0.0012674300   -0.0010355800   -0.0208973400
  -0.0015104600   -0.0014410000   -0.0208965900
  -0.0016702100   -0.0013787300   -0.0209280100
  -0.0013896800   -0.0013941100   -0.0208528800
  -0.0016171900   -0.0012114600   -0.0209286200
  -0.0015325800   -0.0013072400   -0.0209137800
  -0.0015361900   -0.0013989300   -0.0209008800
  -0.0015422600   -0.0013948300   -0.0209259600
  -0.0016163100   -0.0012960500   -0.0208380200
  -0.0014560200   -0.0013508300   -0.0209325600
  -0.0015131000   -0.0013420700   -0.0208870000
  -0.0014726400   -0.0013909500   -0.0209105300
  -0.0013636100   -0.0015234700   -0.0209291000
  -0.0001007500   -0.0018076300   -0.0214158900
  -0.0013560100   -0.0013876600   -0.0209373700
  -0.0014402100   -0.0013640800   -0.0208859000
  -0.0016806900   -0.0016972300   -0.0209216800
  -0.0012774600   -0.0023370200   -0.0216869500

51   
  0.0000000000000000   0.0000000000000000  -0.0100000000000000
  -0.0246614100    0.0129455000   -0.0728706300
   0.0028388000    0.0039091200   -0.0370930800
   0.0013300600    0.0012780200   -0.0364674700
   0.0010854600    0.0008381300   -0.0361058200
   0.0011541400    0.0009385000   -0.0365363200
   0.0015265200    0.0006746700   -0.0362818200
   0.0010698000    0.0006720500   -0.0367143200
   0.0013209000    0.0012841300   -0.0364685200
   0.0010092300    0.0007319300   -0.0362531700
   0.0010258100    0.0008976900   -0.0361313700
   0.0010757100    0.0008442600   -0.0359483000
   0.0011680000    0.0007743000   -0.0360722300
   0.0011571300    0.0008960500   -0.0361013900
   0.0010642500    0.0008495500   -0.0361058200
   0.0011455900    0.0008279800   -0.0361310900
   0.0006993300    0.0011517000   -0.0362810700
   0.0009670700    0.0008911600   -0.0360720300
   0.0011715900    0.0010155200   -0.0361935300
   0.0010007600    0.0005763300   -0.0363889300
   0.0011145800    0.0009618300   -0.0365363700
   0.0244852300   -0.0153436100   -0.0728939800
   0.0009279000    0.0007531100   -0.0367144300
   0.0010795100    0.0009410900   -0.0361018200
   0.0008786600    0.0006454400   -0.0363887400
   0.0002813100   -0.0005351700   -0.0373537800
   0.0012283000    0.0019152500    0.0519174800
   0.0002745200    0.0002882200    0.0571187800
   0.0004218700    0.0004814100    0.0569227400
   0.0004167500    0.0006228800    0.0569616100
  -0.0002435600    0.0008389900    0.0571679200
   0.0010288500   -0.0007489700    0.0584063900
   0.0002996000    0.0002766800    0.0571185400
   0.0004656000    0.0005929900    0.0571566200
   0.0003652700    0.0005171500    0.0570254100
   0.0004616200    0.0003607600    0.0563881000
   0.0002216800    0.0006433800    0.0566715500
   0.0004968800    0.0006657800    0.0569878300
   0.0003934700    0.0004956000    0.0569227100
   0.0004535800    0.0004652700    0.0570256000
   0.0004222600    0.0005137000    0.0573109400
   0.0006345000    0.0004079600    0.0566712400
   0.0002829400    0.0002783300    0.0568314300
   0.0003846600    0.0004850400    0.0570226300
   0.0005146200    0.0005674300    0.0569613200
   0.0002674900    0.0004730200    0.0563880600
  -0.0009774400    0.0004041800    0.0584068900
   0.0005188800    0.0006548000    0.0569878000
   0.0004126900    0.0004656900    0.0570226600
   0.0004977100    0.0006425500    0.0570240200
   0.0010367900    0.0001009200    0.0571669000
   0.0005942400    0.0024389000    0.0552074700
  -0.0028307800   -0.0018411400   -0.0199951300
  -0.0015606800   -0.0013234600   -0.0207738400
  -0.0015336500   -0.0013512900   -0.0207703800
  -0.0005576100   -0.0010488700   -0.0199917900
  -0.0003806400   -0.0023918700   -0.0202534800
  -0.0012546500   -0.0028080500   -0.0200057400
  -0.0017018200   -0.0017905200   -0.0207752200
  -0.0014197800   -0.0013876200   -0.0208027000
  -0.0013033500   -0.0014607200   -0.0207525900
  -0.0016485100   -0.0012736400   -0.0208610000
  -0.0014575500   -0.0014836800   -0.0207532100
  -0.0014844700   -0.0013589000   -0.0207716900
  -0.0015353200   -0.0012938500   -0.0208069200
  -0.0014838600   -0.0012937200   -0.0207467300
  -0.0013817800   -0.0014595300   -0.0208460200
  -0.0015114700   -0.0014475200   -0.0207533600
  -0.0014908700   -0.0014312600   -0.0207930800
  -0.0014969600   -0.0013842100   -0.0207684600
  -0.0016186000   -0.0012474000   -0.0207537100
  -0.0028737700   -0.0009354400   -0.0202656300
  -0.0016710800   -0.0013865800   -0.0207619200
  -0.0015282200   -0.0013898800   -0.0207920400
  -0.0013175800   -0.0010667000   -0.0207996100
  -0.0017466800   -0.0004113600   -0.0199923700
