    2   36   12
  9.013  1.000
    1    1  0.0150  0.0000  0.0000
 -0.069349898870   0.074609613651   0.005945545724
  0.010023720436  -0.020996099061  -0.003619717830
  0.010023694642  -0.016191240550   0.000064336328
  0.001107036302  -0.002004195125  -0.004442351070
 -0.000470600765   0.003060608974  -0.002129166770
 -0.000935316612  -0.003151154165  -0.000283562493
  0.001109927435   0.001607889894   0.002878325702
 -0.000937685288  -0.003150443559   0.000109257147
 -0.000473725172  -0.000555030772   0.001069652027
  0.003707547953   0.000066737803  -0.002656187912
  0.002191021711   0.001466418024  -0.004437843054
  0.000293168122  -0.004253141996  -0.000668424598
  0.000710643938   0.001260486246   0.000208451605
  0.003579849386   0.001001470629  -0.000421727049
  0.001762149181   0.000290989555   0.000076845782
  0.008253130529   0.002103140967   0.010816239894
 -0.001802265830   0.000734837105  -0.000612648204
 -0.002518583845   0.001395224649   0.000964139293
  0.009497328431  -0.018686309490   0.014391789786
  0.013426519753  -0.020957823509  -0.016063770757
  0.000000194923  -0.000873308092   0.000447050782
  0.001076608753   0.000308894739  -0.000158642222
  0.000176838677  -0.000443600356   0.002457488164
  0.000852998525   0.000322433680  -0.000357369138
  0.002943298814   0.000768973808  -0.003206725599
  0.000405292128   0.000119401274   0.000150107933
  0.000835408676   0.000165326956   0.000283058017
  0.000464708174   0.000949664916  -0.000639197272
  0.000741905343   0.001287950935   0.000002060205
  0.000383460887  -0.001181478563   0.001316519843
 -0.000059572418  -0.000014124976  -0.000012749932
 -0.000000126452   0.000115368368   0.000087027782
  0.000561342911   0.000017666411   0.000042262957
  0.001815623059   0.000479234281  -0.001031971813
  0.000363694398  -0.000740073667   0.000073666901
  0.000240662163   0.001065691018  -0.000641770159
    1    2  0.0000  0.0150  0.0000
  0.074578568987  -0.207059159119   0.002607201002
 -0.016157813243   0.044325573410   0.003573704287
 -0.021001720486   0.044331688173  -0.005138205337
  0.001638672258  -0.001507807204   0.001198202978
 -0.000567874654   0.000085516047  -0.004042942717
 -0.003169039052   0.004968605531  -0.000107970129
 -0.002019870905  -0.001494982418  -0.001208648645
 -0.003165379226   0.004968891799   0.000038663090
  0.003091901818   0.000075298656   0.002893561026
  0.000107292455   0.000712975688  -0.003624872190
  0.001477606604   0.002208887835   0.000518857349
 -0.004320055177   0.008270322798  -0.000299508571
  0.001262428985   0.000316031457  -0.000054984012
  0.001024792591   0.001724114119  -0.000202844541
  0.000349492007  -0.000672560443   0.000188973500
  0.002102092854   0.004344668950   0.004742045437
  0.000715864769  -0.004484870811   0.001866536753
  0.001386894769  -0.003765310999  -0.001688892306
 -0.017369869484   0.050098565429  -0.035176818159
 -0.022357895164   0.046163606932   0.034432344243
 -0.000834227413   0.001540161843   0.000195302670
  0.000149739751   0.000271263177  -0.000366499765
 -0.000448691967   0.001017652805   0.001063121466
  0.000486399695   0.000455437280   0.000134814863
  0.000755600668   0.001546261600  -0.001390052592
  0.000602238080   0.000566816953   0.000259850745
 -0.000309242511   0.000105968966  -0.000073613521
  0.000951429714  -0.001287923672  -0.000265186400
 -0.001518392403   0.000267651938   0.001776514881
  0.001623770746   0.000669408403  -0.001191611348
  0.000183164318  -0.000115957266   0.000131867047
 -0.000066062516  -0.000140469625  -0.000105255722
  0.000018331772   0.000548041559   0.000024093597
 -0.000365764746  -0.001200976971   0.000060659001
 -0.000781643997   0.001817080153   0.000041466075
  0.001947260099   0.000329527029  -0.000809874054
    1    3  0.0000  0.0000  0.0150
  0.005949463467   0.002547893431  -0.169587280341
  0.000108712224  -0.005108984175  -0.003880162844
 -0.003702314158   0.003594685161  -0.003891192934
  0.002846899938  -0.001201136308  -0.002084884124
  0.001045091601   0.002904976840  -0.002079407553
  0.000100478622   0.000045968530   0.000530735312
 -0.004413422412   0.001197183320  -0.002083686920
 -0.000262108546  -0.000119069626   0.000528932412
 -0.002100396723  -0.004041402206  -0.002088229628
 -0.002672617214  -0.003598639553   0.014815219942
 -0.004447036123   0.000496853749   0.014789889621
 -0.000681096861  -0.000304716673  -0.000369266168
  0.000203626114  -0.000068115005   0.000562846721
 -0.000447390473  -0.000194795804   0.001190524128
  0.000084494114   0.000197409973   0.000557018150
  0.010851835618   0.004729446150   0.026359881440
 -0.000596287083   0.001886527484   0.001737386820
  0.000972243253  -0.001696173494   0.001728430697
  0.015808954968  -0.041630918952   0.055915214903
 -0.019835898021   0.039845173027   0.055882461801
 -0.000606818236  -0.000288633170  -0.001630374543
 -0.000108776350   0.000525865206   0.000714736293
 -0.001722325949  -0.000753094581   0.002231787687
  0.000319097667  -0.000431695822   0.000702444934
  0.001453421498   0.000637701491   0.001778760718
  0.000376970471  -0.000546513433   0.000628934295
 -0.000130887477   0.000658584341   0.000640864381
 -0.005122381289  -0.002237527979   0.006798528756
  0.001212558018  -0.000203284543  -0.000931344257
  0.000671572612   0.001029792151  -0.000956147935
 -0.000062526985   0.000043500896  -0.000318374451
 -0.000006394431  -0.000081912192  -0.000320285973
  0.000531208015   0.000243734512  -0.000259291524
  0.002056271127   0.001432739159   0.001346183511
 -0.000126170093  -0.000039972139  -0.000308226573
  0.002451949097   0.000528550238   0.001347373246
   10    1  0.0150  0.0000  0.0000
  0.003683909075   0.000099031412  -0.002690120298
  0.000291850967  -0.004309932672  -0.000678065903
  0.002179753078   0.001483001942  -0.004433916921
  0.008226312984   0.002106741539   0.010844202411
 -0.002537676585   0.001366893662   0.001002958241
 -0.001823556891   0.000728427433  -0.000570954151
  0.000808390152   0.001262928063   0.000232288226
  0.001799499632   0.000341348655   0.000113659019
  0.003617359822   0.001026126488  -0.000428517709
 -0.069311114133   0.074569474181   0.005940145183
  0.010016359748  -0.016162303628   0.000135759531
  0.010028464443  -0.020984821377  -0.003693090518
  0.001073295689   0.001627815540   0.002846806763
 -0.000504236101  -0.000560648021   0.001051627394
 -0.000898480256  -0.003171364230   0.000088882163
  0.001089566774  -0.002012816199  -0.004394830995
 -0.000902747998  -0.003162204422  -0.000258811481
 -0.000507278074   0.003074282967  -0.002118351190
  0.000472926215   0.000929325668  -0.000633903386
  0.000369685848  -0.001157654277   0.001274976197
  0.000750652692   0.001275821515  -0.000016341660
  0.001790322644   0.000518572110  -0.001045385438
  0.000254963205   0.001061411440  -0.000668019677
  0.000385865616  -0.000774003223   0.000081852624
 -0.000048751817  -0.000031998487  -0.000033859796
  0.000572842395   0.000009383509   0.000046008861
 -0.000005545763   0.000145643091   0.000073937092
  0.009518259960  -0.018717377102   0.014407983912
 -0.000008034040  -0.000808168324   0.000440941730
  0.013439042770  -0.020974797825  -0.016066983142
  0.002909958880   0.000733216653  -0.003187163182
  0.000834868354   0.000174174708   0.000278895194
  0.000370703170   0.000119013141   0.000138468579
  0.001040781323   0.000328959352  -0.000152700215
  0.000850473193   0.000317614634  -0.000362411276
  0.000171313029  -0.000471117920   0.002434033817
   10    2  0.0000  0.0150  0.0000
  0.000106357881   0.000711697128  -0.003621253312
 -0.004321535190   0.008273872006  -0.000299110886
  0.001479562346   0.002207190990   0.000520262166
  0.002101255644   0.004344567024   0.004742443529
  0.001388727322  -0.003766404878  -0.001688823047
  0.000712785196  -0.004484546000   0.001866193794
  0.001262522234   0.000315565634  -0.000053808856
  0.000350827908  -0.000671232053   0.000190174738
  0.001026578862   0.001724562016  -0.000202683535
  0.074584479793  -0.207060261915   0.002555510158
 -0.020999065677   0.044330566581  -0.005140126726
 -0.016156072515   0.044324972649   0.003578185323
 -0.002016615324  -0.001494428512  -0.001206332607
  0.003086968742   0.000072450290   0.002894048100
 -0.003165992067   0.004969709106   0.000037753146
  0.001633830160  -0.001509095846   0.001200641537
 -0.003169343919   0.004970015299  -0.000108663214
 -0.000564869388   0.000084727270  -0.004042720281
  0.000951680167  -0.001288309373  -0.000265311674
  0.001624544936   0.000668120390  -0.001192421558
 -0.001518373494   0.000268984275   0.001773069229
 -0.000366741912  -0.001201183032   0.000059347121
  0.001948118750   0.000327131939  -0.000810080550
 -0.000782152556   0.001818221227   0.000040870715
  0.000183535844  -0.000116227627   0.000131156230
  0.000018275473   0.000548318389   0.000024565551
 -0.000065184463  -0.000140087407  -0.000106516954
 -0.017373798341   0.050082946313  -0.035157915495
 -0.000833015715   0.001538994981   0.000194967211
 -0.022361225010   0.046187006538   0.034460004420
  0.000752806592   0.001545790143  -0.001391485008
 -0.000308744783   0.000106651844  -0.000073909915
  0.000601270500   0.000566500212   0.000259968756
  0.000150515750   0.000270818938  -0.000366639188
  0.000484955472   0.000454098837   0.000135933755
 -0.000446869217   0.001018296624   0.001062707325
   10    3  0.0000  0.0000  0.0150
 -0.002673301054  -0.003601278460   0.014816311281
 -0.000681193812  -0.000306092776  -0.000370499522
 -0.004448697049   0.000499119740   0.014788929528
  0.010851247311   0.004729209085   0.026361787510
  0.000972693641  -0.001697706316   0.001727620775
 -0.000597096762   0.001887556814   0.001735951930
  0.000203917646  -0.000066717625   0.000560497390
  0.000085390984   0.000195876693   0.000555448256
 -0.000446754751  -0.000193970794   0.001187681892
  0.005933788292   0.002495131520  -0.169602534551
 -0.003704130728   0.003601800740  -0.003887828771
  0.000109729270  -0.005110470308  -0.003877506087
 -0.004410816330   0.001198660066  -0.002084441729
 -0.002097760332  -0.004039976311  -0.002089552979
 -0.000262882537  -0.000119307548   0.000527054932
  0.002846551053  -0.001197704311  -0.002085813438
  0.000099620996   0.000045409356   0.000528572683
  0.001047373105   0.002903503607  -0.002080300973
 -0.005122151870  -0.002235829257   0.006794194916
  0.000671850366   0.001029956714  -0.000955253199
  0.001213270110  -0.000202299959  -0.000926809371
  0.002056653136   0.001434371102   0.001346327820
  0.002452666109   0.000528806862   0.001345769497
 -0.000126237737  -0.000040607028  -0.000308182625
 -0.000062146002   0.000043020669  -0.000318584129
  0.000530818750   0.000243743648  -0.000261222308
 -0.000006265767  -0.000082082853  -0.000320060783
  0.015820682859  -0.041622184668   0.055904696370
 -0.000607024808  -0.000286771688  -0.001626488918
 -0.019837092479   0.039877034011   0.055902730591
  0.001456141167   0.000638695112   0.001781793192
 -0.000130732780   0.000659237451   0.000644167362
  0.000376030531  -0.000547455434   0.000631289028
 -0.000111189316   0.000525488821   0.000718409284
  0.000319260427  -0.000432986024   0.000704588784
 -0.001722211637  -0.000753180649   0.002231256363
   19    1  0.0150  0.0000  0.0000
  0.009551267531  -0.017356593924   0.015815205340
  0.000001373551  -0.000781330016  -0.000636152126
  0.013481842467  -0.022352230270  -0.019802985351
  0.002895097980   0.000724166436   0.001517345744
  0.000831389655  -0.000340045101  -0.000134084607
  0.000340400273   0.000626455583   0.000412944905
  0.001011526253   0.000168175916  -0.000146901936
  0.000851441721   0.000461594296   0.000297094346
  0.000138942364  -0.000481633489  -0.001779023837
  0.000460260775   0.000941151031  -0.005146131341
  0.000737307146  -0.001507307328   0.001227362334
  0.000369526566   0.001612510817   0.000693114563
 -0.000013945877   0.000185256325  -0.000044306657
  0.000006121039  -0.000047802210   0.000012698819
  0.000587081691   0.000017852874   0.000561495030
  0.001751147589  -0.000351825594   0.002058082381
  0.000386922006  -0.000790487508  -0.000092643328
  0.000230206613   0.001923952563   0.002466976898
 -0.038289874775   0.040899650996   0.003284932358
  0.000373749111  -0.002585245029   0.001212059835
  0.000358282058  -0.001515255380  -0.001168472135
  0.001794096944  -0.000627527254  -0.000905531703
  0.000053003156   0.000941994089  -0.000534313237
 -0.000207881275  -0.000244760077  -0.000072925069
  0.001803895252  -0.000664488562   0.001010025753
 -0.000206600363  -0.000243518649   0.000102542411
  0.000045184378   0.000979119112   0.000558111499
  0.000484257411  -0.000285978595  -0.000951808936
 -0.000260043521  -0.000006351623   0.000210452324
 -0.000138878417   0.000327467137  -0.000155902162
 -0.000196675566  -0.000117122456  -0.000074201258
  0.000237733337   0.000090755714  -0.000018399063
  0.000124119099   0.000190704179  -0.000029189777
 -0.000036232655   0.000420014361  -0.000135224665
  0.000552114177  -0.000122062786   0.000015454704
 -0.000108157691  -0.000089255580   0.000372297942
   19    2  0.0000  0.0150  0.0000
 -0.018724800935   0.050159154048  -0.041591020673
 -0.000802037222   0.001492640714  -0.000269595295
 -0.020984417508   0.046225735703   0.039814990372
  0.000717863188   0.001548181546   0.000659490843
  0.000172542739   0.000081477063   0.000691393710
  0.000112700313   0.000562852479  -0.000555149270
  0.000311844966   0.000273343721   0.000537822552
  0.000315870938   0.000429398048  -0.000474490223
 -0.000482685174   0.001017817422  -0.000780664164
  0.000947140710  -0.001287588381  -0.002225311640
  0.001281736019   0.000275357422  -0.000216287788
 -0.001180278885   0.000647977404   0.001045947492
 -0.000020994616  -0.000118259612   0.000049410933
  0.000165749569  -0.000135880221  -0.000088143003
  0.000022993819   0.000553296072   0.000240272087
  0.000510487431  -0.001219376744   0.001428970755
 -0.000789714955   0.001836166154  -0.000046535262
  0.001059610659   0.000305688730   0.000526399913
  0.040893432640  -0.113856945355   0.001443729782
 -0.001531924660   0.004139461089  -0.002703111547
 -0.002560255062   0.004137446199   0.002728216004
 -0.000657518205  -0.000245645775   0.000105308654
  0.000981218757   0.001513255301  -0.000739204872
 -0.000243253903   0.000247063981  -0.000034366301
 -0.000638988295  -0.000243351923  -0.000168458295
 -0.000242549167   0.000246274249   0.000045218920
  0.000963304881   0.001512018968   0.000864424580
 -0.000261784774  -0.000156978902   0.000671189965
 -0.000000169925  -0.000265009035   0.000102456811
  0.000293834410   0.000439998705  -0.001152509173
 -0.000108613462   0.000023394887  -0.000029718372
  0.000089911072  -0.000133966163  -0.000016554236
  0.000198383509  -0.000020198166   0.000005608310
  0.000421756213   0.000275188266   0.000154709438
 -0.000130214089  -0.000316917500  -0.000194974024
 -0.000100180995   0.000056929605   0.000170533015
   19    3  0.0000  0.0000  0.0150
  0.014405437883  -0.035204028374   0.055994277295
  0.000465831179   0.000162049946  -0.001540938598
 -0.016091860536   0.034491730697   0.056004361583
 -0.003206744127  -0.001395079849   0.001819489371
  0.000281306079  -0.000103502683   0.000695348858
  0.000113660512   0.000269898838   0.000671916360
 -0.000128202760  -0.000381544145   0.000766966865
 -0.000366525593   0.000160594416   0.000745792774
  0.002457075463   0.001081914806   0.002276123264
 -0.000598045338  -0.000259783097   0.006783536187
 -0.000000300830   0.001718637845  -0.000906394272
  0.001280677705  -0.001158844078  -0.000931226313
 -0.000043614981   0.000123683241  -0.000319407460
  0.000085432601  -0.000116861507  -0.000313762294
  0.000063028529   0.000040522649  -0.000262424504
 -0.001007989686   0.000047779349   0.001359173854
  0.000089558250   0.000066452609  -0.000294818102
 -0.000652592912  -0.000799550448   0.001331959805
  0.003295508629   0.001388614060  -0.122124697490
 -0.001158611870   0.002725389265  -0.000402639020
  0.001196343139  -0.002655747593  -0.000369792258
  0.000984780828  -0.000172561204  -0.000581481868
  0.000549906720   0.000845333756  -0.000587276681
  0.000101053311   0.000045063442  -0.000365576515
 -0.000876522101   0.000109586184  -0.000582450773
 -0.000073463317  -0.000031496681  -0.000366250888
 -0.000504027464  -0.000709894994  -0.000576728651
 -0.000928208189   0.000653926438   0.000966716554
  0.000222695525   0.000125056811  -0.000000895636
 -0.000138446481  -0.001149364418   0.000969885249
 -0.000055010769  -0.000022557416  -0.000230985537
 -0.000012076619  -0.000017921435  -0.000223019046
 -0.000024144586   0.000002031162  -0.000220212142
 -0.000126358227   0.000148979403  -0.000263290370
  0.000013807494  -0.000183555122  -0.000254978145
  0.000386642540   0.000155048126   0.001333698542
   28    1  0.0150  0.0000  0.0000
  0.000461761832   0.000932903770  -0.005090121552
  0.000366693501   0.001625636943   0.000685528294
  0.000740603447  -0.001512919005   0.001219107889
  0.001758075677  -0.000348008456   0.002025463273
  0.000230179836   0.001930944502   0.002445517260
  0.000388921892  -0.000798233042  -0.000101442958
 -0.000015718723   0.000186809619  -0.000067327890
  0.000586550526   0.000014804186   0.000552733343
  0.000001326512  -0.000050369918  -0.000018709681
  0.009586327832  -0.017355210265   0.015788756028
  0.013481825552  -0.022344126803  -0.019808832454
 -0.000000928699  -0.000786081106  -0.000618717347
  0.001007102326   0.000169477271  -0.000146956078
  0.000131918178  -0.000487465113  -0.001777058160
  0.000857870348   0.000463984444   0.000298454396
  0.002875553432   0.000707887832   0.001492321302
  0.000354400687   0.000618732064   0.000427037888
  0.000821039632  -0.000324893036  -0.000138114158
  0.000471166219  -0.000248756467  -0.000974634594
 -0.000127397931   0.000306349572  -0.000143783607
 -0.000254092979  -0.000021090643   0.000237042009
 -0.000039765204   0.000411150338  -0.000122987389
 -0.000124606581  -0.000093296376   0.000389455536
  0.000544570299  -0.000123887883   0.000017834627
 -0.000183540067  -0.000108700255  -0.000058543070
  0.000130233612   0.000196426718  -0.000024366807
  0.000246795454   0.000086961951  -0.000006121972
 -0.038313423919   0.040892519751   0.003290346858
  0.000364123668  -0.001532111468  -0.001163839182
  0.000361272079  -0.002551427013   0.001228841882
  0.001797126867  -0.000661468630   0.001005459950
  0.000046524457   0.000973584520   0.000554189221
 -0.000202782074  -0.000241971641   0.000097148493
  0.001808642008  -0.000649375605  -0.000898202537
 -0.000203966218  -0.000235100647  -0.000073211143
  0.000045616521   0.000956319891  -0.000522267670
   28    2  0.0000  0.0150  0.0000
  0.000947512079  -0.001288334479  -0.002226243985
 -0.001180954465   0.000648946207   0.001045806714
  0.001281012627   0.000275560987  -0.000216531968
  0.000510381910  -0.001218575133   0.001428284047
  0.001059814630   0.000305761222   0.000525339299
 -0.000788953962   0.001836760052  -0.000046577788
 -0.000021310154  -0.000117797024   0.000049027261
  0.000023375212   0.000553695777   0.000239993244
  0.000166108907  -0.000135567357  -0.000088417164
 -0.018731711417   0.050141719440  -0.041572361296
 -0.020984336921   0.046251143865   0.039841449198
 -0.000801789333   0.001491557607  -0.000269416157
  0.000312613067   0.000273436832   0.000537881637
 -0.000480487531   0.001019248625  -0.000779456117
  0.000316402013   0.000428962580  -0.000475795671
  0.000716231930   0.001547709925   0.000660880501
  0.000112763755   0.000563132013  -0.000556073571
  0.000172676602   0.000082607958   0.000690985628
 -0.000261632475  -0.000156344076   0.000671279188
  0.000294694676   0.000440461826  -0.001153284237
  0.000000174343  -0.000265078474   0.000103117847
  0.000421406038   0.000275153808   0.000154490616
 -0.000100239006   0.000057487009   0.000170728823
 -0.000131091137  -0.000317344409  -0.000196489820
 -0.000108511026   0.000023735447  -0.000028981242
  0.000198482420  -0.000020079592   0.000005839062
  0.000090234529  -0.000133719506  -0.000015923085
  0.040894213761  -0.113870769538   0.001396728623
 -0.002559578274   0.004136591861   0.002729464784
 -0.001531423463   0.004138845736  -0.002703850414
 -0.000640715635  -0.000243790561  -0.000167273553
  0.000963017950   0.001512690349   0.000865542868
 -0.000241768294   0.000246379428   0.000046200535
 -0.000655639314  -0.000244281556   0.000106454895
 -0.000242703654   0.000247031402  -0.000033670478
  0.000981729613   0.001513061748  -0.000739148227
   28    3  0.0000  0.0000  0.0150
 -0.000597168935  -0.000260081692   0.006784932220
  0.001278448110  -0.001156752726  -0.000930324900
 -0.000000253198   0.001716655817  -0.000906063941
 -0.001009565724   0.000048273192   0.001357190752
 -0.000652929763  -0.000799733761   0.001330468293
  0.000090859866   0.000066539654  -0.000293925320
 -0.000044455477   0.000123765763  -0.000320705699
  0.000064213588   0.000041164367  -0.000263863925
  0.000084412940  -0.000117816803  -0.000315223310
  0.014412491215  -0.035180490670   0.055978679852
 -0.016086060545   0.034513293989   0.056025672841
  0.000465395008   0.000162561364  -0.001537508391
 -0.000126896468  -0.000382897333   0.000769109532
  0.002455817929   0.001080649256   0.002275798369
 -0.000366588518   0.000163383843   0.000749100813
 -0.003209051699  -0.001396597657   0.001821440203
  0.000111639570   0.000270906973   0.000675680209
  0.000280918444  -0.000104961718   0.000698240406
 -0.000928127651   0.000654058538   0.000966971044
 -0.000138220573  -0.001149342715   0.000971112301
  0.000222347813   0.000124433380  -0.000001204771
 -0.000125331904   0.000147591097  -0.000263374348
  0.000386623883   0.000154020248   0.001333169876
  0.000012972202  -0.000181661838  -0.000255452275
 -0.000055063248  -0.000022449998  -0.000231741873
 -0.000023857487   0.000002085952  -0.000220562626
 -0.000012115300  -0.000018019907  -0.000223323638
  0.003286064649   0.001345314158  -0.122127085253
  0.001197802210  -0.002657294420  -0.000372293374
 -0.001157982695   0.002725507988  -0.000402798169
 -0.000877673944   0.000109928467  -0.000584968470
 -0.000504702880  -0.000711059001  -0.000579369114
 -0.000073303794  -0.000031096353  -0.000366941919
  0.000987495062  -0.000171941329  -0.000584273935
  0.000101098469   0.000045440122  -0.000366671820
  0.000550748846   0.000846623751  -0.000589889639
