    2   36    6
  9.013  1.000
    1    1  0.0150  0.0000  0.0000
 -0.069334685412  -0.074596071753   0.005930240157
 -0.000466636594   0.000553016729   0.001069583340
 -0.000463752232  -0.003051165722  -0.002122707724
  0.001106657300   0.001990248353  -0.004440457678
  0.009994057425   0.016180841738   0.000061138976
 -0.000928090290   0.003147815205   0.000108975754
  0.001109533833  -0.001610474370   0.002879387806
 -0.000925699438   0.003148309425  -0.000284452838
  0.009994301437   0.020985664943  -0.003618965765
  0.003727523957  -0.000071228493  -0.002674986630
 -0.002517946983  -0.001398171263   0.000965062268
  0.003565535794  -0.000993482596  -0.000420595117
  0.000694165788  -0.001257141847   0.000208683790
  0.000305012831   0.004250588673  -0.000669022210
 -0.001803595623  -0.000739496416  -0.000613486323
  0.008269113779  -0.002101242654   0.010835309880
  0.001747577498  -0.000282059668   0.000076327910
  0.002204468797  -0.001470488256  -0.004438824488
  0.009506362503   0.018697167177   0.014406101337
  0.000830725377  -0.000163164429   0.000282902323
  0.000186639081   0.000440786352   0.002454900115
  0.001072432509  -0.000307487734  -0.000159072889
  0.000004475467   0.000873826693   0.000447219644
  0.000402544179  -0.000116725458   0.000150508663
  0.002940810539  -0.000767726805  -0.003208501763
  0.000847734042  -0.000319894235  -0.000357407875
  0.013416505282   0.020959114465  -0.016063076635
  0.000462825959  -0.000946408995  -0.000641032574
  0.000239882903  -0.001064753301  -0.000642771715
  0.000003825238  -0.000116835882   0.000086770572
 -0.000056434980   0.000012370797  -0.000012889797
  0.000380498126   0.001181557023   0.001317593056
  0.000363308996   0.000740562104   0.000073696334
  0.001816991770  -0.000480719216  -0.001030583225
  0.000564554126  -0.000019367213   0.000042402796
  0.000738777017  -0.001287763370   0.000002030525
    1    2  0.0000  0.0150  0.0000
 -0.074624765434  -0.207041029001  -0.002529817566
 -0.003080256312   0.000065494891  -0.002902407160
  0.000569125850   0.000052652933   0.004043150040
 -0.001631257369  -0.001498083560  -0.001190763564
  0.020976721867   0.044314261300   0.005148465388
  0.003179743213   0.004972397734  -0.000044995602
  0.002020158605  -0.001508700823   0.001190424200
  0.003182299801   0.004974467787   0.000121916244
  0.016126688409   0.044323692034  -0.003592666197
 -0.000105605367   0.000715540458   0.003603353841
 -0.001388436936  -0.003757654768   0.001696131292
 -0.001016018957   0.001722986986   0.000202838237
 -0.001256425805   0.000310620589   0.000050846839
  0.004314860781   0.008299196494   0.000297445503
 -0.000715740330  -0.004494920942  -0.001860623435
 -0.002100744585   0.004338696463  -0.004731097920
 -0.000342392720  -0.000674134639  -0.000183825394
 -0.001489490478   0.002192135740  -0.000528874234
  0.017337857126   0.050110209215   0.035161234938
  0.000317258403   0.000100919550   0.000073992084
  0.000467677404   0.001006431018  -0.001072671833
 -0.000132664886   0.000266093056   0.000355913860
  0.000828510088   0.001542045492  -0.000195199471
 -0.000585636806   0.000563825747  -0.000249500704
 -0.000733436600   0.001535689628   0.001403180694
 -0.000478599193   0.000453842106  -0.000139462622
  0.022328786297   0.046222192370  -0.034481065333
 -0.000942940141  -0.001289779513   0.000267272214
 -0.001944170079   0.000332827463   0.000798345210
  0.000055693903  -0.000155784322   0.000107416455
 -0.000180672058  -0.000105723407  -0.000131082358
 -0.001635256535   0.000650014135   0.001217038111
  0.000789134649   0.001840201266  -0.000036408106
  0.000371110749  -0.001224673524  -0.000063802513
 -0.000016702348   0.000557144847  -0.000023414274
  0.001535585794   0.000286905194  -0.001781286870
    1    3  0.0000  0.0000  0.0150
  0.005917527105  -0.002588995269  -0.169662956823
 -0.002113414637   0.004050438160  -0.002076022433
  0.001042068984  -0.002891154552  -0.002086852922
  0.002839196550   0.001200192308  -0.002077318738
 -0.003663807923  -0.003546824505  -0.003872267239
 -0.000268604380   0.000120726145   0.000530991995
 -0.004403306425  -0.001201650327  -0.002077322197
  0.000095335955  -0.000048708411   0.000528347881
  0.000133825211   0.005157010063  -0.003880220005
 -0.002677100455   0.003588003066   0.014827347289
  0.000981853251   0.001718421439   0.001733919583
 -0.000443796256   0.000195647413   0.001187356859
  0.000205253077   0.000072254342   0.000558912690
 -0.000687034810   0.000283325062  -0.000372103536
 -0.000586835506  -0.001862700148   0.001727536840
  0.010849832321  -0.004773544899   0.026359222852
  0.000089254247  -0.000199475986   0.000560816452
 -0.004456376395  -0.000473002480   0.014804452487
  0.015829179880   0.041617826560   0.055886159465
 -0.000145973089  -0.000645496950   0.000628285182
 -0.001726639780   0.000756547897   0.002232284356
 -0.000097205256  -0.000526426211   0.000704610872
 -0.000622800322   0.000248862704  -0.001628749714
  0.000381794675   0.000544642786   0.000639533699
  0.001445466045  -0.000631214683   0.001778247056
  0.000303170072   0.000443409409   0.000717781612
 -0.019836998098  -0.039911008595   0.055937298569
 -0.005123106702   0.002245461851   0.006796248052
  0.002448121567  -0.000545639027   0.001350036747
 -0.000008792029   0.000079613652  -0.000319689689
 -0.000064594697  -0.000057076579  -0.000320490066
  0.000675731197  -0.001018675088  -0.000933869820
 -0.000114574877   0.000062751239  -0.000310638195
  0.002054181579  -0.001435358222   0.001350903011
  0.000539394457  -0.000224627503  -0.000261081577
  0.001209775465   0.000196445339  -0.000960710596
   19    1  0.0150  0.0000  0.0000
  0.009571717306   0.017355615127   0.015749461639
  0.000146460196   0.000472037533  -0.001740535649
  0.000820222324   0.000339634851  -0.000099535310
  0.002873744981  -0.000723460912   0.001525033801
  0.013471632651   0.022340407583  -0.019807278195
  0.000851530515  -0.000459238940   0.000313429992
  0.001015281426  -0.000166743772  -0.000115526494
  0.000346092506  -0.000615177190   0.000430873049
  0.000006322320   0.000794699156  -0.000608108550
  0.000443318391  -0.000943488435  -0.005079679311
  0.000237299952  -0.001924022458   0.002433866063
  0.000016544127   0.000044895486  -0.000017536935
 -0.000012802001  -0.000186391209  -0.000074419425
  0.000368169730  -0.001632944805   0.000662147717
  0.000382535863   0.000784437297  -0.000116458514
  0.001773793581   0.000345080764   0.002051860785
  0.000589189597  -0.000021138701   0.000542398676
  0.000735494829   0.001536769294   0.001233256041
 -0.038307063069  -0.040846093247   0.003268966318
  0.000040545633  -0.000978116566   0.000550897699
  0.000061335478  -0.000965581159  -0.000541407247
  0.001805694232   0.000637413595  -0.000906172623
  0.000364007888   0.001538142305  -0.001179714145
 -0.000207836189   0.000246686606   0.000093271650
  0.001790538087   0.000665625925   0.000995757051
 -0.000193358880   0.000240254333  -0.000084025764
  0.000347537606   0.002535839215   0.001208870099
  0.000470007312   0.000250634432  -0.000940955445
 -0.000117380579   0.000109755698   0.000379794390
  0.000247652547  -0.000096523523  -0.000008479235
 -0.000177486198   0.000112735561  -0.000062793833
 -0.000111229126  -0.000274110380  -0.000154344576
  0.000538896225   0.000125539858   0.000025432496
 -0.000044935700  -0.000431360221  -0.000133553188
  0.000125727913  -0.000195060872  -0.000020355175
 -0.000269201472  -0.000016752229   0.000225562146
   19    2  0.0000  0.0150  0.0000
  0.018730544132   0.050175254195   0.041600682373
  0.000480550333   0.001017282080   0.000776322779
 -0.000173873826   0.000081890327  -0.000693227823
 -0.000718215912   0.001549631441  -0.000653464309
  0.020978152078   0.046288300537  -0.039882142259
 -0.000313178548   0.000431384215   0.000479364987
 -0.000313055851   0.000264793829  -0.000548429005
 -0.000109878430   0.000555550353   0.000571896731
  0.000796919835   0.001473339477   0.000269521272
 -0.000942173237  -0.001285311571   0.002235611929
 -0.001058608627   0.000302329862  -0.000523798462
 -0.000172475073  -0.000147148960   0.000085510609
  0.000037163008  -0.000122807270  -0.000047976182
  0.001171448960   0.000649304127  -0.001035618057
  0.000791349187   0.001852856101   0.000046671209
 -0.000525198619  -0.001231227497  -0.001438423781
 -0.000014945267   0.000558073472  -0.000238536375
 -0.001278351355   0.000269122609   0.000211361882
 -0.040930010200  -0.113900984198  -0.001403314811
 -0.000955498418   0.001503565591  -0.000858079670
 -0.000973259866   0.001503313857   0.000732608895
  0.000676332503  -0.000249630744  -0.000119957493
  0.002562289065   0.004162971053  -0.002743577031
  0.000239482713   0.000245378667  -0.000045124025
  0.000659531509  -0.000249683317   0.000181536708
  0.000240502865   0.000246128416   0.000031792489
  0.001532276855   0.004163475148   0.002716385356
  0.000256704483  -0.000166962124  -0.000678838963
  0.000093474649   0.000048799073  -0.000167354637
 -0.000091529588  -0.000136840140   0.000019023139
  0.000111025948   0.000021077378   0.000025169765
 -0.000304815758   0.000431057800   0.001150111570
  0.000133982400  -0.000315415523   0.000196849515
 -0.000425847774   0.000279666288  -0.000146548604
 -0.000196110991  -0.000020054585  -0.000004463245
  0.000005296816  -0.000248479967  -0.000101546476
   19    3  0.0000  0.0000  0.0150
  0.014440087622   0.035223790419   0.056003328190
  0.002454847755  -0.001069347795   0.002273736047
  0.000272141253   0.000099278366   0.000670631357
 -0.003205567555   0.001412101272   0.001820684659
 -0.016073695139  -0.034515117545   0.056016066644
 -0.000369056027  -0.000167552250   0.000769243047
 -0.000131825881   0.000381525465   0.000748464195
  0.000114395221  -0.000276640590   0.000694567134
  0.000433079193  -0.000231239155  -0.001538340677
 -0.000601702005   0.000264963770   0.006782102776
 -0.000651617902   0.000768119832   0.001357296176
  0.000058582346   0.000119265987  -0.000320321907
 -0.000032643642  -0.000142367977  -0.000316248547
  0.001263182603   0.001167342692  -0.000907647231
  0.000110845905  -0.000021621438  -0.000294370596
 -0.001027372307  -0.000058270157   0.001332768574
  0.000069787399  -0.000017316049  -0.000263047624
  0.000018056167  -0.001726647233  -0.000932451482
  0.003285050603  -0.001445823640  -0.122143768927
 -0.000519887093   0.000721416312  -0.000584453756
  0.000533987599  -0.000833376251  -0.000574413395
  0.000986923955   0.000169918893  -0.000582238127
  0.001219846654   0.002700109406  -0.000401613796
 -0.000073510121   0.000032182988  -0.000365267824
 -0.000874135155  -0.000111489711  -0.000581018706
  0.000101499970  -0.000044490992  -0.000363197319
 -0.001135523360  -0.002686238427  -0.000368684624
 -0.000939400223  -0.000678935473   0.000972623397
  0.000376441168  -0.000179001810   0.001329498479
 -0.000014229931   0.000019773340  -0.000222507050
 -0.000056126722   0.000026069178  -0.000229498373
 -0.000150617003   0.001124664068   0.000968298479
  0.000023809662   0.000193250540  -0.000266315476
 -0.000125599089  -0.000134926260  -0.000257423839
 -0.000023473736  -0.000004418790  -0.000225003251
  0.000243417817  -0.000078950989  -0.000001476626
