Automatically generated mesh
     153
Reciprocal lattice
    0.00000000000000    0.00000000000000    0.00000000000000             1
    0.03030303030303    0.00000000000000    0.00000000000000             4
    0.06060606060606    0.00000000000000    0.00000000000000             4
    0.09090909090909    0.00000000000000    0.00000000000000             4
    0.12121212121213    0.00000000000000    0.00000000000000             4
    0.15151515151515    0.00000000000000    0.00000000000000             4
    0.18181818181818    0.00000000000000    0.00000000000000             4
    0.21212121212121    0.00000000000000    0.00000000000000             4
    0.24242424242424    0.00000000000000    0.00000000000000             4
    0.27272727272727    0.00000000000000    0.00000000000000             4
    0.30303030303031    0.00000000000000    0.00000000000000             4
    0.33333333333334    0.00000000000000    0.00000000000000             4
    0.36363636363637    0.00000000000000    0.00000000000000             4
    0.39393939393939    0.00000000000000    0.00000000000000             4
    0.42424242424242    0.00000000000000    0.00000000000000             4
    0.45454545454545    0.00000000000000    0.00000000000000             4
    0.48484848484849    0.00000000000000    0.00000000000000             4
    0.03030303030303    0.03030303030303    0.00000000000000             4
    0.06060606060606    0.03030303030303    0.00000000000000             8
    0.09090909090909    0.03030303030303    0.00000000000000             8
    0.12121212121213    0.03030303030303    0.00000000000000             8
    0.15151515151515    0.03030303030303    0.00000000000000             8
    0.18181818181818    0.03030303030303    0.00000000000000             8
    0.21212121212121    0.03030303030303    0.00000000000000             8
    0.24242424242424    0.03030303030303    0.00000000000000             8
    0.27272727272727    0.03030303030303    0.00000000000000             8
    0.30303030303031    0.03030303030303    0.00000000000000             8
    0.33333333333334    0.03030303030303    0.00000000000000             8
    0.36363636363637    0.03030303030303    0.00000000000000             8
    0.39393939393939    0.03030303030303    0.00000000000000             8
    0.42424242424242    0.03030303030303    0.00000000000000             8
    0.45454545454545    0.03030303030303    0.00000000000000             8
    0.48484848484849    0.03030303030303    0.00000000000000             8
    0.06060606060606    0.06060606060606    0.00000000000000             4
    0.09090909090909    0.06060606060606    0.00000000000000             8
    0.12121212121213    0.06060606060606    0.00000000000000             8
    0.15151515151515    0.06060606060606    0.00000000000000             8
    0.18181818181818    0.06060606060606    0.00000000000000             8
    0.21212121212121    0.06060606060606    0.00000000000000             8
    0.24242424242424    0.06060606060606    0.00000000000000             8
    0.27272727272727    0.06060606060606    0.00000000000000             8
    0.30303030303031    0.06060606060606    0.00000000000000             8
    0.33333333333334    0.06060606060606    0.00000000000000             8
    0.36363636363637    0.06060606060606    0.00000000000000             8
    0.39393939393939    0.06060606060606    0.00000000000000             8
    0.42424242424242    0.06060606060606    0.00000000000000             8
    0.45454545454545    0.06060606060606    0.00000000000000             8
    0.48484848484849    0.06060606060606    0.00000000000000             8
    0.09090909090909    0.09090909090909    0.00000000000000             4
    0.12121212121213    0.09090909090909    0.00000000000000             8
    0.15151515151515    0.09090909090909    0.00000000000000             8
    0.18181818181818    0.09090909090909    0.00000000000000             8
    0.21212121212121    0.09090909090909    0.00000000000000             8
    0.24242424242424    0.09090909090909    0.00000000000000             8
    0.27272727272727    0.09090909090909    0.00000000000000             8
    0.30303030303031    0.09090909090909    0.00000000000000             8
    0.33333333333334    0.09090909090909    0.00000000000000             8
    0.36363636363637    0.09090909090909    0.00000000000000             8
    0.39393939393939    0.09090909090909    0.00000000000000             8
    0.42424242424242    0.09090909090909    0.00000000000000             8
    0.45454545454545    0.09090909090909    0.00000000000000             8
    0.48484848484849    0.09090909090909    0.00000000000000             8
    0.12121212121213    0.12121212121213    0.00000000000000             4
    0.15151515151515    0.12121212121213    0.00000000000000             8
    0.18181818181818    0.12121212121213    0.00000000000000             8
    0.21212121212121    0.12121212121213    0.00000000000000             8
    0.24242424242424    0.12121212121213    0.00000000000000             8
    0.27272727272727    0.12121212121213    0.00000000000000             8
    0.30303030303031    0.12121212121213    0.00000000000000             8
    0.33333333333334    0.12121212121213    0.00000000000000             8
    0.36363636363637    0.12121212121213    0.00000000000000             8
    0.39393939393939    0.12121212121213    0.00000000000000             8
    0.42424242424242    0.12121212121213    0.00000000000000             8
    0.45454545454545    0.12121212121213    0.00000000000000             8
    0.48484848484849    0.12121212121213    0.00000000000000             8
    0.15151515151515    0.15151515151515    0.00000000000000             4
    0.18181818181818    0.15151515151515    0.00000000000000             8
    0.21212121212121    0.15151515151515    0.00000000000000             8
    0.24242424242424    0.15151515151515    0.00000000000000             8
    0.27272727272727    0.15151515151515    0.00000000000000             8
    0.30303030303031    0.15151515151515    0.00000000000000             8
    0.33333333333334    0.15151515151515    0.00000000000000             8
    0.36363636363637    0.15151515151515    0.00000000000000             8
    0.39393939393939    0.15151515151515    0.00000000000000             8
    0.42424242424242    0.15151515151515    0.00000000000000             8
    0.45454545454545    0.15151515151515    0.00000000000000             8
    0.48484848484849    0.15151515151515    0.00000000000000             8
    0.18181818181818    0.18181818181818    0.00000000000000             4
    0.21212121212121    0.18181818181818    0.00000000000000             8
    0.24242424242424    0.18181818181818    0.00000000000000             8
    0.27272727272727    0.18181818181818    0.00000000000000             8
    0.30303030303031    0.18181818181818    0.00000000000000             8
    0.33333333333334    0.18181818181818    0.00000000000000             8
    0.36363636363637    0.18181818181818    0.00000000000000             8
    0.39393939393939    0.18181818181818    0.00000000000000             8
    0.42424242424242    0.18181818181818    0.00000000000000             8
    0.45454545454545    0.18181818181818    0.00000000000000             8
    0.48484848484849    0.18181818181818    0.00000000000000             8
    0.21212121212121    0.21212121212121    0.00000000000000             4
    0.24242424242424    0.21212121212121    0.00000000000000             8
    0.27272727272727    0.21212121212121    0.00000000000000             8
    0.30303030303031    0.21212121212121    0.00000000000000             8
    0.33333333333334    0.21212121212121    0.00000000000000             8
    0.36363636363637    0.21212121212121    0.00000000000000             8
    0.39393939393939    0.21212121212121    0.00000000000000             8
    0.42424242424242    0.21212121212121    0.00000000000000             8
    0.45454545454545    0.21212121212121    0.00000000000000             8
    0.48484848484849    0.21212121212121    0.00000000000000             8
    0.24242424242424    0.24242424242424    0.00000000000000             4
    0.27272727272727    0.24242424242424    0.00000000000000             8
    0.30303030303031    0.24242424242424    0.00000000000000             8
    0.33333333333334    0.24242424242424    0.00000000000000             8
    0.36363636363637    0.24242424242424    0.00000000000000             8
    0.39393939393939    0.24242424242424    0.00000000000000             8
    0.42424242424242    0.24242424242424    0.00000000000000             8
    0.45454545454545    0.24242424242424    0.00000000000000             8
    0.48484848484849    0.24242424242424    0.00000000000000             8
    0.27272727272727    0.27272727272727    0.00000000000000             4
    0.30303030303031    0.27272727272727    0.00000000000000             8
    0.33333333333334    0.27272727272727    0.00000000000000             8
    0.36363636363637    0.27272727272727    0.00000000000000             8
    0.39393939393939    0.27272727272727    0.00000000000000             8
    0.42424242424242    0.27272727272727    0.00000000000000             8
    0.45454545454545    0.27272727272727    0.00000000000000             8
    0.48484848484849    0.27272727272727    0.00000000000000             8
    0.30303030303031    0.30303030303031    0.00000000000000             4
    0.33333333333334    0.30303030303031    0.00000000000000             8
    0.36363636363637    0.30303030303031    0.00000000000000             8
    0.39393939393939    0.30303030303031    0.00000000000000             8
    0.42424242424242    0.30303030303031    0.00000000000000             8
    0.45454545454545    0.30303030303031    0.00000000000000             8
    0.48484848484849    0.30303030303031    0.00000000000000             8
    0.33333333333334    0.33333333333334    0.00000000000000             4
    0.36363636363637    0.33333333333334    0.00000000000000             8
    0.39393939393939    0.33333333333334    0.00000000000000             8
    0.42424242424242    0.33333333333334    0.00000000000000             8
    0.45454545454545    0.33333333333334    0.00000000000000             8
    0.48484848484849    0.33333333333334    0.00000000000000             8
    0.36363636363637    0.36363636363637    0.00000000000000             4
    0.39393939393939    0.36363636363637    0.00000000000000             8
    0.42424242424242    0.36363636363637    0.00000000000000             8
    0.45454545454545    0.36363636363637    0.00000000000000             8
    0.48484848484849    0.36363636363637    0.00000000000000             8
    0.39393939393939    0.39393939393939    0.00000000000000             4
    0.42424242424242    0.39393939393939    0.00000000000000             8
    0.45454545454545    0.39393939393939    0.00000000000000             8
    0.48484848484849    0.39393939393939    0.00000000000000             8
    0.42424242424242    0.42424242424242    0.00000000000000             4
    0.45454545454545    0.42424242424242    0.00000000000000             8
    0.48484848484849    0.42424242424242    0.00000000000000             8
    0.45454545454545    0.45454545454545    0.00000000000000             4
    0.48484848484849    0.45454545454545    0.00000000000000             8
    0.48484848484849    0.48484848484849    0.00000000000000             4
