    1  196    4
  9.013
    1    1  0.0150  0.0000  0.0000
 -0.216129018375  -0.000000000000   0.000000013585
  0.008494782369  -0.002172822705  -0.000000068456
 -0.000124344123   0.000965182211  -0.000000154989
  0.000477975899  -0.000086178205   0.000000018215
  0.000488362399  -0.000123039137  -0.000000063089
 -0.000116290427   0.000242656589   0.000000151717
  0.008483722402  -0.005583770451   0.000000081278
  0.008483722402   0.005583770451   0.000000081278
  0.001796199021  -0.001713855540  -0.000000031576
  0.000792579924   0.000574059670   0.000000012719
  0.000433530510   0.000384420686   0.000000083949
  0.000975346329  -0.000219147788   0.000000068561
  0.000106315968  -0.000316312153  -0.000000024331
 -0.000209295665  -0.000000000000   0.000000000652
 -0.000116290427  -0.000242656589   0.000000151717
  0.000774531712  -0.000587007370   0.000000090331
  0.000951538772  -0.000388786120   0.000000039440
  0.000327377830  -0.000069673449  -0.000000038316
  0.001175726837  -0.000139486483  -0.000000050815
  0.001409285293  -0.000000000000   0.000000071434
  0.000106315968   0.000316312153  -0.000000024331
  0.000488362399   0.000123039137  -0.000000063089
  0.000449748644   0.000135462151   0.000000117909
  0.000321405734  -0.000477196953  -0.000000036507
  0.000311650903  -0.000024456882   0.000000048884
  0.000605616329  -0.000000000000  -0.000000104809
  0.001175726837   0.000139486483  -0.000000050815
  0.000975346329   0.000219147788   0.000000068561
  0.000477975899   0.000086178205   0.000000018215
  0.000986215657   0.000220722748  -0.000000008370
  0.001186289880   0.000137521507   0.000000074567
  0.000607554603  -0.000000000000  -0.000000004265
  0.000311650903   0.000024456882   0.000000048884
  0.000327377830   0.000069673449  -0.000000038316
  0.000433530510  -0.000384420686   0.000000083949
 -0.000124344123  -0.000965182211  -0.000000154989
  0.000094005633  -0.000191837378  -0.000000097003
  0.001420256856  -0.000000000000  -0.000000174124
  0.001186289880  -0.000137521507   0.000000074567
  0.000321405734   0.000477196953  -0.000000036507
  0.000951538772   0.000388786120   0.000000039440
  0.000792579924  -0.000574059670   0.000000012719
  0.008494782369   0.002172822705  -0.000000068456
 -0.000241894898  -0.000000000000  -0.000000232692
  0.000094005633   0.000191837378  -0.000000097003
  0.000986215657  -0.000220722748  -0.000000008370
  0.000449748644  -0.000135462151   0.000000117909
  0.000774531712   0.000587007370   0.000000090331
  0.001796199021   0.001713855540  -0.000000031576
  0.008867715317   0.007238564741   0.002161329846
 -0.000295997312  -0.000364547069   0.000874699901
  0.000151671321  -0.000660182459   0.000104045003
 -0.000029009986  -0.000083969993  -0.000201363722
 -0.000194352727   0.000228397095   0.000290945494
  0.000585198467   0.000077087460   0.000151174077
  0.000352431569  -0.000000000000  -0.001742588254
  0.000287791117  -0.000513740226  -0.000563965547
 -0.000046984801   0.000795687888  -0.000691166274
 -0.000143369861  -0.000013229153  -0.000256401217
 -0.000032099505  -0.000113687112  -0.000115182358
 -0.000269365836   0.000188289841   0.000058554957
  0.000164979338  -0.000000000000   0.000228208563
  0.000585198467  -0.000077087460   0.000151174077
  0.000068611482  -0.000215093332   0.000073915284
  0.000208656056   0.000145106751   0.000002840966
  0.000177925425   0.000572486999  -0.000160524696
  0.000013032338   0.000300871308  -0.000088959996
  0.000055952002  -0.000000000000  -0.000116963036
 -0.000269365836  -0.000188289841   0.000058554957
 -0.000194352727  -0.000228397095   0.000290945494
 -0.000240118862  -0.000249069013  -0.000099226619
 -0.000326624757  -0.000283904056   0.000110163691
 -0.000017244977   0.000254018288   0.000179245943
  0.000191446467  -0.000000000000   0.000199934078
  0.000013032338  -0.000300871308  -0.000088959996
 -0.000032099505   0.000113687112  -0.000115182358
 -0.000029009986   0.000083969993  -0.000201363722
  0.000430016143   0.000306279012   0.000088258600
 -0.000197102632   0.000002519237  -0.000287984488
 -0.000579902518  -0.000000000000  -0.000002053455
 -0.000017244977  -0.000254018288   0.000179245943
  0.000177925425  -0.000572486999  -0.000160524696
 -0.000143369861   0.000013229153  -0.000256401217
  0.000151671321   0.000660182459   0.000104045003
  0.000359602656   0.000936738916   0.001251370025
  0.000456299756  -0.000000000000   0.000001641170
 -0.000197102632  -0.000002519237  -0.000287984488
 -0.000326624757   0.000283904056   0.000110163691
  0.000208656056  -0.000145106751   0.000002840966
 -0.000046984801  -0.000795687888  -0.000691166274
 -0.000295997312   0.000364547069   0.000874699901
  0.021407000923  -0.000000000000  -0.004349809379
  0.000359602656  -0.000936738916   0.001251370025
  0.000430016143  -0.000306279012   0.000088258600
 -0.000240118862   0.000249069013  -0.000099226619
  0.000068611482   0.000215093332   0.000073915284
  0.000287791117   0.000513740226  -0.000563965547
  0.008867715317  -0.007238564741   0.002161329846
  0.016925343374  -0.030738372509  -0.000003863387
 -0.000266477790  -0.000059164715   0.000000075749
 -0.000453467415  -0.000250731879  -0.000000050467
 -0.000529968255   0.000014086221  -0.000000029104
  0.000130579071   0.000036300438   0.000000133549
 -0.000801881173  -0.000381643174  -0.000000054922
  0.070227609366  -0.000000000000   0.000007769800
 -0.000474304638  -0.002411342647  -0.000000121176
 -0.000929711667   0.000313015114  -0.000000026070
 -0.000212195776   0.000189092944  -0.000000161777
 -0.000637513566   0.000138463221   0.000000056925
 -0.000711613650   0.000097763929  -0.000000094372
 -0.000543851829  -0.000000000000   0.000000334210
 -0.000801881173   0.000381643174  -0.000000054922
 -0.000602748646   0.000073329692  -0.000000079015
 -0.000936041074  -0.000122359059  -0.000000083159
 -0.000353436660  -0.000361159883  -0.000000064407
 -0.000473822947   0.000041367100   0.000000040551
 -0.001131404974  -0.000000000000  -0.000000001142
 -0.000711613650  -0.000097763929  -0.000000094372
  0.000130579071  -0.000036300438   0.000000133549
 -0.000297648652   0.000290406084   0.000000011892
 -0.000517803542  -0.000134817831  -0.000000071310
 -0.000886878692  -0.000047816637   0.000000006301
 -0.000511076048  -0.000000000000   0.000000052613
 -0.000473822947  -0.000041367100   0.000000040551
 -0.000637513566  -0.000138463221   0.000000056925
 -0.000529968255  -0.000014086221  -0.000000029104
 -0.000377763863   0.000331483431  -0.000000023528
 -0.000579776284   0.000172981652   0.000000027902
 -0.000879557494  -0.000000000000  -0.000000055573
 -0.000886878692   0.000047816637   0.000000006301
 -0.000353436660   0.000361159883  -0.000000064407
 -0.000212195776  -0.000189092944  -0.000000161777
 -0.000453467415   0.000250731879  -0.000000050467
 -0.000803229050   0.000171513225   0.000000162713
 -0.000746317357  -0.000000000000   0.000000137897
 -0.000579776284  -0.000172981652   0.000000027902
 -0.000517803542   0.000134817831  -0.000000071310
 -0.000936041074   0.000122359059  -0.000000083159
 -0.000929711667  -0.000313015114  -0.000000026070
 -0.000266477790   0.000059164715   0.000000075749
 -0.004621938447  -0.000000000000   0.000000261904
 -0.000803229050  -0.000171513225   0.000000162713
 -0.000377763863  -0.000331483431  -0.000000023528
 -0.000297648652  -0.000290406084   0.000000011892
 -0.000602748646  -0.000073329692  -0.000000079015
 -0.000474304638   0.002411342647  -0.000000121176
  0.016925343374   0.030738372509  -0.000003863387
  0.008870847712   0.007246718502  -0.002164624666
 -0.000295847179  -0.000365070205  -0.000874367751
  0.000151603716  -0.000660079781  -0.000104012925
 -0.000028981650  -0.000083998958   0.000201390955
 -0.000194343086   0.000228474857  -0.000290972542
  0.000584931142   0.000077135062  -0.000151321179
  0.000353503487  -0.000000000000   0.001741956298
  0.000287710678  -0.000513987595   0.000563806243
 -0.000047033801   0.000795563955   0.000691285389
 -0.000143397894  -0.000013082234   0.000256501798
 -0.000032178096  -0.000113728864   0.000115209548
 -0.000269364578   0.000188260291  -0.000058577151
  0.000165012034  -0.000000000000  -0.000228247842
  0.000584931142  -0.000077135062  -0.000151321179
  0.000068609275  -0.000215121898  -0.000073932676
  0.000208717045   0.000145142991  -0.000002886134
  0.000177960298   0.000572541823   0.000160514958
  0.000013112363   0.000300938699   0.000088938061
  0.000055901778  -0.000000000000   0.000116987679
 -0.000269364578  -0.000188260291  -0.000058577151
 -0.000194343086  -0.000228474857  -0.000290972542
 -0.000240152767  -0.000249044429   0.000099216007
 -0.000326645504  -0.000283939522  -0.000110217730
 -0.000017207064   0.000253881439  -0.000179241990
  0.000191372375  -0.000000000000  -0.000199929451
  0.000013112363  -0.000300938699   0.000088938061
 -0.000032178096   0.000113728864   0.000115209548
 -0.000028981650   0.000083998958   0.000201390955
  0.000430058389   0.000306296294  -0.000088227489
 -0.000197228543   0.000002410463   0.000288038083
 -0.000579880420  -0.000000000000   0.000002057329
 -0.000017207064  -0.000253881439  -0.000179241990
  0.000177960298  -0.000572541823   0.000160514958
 -0.000143397894   0.000013082234   0.000256501798
  0.000151603716   0.000660079781  -0.000104012925
  0.000359190119   0.000936777024  -0.001251322087
  0.000456413595  -0.000000000000  -0.000001523013
 -0.000197228543  -0.000002410463   0.000288038083
 -0.000326645504   0.000283939522  -0.000110217730
  0.000208717045  -0.000145142991  -0.000002886134
 -0.000047033801  -0.000795563955   0.000691285389
 -0.000295847179   0.000365070205  -0.000874367751
  0.021424261010  -0.000000000000   0.004356314627
  0.000359190119  -0.000936777024  -0.001251322087
  0.000430058389  -0.000306296294  -0.000088227489
 -0.000240152767   0.000249044429   0.000099216007
  0.000068609275   0.000215121898  -0.000073932676
  0.000287710678   0.000513987595   0.000563806243
  0.008870847712  -0.007246718502  -0.002164624666
    1    2  0.0000  0.0000  0.0150
 -0.000000000000   0.000000000000  -0.043570208492
 -0.000000363231  -0.000003124476  -0.003251579186
  0.000002407094  -0.000001014972   0.000430796514
  0.000001095289  -0.000000929206  -0.000049793849
 -0.000001352361   0.000000483945  -0.000049793849
 -0.000002082539   0.000001577119   0.000430796514
 -0.000002524259  -0.000001876805  -0.003251579186
 -0.000002524259   0.000001876805  -0.003251579186
  0.000002887491  -0.000001247670  -0.003251579186
  0.000001387188  -0.000002402679  -0.000343238418
  0.000000983688  -0.000001910673   0.000386413997
 -0.000000740407  -0.000001282422  -0.000405044624
 -0.000002146535  -0.000000103437   0.000386413997
 -0.000002774375  -0.000000000000  -0.000343238418
 -0.000002082539  -0.000001577119   0.000430796514
 -0.000000134582  -0.000000233102  -0.000340922880
 -0.000000324556  -0.000002592091   0.000430796514
  0.000001162847  -0.000001807236   0.000386413997
  0.000001268870  -0.000002197748  -0.000092275366
 -0.000002537741  -0.000000000000  -0.000092275366
 -0.000002146535   0.000000103437   0.000386413997
 -0.000001352361  -0.000000483945  -0.000049793849
 -0.000000400446  -0.000000632954   0.000388307073
 -0.000000347931  -0.000000663274   0.000388307073
  0.000000257072  -0.000001413151  -0.000049793849
  0.000001480813  -0.000000000000  -0.000405044624
  0.000001268870   0.000002197748  -0.000092275366
 -0.000000740407   0.000001282422  -0.000405044624
  0.000001095289   0.000000929206  -0.000049793849
 -0.000000017808   0.000000030845  -0.000404920597
 -0.000000128894  -0.000000223251  -0.000092485997
  0.000000035617  -0.000000000000  -0.000404920597
  0.000000257072   0.000001413151  -0.000049793849
  0.000001162847   0.000001807236   0.000386413997
  0.000000983688   0.000001910673   0.000386413997
  0.000002407094   0.000001014972   0.000430796514
  0.000000748378   0.000000030320   0.000388307073
  0.000000257787  -0.000000000000  -0.000092485997
 -0.000000128894   0.000000223251  -0.000092485997
 -0.000000347931   0.000000663274   0.000388307073
 -0.000000324556   0.000002592091   0.000430796514
  0.000001387188   0.000002402679  -0.000343238418
 -0.000000363231   0.000003124476  -0.003251579186
  0.000000269163  -0.000000000000  -0.000340922880
  0.000000748378  -0.000000030320   0.000388307073
 -0.000000017808  -0.000000030845  -0.000404920597
 -0.000000400446   0.000000632954   0.000388307073
 -0.000000134582   0.000000233102  -0.000340922880
  0.000002887491   0.000001247670  -0.003251579186
  0.005085251939   0.008807914728   0.007553518807
 -0.001801472295   0.003120241543  -0.000188852533
  0.000512065525  -0.000573227366  -0.000152051586
 -0.000172800086   0.000250302438   0.000202179917
  0.000303168313  -0.000024498045   0.000202179917
 -0.000752462223   0.000156848070  -0.000152051586
  0.003602944589  -0.000000000000  -0.000188852533
 -0.000518444923  -0.000428779538  -0.000059816750
 -0.000112111511  -0.000663376243  -0.000059816750
  0.000240396699  -0.000730075436  -0.000152051586
 -0.000208926150   0.000361870706   0.000166979162
 -0.000237923836  -0.000412096172  -0.000211318643
  0.000417852299  -0.000000000000   0.000166979162
 -0.000752462223  -0.000156848070  -0.000152051586
 -0.000185080502   0.000276998070   0.000046137517
  0.000398881004   0.000690882165   0.000195647302
  0.000332427616  -0.000021785381   0.000046137517
 -0.000130368227   0.000274800483   0.000202179917
  0.000475847672  -0.000000000000  -0.000211318643
 -0.000237923836   0.000412096172  -0.000211318643
  0.000303168313   0.000024498045   0.000202179917
  0.000149725265  -0.000259331766  -0.000265623945
 -0.000047248887  -0.000185963682  -0.000072421692
 -0.000137424830  -0.000133900578  -0.000072421692
 -0.000299450530  -0.000000000000  -0.000265623945
 -0.000130368227  -0.000274800483   0.000202179917
 -0.000208926150  -0.000361870706   0.000166979162
 -0.000172800086  -0.000250302438   0.000202179917
 -0.000147347114   0.000298783451   0.000046137517
  0.000184673717  -0.000052063105  -0.000072421692
 -0.000000000000  -0.000000000000   0.000199809379
 -0.000137424830   0.000133900578  -0.000072421692
  0.000332427616   0.000021785381   0.000046137517
  0.000240396699   0.000730075436  -0.000152051586
  0.000512065525   0.000573227366  -0.000152051586
  0.000630556434   0.000234596705  -0.000059816750
 -0.000797762007  -0.000000000000   0.000195647302
  0.000184673717   0.000052063105  -0.000072421692
 -0.000047248887   0.000185963682  -0.000072421692
  0.000398881004  -0.000690882165   0.000195647302
 -0.000112111511   0.000663376243  -0.000059816750
 -0.001801472295  -0.003120241543  -0.000188852533
 -0.010170503879  -0.000000000000   0.007553518807
  0.000630556434  -0.000234596705  -0.000059816750
 -0.000147347114  -0.000298783451   0.000046137517
  0.000149725265   0.000259331766  -0.000265623945
 -0.000185080502  -0.000276998070   0.000046137517
 -0.000518444923   0.000428779538  -0.000059816750
  0.005085251939  -0.008807914728   0.007553518807
 -0.000003331332   0.000005770036   0.004882482841
 -0.000000733067   0.000001373583  -0.000872435044
  0.000002685495   0.000000894238   0.000172715916
  0.000000661801   0.000001146273  -0.000173459314
 -0.000000568314   0.000002772826   0.000172715916
  0.000001556092   0.000000051937  -0.000872435044
  0.000006662664  -0.000000000000   0.004882482841
 -0.000001619629  -0.000002805280   0.002942402822
 -0.000000823025   0.000001321647  -0.000872435044
  0.000001172307  -0.000002030495  -0.000148302247
  0.000001106964  -0.000001616587   0.000439820460
 -0.000001953487   0.000000150366   0.000439820460
 -0.000002344614  -0.000000000000  -0.000148302247
  0.000001556092  -0.000000051937  -0.000872435044
 -0.000000618605  -0.000003213284   0.000053103296
 -0.000002473483  -0.000002142369   0.000053103296
 -0.000002117181  -0.000001878588   0.000172715916
  0.000000846523  -0.000001766953   0.000439820460
 -0.000000000000  -0.000000000000  -0.001518362497
 -0.000001953487  -0.000000150366   0.000439820460
 -0.000000568314  -0.000002772826   0.000172715916
 -0.000001032655  -0.000003217347  -0.000244585434
 -0.000001416542  -0.000002453522  -0.000790470365
 -0.000002269976  -0.000002502979  -0.000244585434
 -0.000001323602  -0.000000000000  -0.000173459314
  0.000000846523   0.000001766953   0.000439820460
  0.000001106964   0.000001616587   0.000439820460
  0.000000661801  -0.000001146273  -0.000173459314
  0.000003302632  -0.000000714368  -0.000244585434
  0.000000508692  -0.000000881081   0.000637818818
 -0.000001017385  -0.000000000000   0.000637818818
 -0.000002269976   0.000002502979  -0.000244585434
 -0.000002117181   0.000001878588   0.000172715916
  0.000001172307   0.000002030495  -0.000148302247
  0.000002685495  -0.000000894238   0.000172715916
  0.000003092088  -0.000001070915   0.000053103296
  0.000002833084  -0.000000000000  -0.000790470365
  0.000000508692   0.000000881081   0.000637818818
 -0.000001416542   0.000002453522  -0.000790470365
 -0.000002473483   0.000002142369   0.000053103296
 -0.000000823025  -0.000001321647  -0.000872435044
 -0.000000733067  -0.000001373583  -0.000872435044
  0.000003239258  -0.000000000000   0.002942402822
  0.000003092088   0.000001070915   0.000053103296
  0.000003302632   0.000000714368  -0.000244585434
 -0.000001032655   0.000003217347  -0.000244585434
 -0.000000618605   0.000003213284   0.000053103296
 -0.000001619629   0.000002805280   0.002942402822
 -0.000003331332  -0.000005770036   0.004882482841
 -0.005089562714  -0.008815381209   0.007546482653
  0.001801676747  -0.003120595664  -0.000192050857
 -0.000512042631   0.000571002936  -0.000149713432
  0.000172724824  -0.000249921387   0.000201388060
 -0.000302800682   0.000024623392   0.000201388060
  0.000750524364  -0.000157940458  -0.000149713432
 -0.003603353494  -0.000000000000  -0.000192050857
  0.000518768446   0.000429083942  -0.000057943013
  0.000112213371   0.000663808624  -0.000057943013
 -0.000238481733   0.000728943394  -0.000149713432
  0.000208796236  -0.000361645689   0.000167810326
  0.000237160874   0.000410774684  -0.000216177769
 -0.000417592472  -0.000000000000   0.000167810326
  0.000750524364   0.000157940458  -0.000149713432
  0.000183389606  -0.000276703494   0.000044871501
 -0.000398890349  -0.000690898351   0.000192320846
 -0.000331327058   0.000020468311   0.000044871501
  0.000130075858  -0.000274544779   0.000201388060
 -0.000474321748  -0.000000000000  -0.000216177769
  0.000237160874  -0.000410774684  -0.000216177769
 -0.000302800682  -0.000024623392   0.000201388060
 -0.000149187527   0.000258400377  -0.000270490225
  0.000045030038   0.000185025522  -0.000080220869
  0.000137721783   0.000131509918  -0.000080220869
  0.000298375055  -0.000000000000  -0.000270490225
  0.000130075858   0.000274544779   0.000201388060
  0.000208796236   0.000361645689   0.000167810326
  0.000172724824   0.000249921387   0.000201388060
  0.000147937452  -0.000297171805   0.000044871501
 -0.000182751821   0.000053515604  -0.000080220869
 -0.000000000000  -0.000000000000   0.000188231850
  0.000137721783  -0.000131509918  -0.000080220869
 -0.000331327058  -0.000020468311   0.000044871501
 -0.000238481733  -0.000728943394  -0.000149713432
 -0.000512042631  -0.000571002936  -0.000149713432
 -0.000630981817  -0.000234724681  -0.000057943013
  0.000797780698  -0.000000000000   0.000192320846
 -0.000182751821  -0.000053515604  -0.000080220869
  0.000045030038  -0.000185025522  -0.000080220869
 -0.000398890349   0.000690898351   0.000192320846
  0.000112213371  -0.000663808624  -0.000057943013
  0.001801676747   0.003120595664  -0.000192050857
  0.010179125429  -0.000000000000   0.007546482653
 -0.000630981817   0.000234724681  -0.000057943013
  0.000147937452   0.000297171805   0.000044871501
 -0.000149187527  -0.000258400377  -0.000270490225
  0.000183389606   0.000276703494   0.000044871501
  0.000518768446  -0.000429083942  -0.000057943013
 -0.005089562714   0.008815381209   0.007546482653
   50    1  0.0150  0.0000  0.0000
  0.008795522007   0.007231512101   0.005093568772
  0.000498036135  -0.000000000000   0.003625324737
  0.000609678432  -0.000410909783  -0.000759340684
 -0.000192898096  -0.000172730839   0.000305632218
 -0.000033504023   0.000327209678  -0.000173428011
  0.000142806099  -0.000186358807   0.000520893863
 -0.000246787109  -0.000427191309  -0.001819466699
  0.021324061349  -0.000000000000  -0.010173657590
  0.008795522007  -0.007231512101   0.005093568772
  0.000263377503  -0.000978400373  -0.000506370689
  0.000068535953  -0.000514120016  -0.000186989976
 -0.000242334816   0.000253010250   0.000150706674
  0.000445010137   0.000424506036  -0.000144214697
  0.000329503992   0.000567591803   0.000612444251
  0.000329503992  -0.000567591803   0.000612444251
 -0.000246787109   0.000427191309  -0.001819466699
 -0.000058387696   0.000717891325  -0.000115515136
  0.000214189433  -0.000150733689   0.000396254157
 -0.000329301238  -0.000075629893  -0.000044477349
 -0.000203085358   0.000358577394   0.000182432093
  0.000473998699  -0.000000000000  -0.000794353076
  0.000445010137  -0.000424506036  -0.000144214697
  0.000142806099   0.000186358807   0.000520893863
 -0.000141369755   0.000515767261   0.000241201181
  0.000180512288   0.000144167899   0.000332712555
 -0.000020981056   0.000108266732  -0.000136280838
 -0.000582690379  -0.000000000000   0.000002148064
 -0.000203085358  -0.000358577394   0.000182432093
 -0.000242334816  -0.000253010250   0.000150706674
 -0.000033504023  -0.000327209678  -0.000173428011
 -0.000038048915   0.000122402096  -0.000209390745
  0.000020607595   0.000113066102  -0.000128605456
  0.000196493443  -0.000000000000  -0.000298231028
 -0.000020981056  -0.000108266732  -0.000136280838
 -0.000329301238   0.000075629893  -0.000044477349
  0.000068535953   0.000514120016  -0.000186989976
 -0.000192898096   0.000172730839   0.000305632218
 -0.000271194196  -0.000186472503  -0.000235963668
  0.000052051312  -0.000000000000   0.000472444497
  0.000020607595  -0.000113066102  -0.000128605456
  0.000180512288  -0.000144167899   0.000332712555
  0.000214189433   0.000150733689   0.000396254157
  0.000263377503   0.000978400373  -0.000506370689
  0.000609678432   0.000410909783  -0.000759340684
  0.000173403830  -0.000000000000   0.000421792774
 -0.000271194196   0.000186472503  -0.000235963668
 -0.000038048915  -0.000122402096  -0.000209390745
 -0.000141369755  -0.000515767261   0.000241201181
 -0.000058387696  -0.000717891325  -0.000115515136
 -0.069506812131  -0.000000000000  -0.000000402213
 -0.003219520685   0.001871196177  -0.001716134908
 -0.000294040090   0.000443271945  -0.000524842709
  0.000041847853  -0.000126759311   0.000241708152
  0.000041485417  -0.000126800847  -0.000242215013
 -0.000294263803   0.000443703035   0.000523954892
 -0.003219261890   0.001867151954   0.001715424259
 -0.003219261890  -0.001867151954   0.001715424259
  0.000018890399  -0.000003979313  -0.000001241495
  0.000016082697   0.000121290269  -0.000405618300
  0.000037545342   0.000195202776   0.000270603367
  0.000427897936  -0.000431827150  -0.000083252001
 -0.000593526892  -0.000171220420  -0.000493188985
 -0.000195518489  -0.000000000000   0.000807621380
 -0.000294263803  -0.000443703035   0.000523954892
  0.000017797625  -0.000121192831   0.000404548053
  0.000475423321   0.000000896735  -0.000000413159
 -0.000258062744   0.000364311338   0.000222768592
  0.000375422179  -0.000037120419   0.000152608355
  0.000440126880  -0.000000000000  -0.000303055746
 -0.000593526892   0.000171220420  -0.000493188985
  0.000041485417   0.000126800847  -0.000242215013
  0.000037482777  -0.000195138433  -0.000270738345
 -0.000257531235  -0.000364484687  -0.000222752215
 -0.000177303513  -0.000000149926   0.000000013609
 -0.000319518542  -0.000000000000   0.000167035969
  0.000375422179   0.000037120419   0.000152608355
  0.000427897936   0.000431827150  -0.000083252001
  0.000041847853   0.000126759311   0.000241708152
  0.000428022449   0.000431792278   0.000082348370
  0.000375689459   0.000037292454  -0.000152392184
 -0.000319311840  -0.000000000000  -0.000167126492
 -0.000177303513   0.000000149926   0.000000013609
 -0.000258062744  -0.000364311338   0.000222768592
  0.000037545342  -0.000195202776   0.000270603367
 -0.000294040090  -0.000443271945  -0.000524842709
 -0.000593629309   0.000171512251   0.000493269340
  0.000440035408  -0.000000000000   0.000303512083
  0.000375689459  -0.000037292454  -0.000152392184
 -0.000257531235   0.000364484687  -0.000222752215
  0.000475423321  -0.000000896735  -0.000000413159
  0.000016082697  -0.000121290269  -0.000405618300
 -0.003219520685  -0.001871196177  -0.001716134908
 -0.000197907836  -0.000000000000  -0.000810199679
 -0.000593629309  -0.000171512251   0.000493269340
  0.000428022449  -0.000431792278   0.000082348370
  0.000037482777   0.000195138433  -0.000270738345
  0.000017797625   0.000121192831   0.000404548053
  0.000018890399   0.000003979313  -0.000001241495
  0.021342973853  -0.000000000000   0.010177497265
  0.000327868945   0.000568288489  -0.000620983712
  0.000444781896   0.000424649351   0.000146282409
 -0.000242425367   0.000252802939  -0.000150096219
  0.000068977447  -0.000514168587   0.000187907241
  0.000265154716  -0.000979009577   0.000500292667
  0.008796501562  -0.007239933533  -0.005081664685
  0.008796501562   0.007239933533  -0.005081664685
 -0.000247342376  -0.000425528185   0.001822411024
  0.000143563729  -0.000187081074  -0.000521639071
 -0.000034047728   0.000327562688   0.000175594422
 -0.000192732938  -0.000172758961  -0.000304325004
  0.000608121537  -0.000409944128   0.000760525240
  0.000505018967  -0.000000000000  -0.003637510850
  0.000265154716   0.000979009577   0.000500292667
 -0.000058098320  -0.000718033998   0.000108778306
 -0.000141364053  -0.000516047168  -0.000240852638
 -0.000038629309  -0.000122198518   0.000211247123
 -0.000271735349   0.000186270487   0.000237413533
  0.000173399359  -0.000000000000  -0.000419103916
  0.000608121537   0.000409944128   0.000760525240
  0.000068977447   0.000514168587   0.000187907241
  0.000214669028   0.000150294783  -0.000395082440
  0.000180473735  -0.000144218750  -0.000330655383
  0.000020596271  -0.000113138683   0.000129599947
  0.000051388492  -0.000000000000  -0.000471167838
 -0.000271735349  -0.000186270487   0.000237413533
 -0.000192732938   0.000172758961  -0.000304325004
 -0.000242425367  -0.000252802939  -0.000150096219
 -0.000328776386   0.000075642110   0.000045810650
 -0.000020140004  -0.000108221846   0.000137731904
  0.000196516229  -0.000000000000   0.000299042802
  0.000020596271   0.000113138683   0.000129599947
 -0.000038629309   0.000122198518   0.000211247123
 -0.000034047728  -0.000327562688   0.000175594422
  0.000444781896  -0.000424649351   0.000146282409
 -0.000203454736  -0.000358496312  -0.000180830936
 -0.000582565913  -0.000000000000   0.000001273841
 -0.000020140004   0.000108221846   0.000137731904
  0.000180473735   0.000144218750  -0.000330655383
 -0.000141364053   0.000516047168  -0.000240852638
  0.000143563729   0.000187081074  -0.000521639071
  0.000327868945  -0.000568288489  -0.000620983712
  0.000474672031  -0.000000000000   0.000796731440
 -0.000203454736   0.000358496312  -0.000180830936
 -0.000328776386  -0.000075642110   0.000045810650
  0.000214669028  -0.000150294783  -0.000395082440
 -0.000058098320   0.000718033998   0.000108778306
 -0.000247342376   0.000425528185   0.001822411024
 -0.011243669136  -0.000000000000  -0.000002644195
  0.004282965431  -0.001577200410   0.002256006776
 -0.001065634134   0.000374357534  -0.000082980353
  0.000181441195  -0.000244380540  -0.000159575160
  0.000182290999  -0.000244291418   0.000159088521
 -0.001067655642   0.000375183661   0.000083372934
  0.004289943082  -0.001576631026  -0.002260123304
  0.004289943082   0.001576631026  -0.002260123304
  0.001567300332   0.000003678639  -0.000000672495
 -0.000058420844   0.001219889372   0.000443413554
 -0.000099432666   0.000065619614  -0.000208005592
  0.000363693705  -0.000222616603   0.000183573094
 -0.000205689789   0.000003630275   0.000307208428
 -0.002174233887  -0.000000000000  -0.000886224011
 -0.001067655642  -0.000375183661   0.000083372934
 -0.000059079143  -0.001222233660  -0.000442744825
 -0.000416508254  -0.000000924377   0.000000030896
 -0.000092099298   0.000062879432  -0.000102053573
  0.000275164987  -0.000100660736  -0.000126260625
  0.000449433639  -0.000000000000   0.000251800843
 -0.000205689789  -0.000003630275   0.000307208428
  0.000182290999   0.000244291418   0.000159088521
 -0.000099005252  -0.000065159574   0.000207639307
 -0.000091798310  -0.000062490301   0.000101666020
 -0.000241351057   0.000000162297  -0.000000270205
 -0.000023539303  -0.000000000000  -0.000368210247
  0.000275164987   0.000100660736  -0.000126260625
  0.000363693705   0.000222616603   0.000183573094
  0.000181441195   0.000244380540  -0.000159575160
  0.000363544963   0.000222959411  -0.000184034017
  0.000275280851   0.000100673594   0.000125848570
 -0.000022874718  -0.000000000000   0.000367429025
 -0.000241351057  -0.000000162297  -0.000000270205
 -0.000092099298  -0.000062879432  -0.000102053573
 -0.000099432666  -0.000065619614  -0.000208005592
 -0.001065634134  -0.000374357534  -0.000082980353
 -0.000206320032  -0.000003614016  -0.000307058576
  0.000449858162  -0.000000000000  -0.000251711490
  0.000275280851  -0.000100673594   0.000125848570
 -0.000091798310   0.000062490301   0.000101666020
 -0.000416508254   0.000000924377   0.000000030896
 -0.000058420844  -0.001219889372   0.000443413554
  0.004282965431   0.001577200410   0.002256006776
 -0.002170609412  -0.000000000000   0.000886357165
 -0.000206320032   0.000003614016  -0.000307058576
  0.000363544963  -0.000222959411  -0.000184034017
 -0.000099005252   0.000065159574   0.000207639307
 -0.000059079143   0.001222233660  -0.000442744825
  0.001567300332  -0.000003678639  -0.000000672495
   50    2  0.0000  0.0000  0.0150
  0.002224577483   0.003853081226   0.007542225875
 -0.001733939546   0.000000000000  -0.000203616104
  0.000175774074   0.000223771988  -0.000147094420
  0.000314783177  -0.000061931992   0.000204554001
 -0.000211026267   0.000241644232   0.000204554001
  0.000105905189   0.000264110807  -0.000147094420
  0.000866969773  -0.001501635695  -0.000203616104
 -0.004449154966   0.000000000000   0.007542225875
  0.002224577483  -0.003853081226   0.007542225875
 -0.000609801388   0.001198678697  -0.000057446233
  0.000104091979   0.000117438939   0.000050134429
 -0.000107971227  -0.000187011650  -0.000261388832
  0.000049659115   0.000148865768   0.000050134429
  0.001342986897   0.000071235855  -0.000057446233
  0.001342986897  -0.000071235855  -0.000057446233
  0.000866969773   0.001501635695  -0.000203616104
 -0.000733185509   0.001127442842  -0.000057446233
  0.000003310274  -0.000005733563   0.000198979055
  0.000114221497  -0.000305759664  -0.000071519231
 -0.000321906385  -0.000053961114  -0.000071519231
 -0.000006620549   0.000000000000   0.000198979055
  0.000049659115  -0.000148865768   0.000050134429
  0.000105905189  -0.000264110807  -0.000147094420
 -0.000281679263  -0.000040338820  -0.000147094420
 -0.000153751094  -0.000031426829   0.000050134429
  0.000207684888  -0.000251798550  -0.000071519231
 -0.000000000000  -0.000000000000   0.000197192453
 -0.000321906385   0.000053961114  -0.000071519231
 -0.000107971227   0.000187011650  -0.000261388832
 -0.000211026267  -0.000241644232   0.000204554001
 -0.000145956501  -0.000252804075   0.000175029337
 -0.000103756910  -0.000303576224   0.000204554001
  0.000215942453   0.000000000000  -0.000261388832
  0.000207684888   0.000251798550  -0.000071519231
  0.000114221497   0.000305759664  -0.000071519231
  0.000104091979  -0.000117438939   0.000050134429
  0.000314783177   0.000061931992   0.000204554001
  0.000069705982  -0.000120734303  -0.000210375031
 -0.000139411965   0.000000000000  -0.000210375031
 -0.000103756910   0.000303576224   0.000204554001
 -0.000153751094   0.000031426829   0.000050134429
  0.000003310274   0.000005733563   0.000198979055
 -0.000609801388  -0.001198678697  -0.000057446233
  0.000175774074  -0.000223771988  -0.000147094420
  0.000291913001   0.000000000000   0.000175029337
  0.000069705982   0.000120734303  -0.000210375031
 -0.000145956501   0.000252804075   0.000175029337
 -0.000281679263   0.000040338820  -0.000147094420
 -0.000733185509  -0.001127442842  -0.000057446233
 -0.000000000000   0.000000000000  -0.159914090065
  0.001739974556  -0.001005929605   0.002151958421
  0.000516415658  -0.000298722307   0.000020826372
 -0.000244862858   0.000140940142   0.000297567450
  0.000244489172  -0.000141587385   0.000297567450
 -0.000516908935   0.000297867925   0.000020826372
 -0.001741147871   0.001003897365   0.002151958421
 -0.001741147871  -0.001003897365   0.002151958421
  0.000001173314  -0.002009826970   0.002151958421
  0.000406127429  -0.000703433341   0.000122554024
 -0.000275037376   0.000416762179   0.000128899158
  0.000083693455   0.000144961316   0.000430815271
  0.000498445323  -0.000029808265   0.000128899158
 -0.000812254858  -0.000000000000   0.000122554024
 -0.000516908935  -0.000297867925   0.000020826372
 -0.000405655311  -0.000702615609   0.000123281439
  0.000000493278  -0.000596590232   0.000020826372
 -0.000223407947   0.000446570445   0.000128899158
 -0.000152511057   0.000264156899   0.000646561223
  0.000305022114   0.000000000000   0.000646561223
  0.000498445323   0.000029808265   0.000128899158
  0.000244489172   0.000141587385   0.000297567450
  0.000273535843   0.000417677342   0.000131014050
  0.000224951268   0.000445727660   0.000131014050
  0.000000373686   0.000282527526   0.000297567450
 -0.000167386909   0.000000000000   0.000430815271
 -0.000152511057  -0.000264156899   0.000646561223
  0.000083693455  -0.000144961316   0.000430815271
 -0.000244862858  -0.000140940142   0.000297567450
 -0.000083808386   0.000145160383   0.000432253244
  0.000152513856   0.000264161747   0.000650103042
  0.000167616772  -0.000000000000   0.000432253244
  0.000000373686  -0.000282527526   0.000297567450
 -0.000223407947  -0.000446570445   0.000128899158
 -0.000275037376  -0.000416762179   0.000128899158
  0.000516415658   0.000298722307   0.000020826372
 -0.000498487110  -0.000028050317   0.000131014050
 -0.000305027712  -0.000000000000   0.000650103042
  0.000152513856  -0.000264161747   0.000650103042
  0.000224951268  -0.000445727660   0.000131014050
  0.000000493278   0.000596590232   0.000020826372
  0.000406127429   0.000703433341   0.000122554024
  0.001739974556   0.001005929605   0.002151958421
  0.000811310621   0.000000000000   0.000123281439
 -0.000498487110   0.000028050317   0.000131014050
 -0.000083808386  -0.000145160383   0.000432253244
  0.000273535843  -0.000417677342   0.000131014050
 -0.000405655311   0.000702615609   0.000123281439
  0.000001173314   0.002009826970   0.002151958421
  0.004457154428   0.000000000000   0.007546810370
 -0.001341349857  -0.000070459738  -0.000056535100
 -0.000048589662  -0.000148130860   0.000050112705
  0.000108484807   0.000187901198  -0.000261391423
 -0.000103990257  -0.000116145312   0.000050112705
  0.000609655005  -0.001196872920  -0.000056535100
 -0.002228577214   0.003860008963   0.007546810370
 -0.002228577214  -0.003860008963   0.007546810370
 -0.000867971921   0.001503371467  -0.000202705869
 -0.000104485774  -0.000264121139  -0.000147135869
  0.000211791404  -0.000241802077   0.000204977547
 -0.000315302443   0.000062515697   0.000204977547
 -0.000176492729  -0.000222547904  -0.000147135869
  0.001735943842  -0.000000000000  -0.000202705869
  0.000609655005   0.001196872920  -0.000056535100
  0.000731694851   0.001126413182  -0.000056535100
  0.000280978503  -0.000041573235  -0.000147135869
  0.000146629198  -0.000253969222   0.000175384691
 -0.000070514124  -0.000122134046  -0.000210945645
 -0.000293258397   0.000000000000   0.000175384691
 -0.000176492729   0.000222547904  -0.000147135869
 -0.000103990257   0.000116145312   0.000050112705
 -0.000002943341  -0.000005098017   0.000199009172
  0.000152579919  -0.000031985549   0.000050112705
  0.000103511040  -0.000304317775   0.000204977547
  0.000141028249   0.000000000000  -0.000210945645
 -0.000070514124   0.000122134046  -0.000210945645
 -0.000315302443  -0.000062515697   0.000204977547
  0.000108484807  -0.000187901198  -0.000261391423
 -0.000114643406  -0.000305665286  -0.000071495383
 -0.000207392199  -0.000252116745  -0.000071495383
 -0.000216969615   0.000000000000  -0.000261391423
  0.000103511040   0.000304317775   0.000204977547
  0.000146629198   0.000253969222   0.000175384691
  0.000211791404   0.000241802077   0.000204977547
 -0.000048589662   0.000148130860   0.000050112705
  0.000322035605  -0.000053548541  -0.000071495383
 -0.000000000000   0.000000000000   0.000198762311
 -0.000207392199   0.000252116745  -0.000071495383
  0.000152579919   0.000031985549   0.000050112705
  0.000280978503   0.000041573235  -0.000147135869
 -0.000104485774   0.000264121139  -0.000147135869
 -0.001341349857   0.000070459738  -0.000056535100
  0.000005886683   0.000000000000   0.000199009172
  0.000322035605   0.000053548541  -0.000071495383
 -0.000114643406   0.000305665286  -0.000071495383
 -0.000002943341   0.000005098017   0.000199009172
  0.000731694851  -0.001126413182  -0.000056535100
 -0.000867971921  -0.001503371467  -0.000202705869
 -0.000000000000   0.000000000000   0.107540787718
  0.002286821431  -0.001322460164  -0.000696188547
 -0.000088718215   0.000050518710  -0.000014205374
 -0.000162094182   0.000093113371  -0.000258921444
  0.000161685636  -0.000093820994  -0.000258921444
  0.000088109593  -0.000051572873  -0.000014205374
 -0.002288694813   0.001319215371  -0.000696188547
 -0.002288694813  -0.001319215371  -0.000696188547
  0.000001873382  -0.002641675535  -0.000696188547
  0.000443277313  -0.000767778828  -0.000198161161
 -0.000211708443   0.000240404248  -0.000029590654
  0.000184107086   0.000318882828  -0.000554383864
  0.000314050408  -0.000063142766  -0.000029590654
 -0.000886554626   0.000000000000  -0.000198161161
  0.000088109593   0.000051572873  -0.000014205374
 -0.000442687846  -0.000766757842  -0.000198927071
  0.000000608621   0.000102091583  -0.000014205374
 -0.000102341964   0.000303547014  -0.000029590654
 -0.000128117082   0.000221905295  -0.000686097564
  0.000256234164   0.000000000000  -0.000686097564
  0.000314050408   0.000063142766  -0.000029590654
  0.000161685636   0.000093820994  -0.000258921444
  0.000210384532   0.000241081804  -0.000031860746
  0.000103590701   0.000302739251  -0.000031860746
  0.000000408547   0.000186934365  -0.000258921444
 -0.000368214173   0.000000000000  -0.000554383864
 -0.000128117082  -0.000221905295  -0.000686097564
  0.000184107086  -0.000318882828  -0.000554383864
 -0.000162094182  -0.000093113371  -0.000258921444
 -0.000184260160   0.000319147959  -0.000555753941
  0.000128164752   0.000221987863  -0.000689579974
  0.000368520320   0.000000000000  -0.000555753941
  0.000000408547  -0.000186934365  -0.000258921444
 -0.000102341964  -0.000303547014  -0.000029590654
 -0.000211708443  -0.000240404248  -0.000029590654
 -0.000088718215  -0.000050518710  -0.000014205374
 -0.000313975233  -0.000061657447  -0.000031860746
 -0.000256329505   0.000000000000  -0.000689579974
  0.000128164752  -0.000221987863  -0.000689579974
  0.000103590701  -0.000302739251  -0.000031860746
  0.000000608621  -0.000102091583  -0.000014205374
  0.000443277313   0.000767778828  -0.000198161161
  0.002286821431   0.001322460164  -0.000696188547
  0.000885375693   0.000000000000  -0.000198927071
 -0.000313975233   0.000061657447  -0.000031860746
 -0.000184260160  -0.000319147959  -0.000555753941
  0.000210384532  -0.000241081804  -0.000031860746
 -0.000442687846   0.000766757842  -0.000198927071
  0.000001873382   0.002641675535  -0.000696188547
