Automatically generated mesh
     325
Reciprocal lattice
    0.00000000000000    0.00000000000000    0.00000000000000             1
    0.02083333333334    0.00000000000000    0.00000000000000             4
    0.04166666666667    0.00000000000000    0.00000000000000             4
    0.06250000000000    0.00000000000000    0.00000000000000             4
    0.08333333333334    0.00000000000000    0.00000000000000             4
    0.10416666666667    0.00000000000000    0.00000000000000             4
    0.12500000000000    0.00000000000000    0.00000000000000             4
    0.14583333333334    0.00000000000000    0.00000000000000             4
    0.16666666666667    0.00000000000000    0.00000000000000             4
    0.18750000000000    0.00000000000000    0.00000000000000             4
    0.20833333333334    0.00000000000000    0.00000000000000             4
    0.22916666666667    0.00000000000000    0.00000000000000             4
    0.25000000000000    0.00000000000000    0.00000000000000             4
    0.27083333333334    0.00000000000000    0.00000000000000             4
    0.29166666666667    0.00000000000000    0.00000000000000             4
    0.31250000000000    0.00000000000000    0.00000000000000             4
    0.33333333333334    0.00000000000000    0.00000000000000             4
    0.35416666666667    0.00000000000000    0.00000000000000             4
    0.37500000000000    0.00000000000000    0.00000000000000             4
    0.39583333333334    0.00000000000000    0.00000000000000             4
    0.41666666666667    0.00000000000000    0.00000000000000             4
    0.43750000000000    0.00000000000000    0.00000000000000             4
    0.45833333333334    0.00000000000000    0.00000000000000             4
    0.47916666666667    0.00000000000000    0.00000000000000             4
    0.50000000000000    0.00000000000000    0.00000000000000             2
    0.02083333333334    0.02083333333334    0.00000000000000             4
    0.04166666666667    0.02083333333334    0.00000000000000             8
    0.06250000000000    0.02083333333334    0.00000000000000             8
    0.08333333333334    0.02083333333334    0.00000000000000             8
    0.10416666666667    0.02083333333334    0.00000000000000             8
    0.12500000000000    0.02083333333334    0.00000000000000             8
    0.14583333333334    0.02083333333334    0.00000000000000             8
    0.16666666666667    0.02083333333334    0.00000000000000             8
    0.18750000000000    0.02083333333334    0.00000000000000             8
    0.20833333333334    0.02083333333334    0.00000000000000             8
    0.22916666666667    0.02083333333334    0.00000000000000             8
    0.25000000000000    0.02083333333334    0.00000000000000             8
    0.27083333333334    0.02083333333334    0.00000000000000             8
    0.29166666666667    0.02083333333334    0.00000000000000             8
    0.31250000000000    0.02083333333334    0.00000000000000             8
    0.33333333333334    0.02083333333334    0.00000000000000             8
    0.35416666666667    0.02083333333334    0.00000000000000             8
    0.37500000000000    0.02083333333334    0.00000000000000             8
    0.39583333333334    0.02083333333334    0.00000000000000             8
    0.41666666666667    0.02083333333334    0.00000000000000             8
    0.43750000000000    0.02083333333334    0.00000000000000             8
    0.45833333333334    0.02083333333334    0.00000000000000             8
    0.47916666666667    0.02083333333334    0.00000000000000             8
    0.50000000000000    0.02083333333334    0.00000000000000             4
    0.04166666666667    0.04166666666667    0.00000000000000             4
    0.06250000000000    0.04166666666667    0.00000000000000             8
    0.08333333333334    0.04166666666667    0.00000000000000             8
    0.10416666666667    0.04166666666667    0.00000000000000             8
    0.12500000000000    0.04166666666667    0.00000000000000             8
    0.14583333333334    0.04166666666667    0.00000000000000             8
    0.16666666666667    0.04166666666667    0.00000000000000             8
    0.18750000000000    0.04166666666667    0.00000000000000             8
    0.20833333333334    0.04166666666667    0.00000000000000             8
    0.22916666666667    0.04166666666667    0.00000000000000             8
    0.25000000000000    0.04166666666667    0.00000000000000             8
    0.27083333333334    0.04166666666667    0.00000000000000             8
    0.29166666666667    0.04166666666667    0.00000000000000             8
    0.31250000000000    0.04166666666667    0.00000000000000             8
    0.33333333333334    0.04166666666667    0.00000000000000             8
    0.35416666666667    0.04166666666667    0.00000000000000             8
    0.37500000000000    0.04166666666667    0.00000000000000             8
    0.39583333333334    0.04166666666667    0.00000000000000             8
    0.41666666666667    0.04166666666667    0.00000000000000             8
    0.43750000000000    0.04166666666667    0.00000000000000             8
    0.45833333333334    0.04166666666667    0.00000000000000             8
    0.47916666666667    0.04166666666667    0.00000000000000             8
    0.50000000000000    0.04166666666667    0.00000000000000             4
    0.06250000000000    0.06250000000000    0.00000000000000             4
    0.08333333333334    0.06250000000000    0.00000000000000             8
    0.10416666666667    0.06250000000000    0.00000000000000             8
    0.12500000000000    0.06250000000000    0.00000000000000             8
    0.14583333333334    0.06250000000000    0.00000000000000             8
    0.16666666666667    0.06250000000000    0.00000000000000             8
    0.18750000000000    0.06250000000000    0.00000000000000             8
    0.20833333333334    0.06250000000000    0.00000000000000             8
    0.22916666666667    0.06250000000000    0.00000000000000             8
    0.25000000000000    0.06250000000000    0.00000000000000             8
    0.27083333333334    0.06250000000000    0.00000000000000             8
    0.29166666666667    0.06250000000000    0.00000000000000             8
    0.31250000000000    0.06250000000000    0.00000000000000             8
    0.33333333333334    0.06250000000000    0.00000000000000             8
    0.35416666666667    0.06250000000000    0.00000000000000             8
    0.37500000000000    0.06250000000000    0.00000000000000             8
    0.39583333333334    0.06250000000000    0.00000000000000             8
    0.41666666666667    0.06250000000000    0.00000000000000             8
    0.43750000000000    0.06250000000000    0.00000000000000             8
    0.45833333333334    0.06250000000000    0.00000000000000             8
    0.47916666666667    0.06250000000000    0.00000000000000             8
    0.50000000000000    0.06250000000000    0.00000000000000             4
    0.08333333333334    0.08333333333334    0.00000000000000             4
    0.10416666666667    0.08333333333334    0.00000000000000             8
    0.12500000000000    0.08333333333334    0.00000000000000             8
    0.14583333333334    0.08333333333334    0.00000000000000             8
    0.16666666666667    0.08333333333334    0.00000000000000             8
    0.18750000000000    0.08333333333334    0.00000000000000             8
    0.20833333333334    0.08333333333334    0.00000000000000             8
    0.22916666666667    0.08333333333334    0.00000000000000             8
    0.25000000000000    0.08333333333334    0.00000000000000             8
    0.27083333333334    0.08333333333334    0.00000000000000             8
    0.29166666666667    0.08333333333334    0.00000000000000             8
    0.31250000000000    0.08333333333334    0.00000000000000             8
    0.33333333333334    0.08333333333334    0.00000000000000             8
    0.35416666666667    0.08333333333334    0.00000000000000             8
    0.37500000000000    0.08333333333334    0.00000000000000             8
    0.39583333333334    0.08333333333334    0.00000000000000             8
    0.41666666666667    0.08333333333334    0.00000000000000             8
    0.43750000000000    0.08333333333334    0.00000000000000             8
    0.45833333333334    0.08333333333334    0.00000000000000             8
    0.47916666666667    0.08333333333334    0.00000000000000             8
    0.50000000000000    0.08333333333334    0.00000000000000             4
    0.10416666666667    0.10416666666667    0.00000000000000             4
    0.12500000000000    0.10416666666667    0.00000000000000             8
    0.14583333333334    0.10416666666667    0.00000000000000             8
    0.16666666666667    0.10416666666667    0.00000000000000             8
    0.18750000000000    0.10416666666667    0.00000000000000             8
    0.20833333333334    0.10416666666667    0.00000000000000             8
    0.22916666666667    0.10416666666667    0.00000000000000             8
    0.25000000000000    0.10416666666667    0.00000000000000             8
    0.27083333333334    0.10416666666667    0.00000000000000             8
    0.29166666666667    0.10416666666667    0.00000000000000             8
    0.31250000000000    0.10416666666667    0.00000000000000             8
    0.33333333333334    0.10416666666667    0.00000000000000             8
    0.35416666666667    0.10416666666667    0.00000000000000             8
    0.37500000000000    0.10416666666667    0.00000000000000             8
    0.39583333333334    0.10416666666667    0.00000000000000             8
    0.41666666666667    0.10416666666667    0.00000000000000             8
    0.43750000000000    0.10416666666667    0.00000000000000             8
    0.45833333333334    0.10416666666667    0.00000000000000             8
    0.47916666666667    0.10416666666667    0.00000000000000             8
    0.50000000000000    0.10416666666667    0.00000000000000             4
    0.12500000000000    0.12500000000000    0.00000000000000             4
    0.14583333333334    0.12500000000000    0.00000000000000             8
    0.16666666666667    0.12500000000000    0.00000000000000             8
    0.18750000000000    0.12500000000000    0.00000000000000             8
    0.20833333333334    0.12500000000000    0.00000000000000             8
    0.22916666666667    0.12500000000000    0.00000000000000             8
    0.25000000000000    0.12500000000000    0.00000000000000             8
    0.27083333333334    0.12500000000000    0.00000000000000             8
    0.29166666666667    0.12500000000000    0.00000000000000             8
    0.31250000000000    0.12500000000000    0.00000000000000             8
    0.33333333333334    0.12500000000000    0.00000000000000             8
    0.35416666666667    0.12500000000000    0.00000000000000             8
    0.37500000000000    0.12500000000000    0.00000000000000             8
    0.39583333333334    0.12500000000000    0.00000000000000             8
    0.41666666666667    0.12500000000000    0.00000000000000             8
    0.43750000000000    0.12500000000000    0.00000000000000             8
    0.45833333333334    0.12500000000000    0.00000000000000             8
    0.47916666666667    0.12500000000000    0.00000000000000             8
    0.50000000000000    0.12500000000000    0.00000000000000             4
    0.14583333333334    0.14583333333334    0.00000000000000             4
    0.16666666666667    0.14583333333334    0.00000000000000             8
    0.18750000000000    0.14583333333334    0.00000000000000             8
    0.20833333333334    0.14583333333334    0.00000000000000             8
    0.22916666666667    0.14583333333334    0.00000000000000             8
    0.25000000000000    0.14583333333334    0.00000000000000             8
    0.27083333333334    0.14583333333334    0.00000000000000             8
    0.29166666666667    0.14583333333334    0.00000000000000             8
    0.31250000000000    0.14583333333334    0.00000000000000             8
    0.33333333333334    0.14583333333334    0.00000000000000             8
    0.35416666666667    0.14583333333334    0.00000000000000             8
    0.37500000000000    0.14583333333334    0.00000000000000             8
    0.39583333333334    0.14583333333334    0.00000000000000             8
    0.41666666666667    0.14583333333334    0.00000000000000             8
    0.43750000000000    0.14583333333334    0.00000000000000             8
    0.45833333333334    0.14583333333334    0.00000000000000             8
    0.47916666666667    0.14583333333334    0.00000000000000             8
    0.50000000000000    0.14583333333334    0.00000000000000             4
    0.16666666666667    0.16666666666667    0.00000000000000             4
    0.18750000000000    0.16666666666667    0.00000000000000             8
    0.20833333333334    0.16666666666667    0.00000000000000             8
    0.22916666666667    0.16666666666667    0.00000000000000             8
    0.25000000000000    0.16666666666667    0.00000000000000             8
    0.27083333333334    0.16666666666667    0.00000000000000             8
    0.29166666666667    0.16666666666667    0.00000000000000             8
    0.31250000000000    0.16666666666667    0.00000000000000             8
    0.33333333333334    0.16666666666667    0.00000000000000             8
    0.35416666666667    0.16666666666667    0.00000000000000             8
    0.37500000000000    0.16666666666667    0.00000000000000             8
    0.39583333333334    0.16666666666667    0.00000000000000             8
    0.41666666666667    0.16666666666667    0.00000000000000             8
    0.43750000000000    0.16666666666667    0.00000000000000             8
    0.45833333333334    0.16666666666667    0.00000000000000             8
    0.47916666666667    0.16666666666667    0.00000000000000             8
    0.50000000000000    0.16666666666667    0.00000000000000             4
    0.18750000000000    0.18750000000000    0.00000000000000             4
    0.20833333333334    0.18750000000000    0.00000000000000             8
    0.22916666666667    0.18750000000000    0.00000000000000             8
    0.25000000000000    0.18750000000000    0.00000000000000             8
    0.27083333333334    0.18750000000000    0.00000000000000             8
    0.29166666666667    0.18750000000000    0.00000000000000             8
    0.31250000000000    0.18750000000000    0.00000000000000             8
    0.33333333333334    0.18750000000000    0.00000000000000             8
    0.35416666666667    0.18750000000000    0.00000000000000             8
    0.37500000000000    0.18750000000000    0.00000000000000             8
    0.39583333333334    0.18750000000000    0.00000000000000             8
    0.41666666666667    0.18750000000000    0.00000000000000             8
    0.43750000000000    0.18750000000000    0.00000000000000             8
    0.45833333333334    0.18750000000000    0.00000000000000             8
    0.47916666666667    0.18750000000000    0.00000000000000             8
    0.50000000000000    0.18750000000000    0.00000000000000             4
    0.20833333333334    0.20833333333334    0.00000000000000             4
    0.22916666666667    0.20833333333334    0.00000000000000             8
    0.25000000000000    0.20833333333334    0.00000000000000             8
    0.27083333333334    0.20833333333334    0.00000000000000             8
    0.29166666666667    0.20833333333334    0.00000000000000             8
    0.31250000000000    0.20833333333334    0.00000000000000             8
    0.33333333333334    0.20833333333334    0.00000000000000             8
    0.35416666666667    0.20833333333334    0.00000000000000             8
    0.37500000000000    0.20833333333334    0.00000000000000             8
    0.39583333333334    0.20833333333334    0.00000000000000             8
    0.41666666666667    0.20833333333334    0.00000000000000             8
    0.43750000000000    0.20833333333334    0.00000000000000             8
    0.45833333333334    0.20833333333334    0.00000000000000             8
    0.47916666666667    0.20833333333334    0.00000000000000             8
    0.50000000000000    0.20833333333334    0.00000000000000             4
    0.22916666666667    0.22916666666667    0.00000000000000             4
    0.25000000000000    0.22916666666667    0.00000000000000             8
    0.27083333333334    0.22916666666667    0.00000000000000             8
    0.29166666666667    0.22916666666667    0.00000000000000             8
    0.31250000000000    0.22916666666667    0.00000000000000             8
    0.33333333333334    0.22916666666667    0.00000000000000             8
    0.35416666666667    0.22916666666667    0.00000000000000             8
    0.37500000000000    0.22916666666667    0.00000000000000             8
    0.39583333333334    0.22916666666667    0.00000000000000             8
    0.41666666666667    0.22916666666667    0.00000000000000             8
    0.43750000000000    0.22916666666667    0.00000000000000             8
    0.45833333333334    0.22916666666667    0.00000000000000             8
    0.47916666666667    0.22916666666667    0.00000000000000             8
    0.50000000000000    0.22916666666667    0.00000000000000             4
    0.25000000000000    0.25000000000000    0.00000000000000             4
    0.27083333333334    0.25000000000000    0.00000000000000             8
    0.29166666666667    0.25000000000000    0.00000000000000             8
    0.31250000000000    0.25000000000000    0.00000000000000             8
    0.33333333333334    0.25000000000000    0.00000000000000             8
    0.35416666666667    0.25000000000000    0.00000000000000             8
    0.37500000000000    0.25000000000000    0.00000000000000             8
    0.39583333333334    0.25000000000000    0.00000000000000             8
    0.41666666666667    0.25000000000000    0.00000000000000             8
    0.43750000000000    0.25000000000000    0.00000000000000             8
    0.45833333333334    0.25000000000000    0.00000000000000             8
    0.47916666666667    0.25000000000000    0.00000000000000             8
    0.50000000000000    0.25000000000000    0.00000000000000             4
    0.27083333333334    0.27083333333334    0.00000000000000             4
    0.29166666666667    0.27083333333334    0.00000000000000             8
    0.31250000000000    0.27083333333334    0.00000000000000             8
    0.33333333333334    0.27083333333334    0.00000000000000             8
    0.35416666666667    0.27083333333334    0.00000000000000             8
    0.37500000000000    0.27083333333334    0.00000000000000             8
    0.39583333333334    0.27083333333334    0.00000000000000             8
    0.41666666666667    0.27083333333334    0.00000000000000             8
    0.43750000000000    0.27083333333334    0.00000000000000             8
    0.45833333333334    0.27083333333334    0.00000000000000             8
    0.47916666666667    0.27083333333334    0.00000000000000             8
    0.50000000000000    0.27083333333334    0.00000000000000             4
    0.29166666666667    0.29166666666667    0.00000000000000             4
    0.31250000000000    0.29166666666667    0.00000000000000             8
    0.33333333333334    0.29166666666667    0.00000000000000             8
    0.35416666666667    0.29166666666667    0.00000000000000             8
    0.37500000000000    0.29166666666667    0.00000000000000             8
    0.39583333333334    0.29166666666667    0.00000000000000             8
    0.41666666666667    0.29166666666667    0.00000000000000             8
    0.43750000000000    0.29166666666667    0.00000000000000             8
    0.45833333333334    0.29166666666667    0.00000000000000             8
    0.47916666666667    0.29166666666667    0.00000000000000             8
    0.50000000000000    0.29166666666667    0.00000000000000             4
    0.31250000000000    0.31250000000000    0.00000000000000             4
    0.33333333333334    0.31250000000000    0.00000000000000             8
    0.35416666666667    0.31250000000000    0.00000000000000             8
    0.37500000000000    0.31250000000000    0.00000000000000             8
    0.39583333333334    0.31250000000000    0.00000000000000             8
    0.41666666666667    0.31250000000000    0.00000000000000             8
    0.43750000000000    0.31250000000000    0.00000000000000             8
    0.45833333333334    0.31250000000000    0.00000000000000             8
    0.47916666666667    0.31250000000000    0.00000000000000             8
    0.50000000000000    0.31250000000000    0.00000000000000             4
    0.33333333333334    0.33333333333334    0.00000000000000             4
    0.35416666666667    0.33333333333334    0.00000000000000             8
    0.37500000000000    0.33333333333334    0.00000000000000             8
    0.39583333333334    0.33333333333334    0.00000000000000             8
    0.41666666666667    0.33333333333334    0.00000000000000             8
    0.43750000000000    0.33333333333334    0.00000000000000             8
    0.45833333333334    0.33333333333334    0.00000000000000             8
    0.47916666666667    0.33333333333334    0.00000000000000             8
    0.50000000000000    0.33333333333334    0.00000000000000             4
    0.35416666666667    0.35416666666667    0.00000000000000             4
    0.37500000000000    0.35416666666667    0.00000000000000             8
    0.39583333333334    0.35416666666667    0.00000000000000             8
    0.41666666666667    0.35416666666667    0.00000000000000             8
    0.43750000000000    0.35416666666667    0.00000000000000             8
    0.45833333333334    0.35416666666667    0.00000000000000             8
    0.47916666666667    0.35416666666667    0.00000000000000             8
    0.50000000000000    0.35416666666667    0.00000000000000             4
    0.37500000000000    0.37500000000000    0.00000000000000             4
    0.39583333333334    0.37500000000000    0.00000000000000             8
    0.41666666666667    0.37500000000000    0.00000000000000             8
    0.43750000000000    0.37500000000000    0.00000000000000             8
    0.45833333333334    0.37500000000000    0.00000000000000             8
    0.47916666666667    0.37500000000000    0.00000000000000             8
    0.50000000000000    0.37500000000000    0.00000000000000             4
    0.39583333333334    0.39583333333334    0.00000000000000             4
    0.41666666666667    0.39583333333334    0.00000000000000             8
    0.43750000000000    0.39583333333334    0.00000000000000             8
    0.45833333333334    0.39583333333334    0.00000000000000             8
    0.47916666666667    0.39583333333334    0.00000000000000             8
    0.50000000000000    0.39583333333334    0.00000000000000             4
    0.41666666666667    0.41666666666667    0.00000000000000             4
    0.43750000000000    0.41666666666667    0.00000000000000             8
    0.45833333333334    0.41666666666667    0.00000000000000             8
    0.47916666666667    0.41666666666667    0.00000000000000             8
    0.50000000000000    0.41666666666667    0.00000000000000             4
    0.43750000000000    0.43750000000000    0.00000000000000             4
    0.45833333333334    0.43750000000000    0.00000000000000             8
    0.47916666666667    0.43750000000000    0.00000000000000             8
    0.50000000000000    0.43750000000000    0.00000000000000             4
    0.45833333333334    0.45833333333334    0.00000000000000             4
    0.47916666666667    0.45833333333334    0.00000000000000             8
    0.50000000000000    0.45833333333334    0.00000000000000             4
    0.47916666666667    0.47916666666667    0.00000000000000             4
    0.50000000000000    0.47916666666667    0.00000000000000             4
    0.50000000000000    0.50000000000000    0.00000000000000             1
