    2   45    6
  9.013  1.000
    1    1  0.0150  0.0000  0.0000
 -0.051806679009   0.000000000000   0.000000390404
 -0.011091958514   0.000001728034  -0.000002973584
 -0.011091958514  -0.000001728034  -0.000002973584
  0.042359280879   0.000000000000  -0.008303093388
  0.004084971974   0.003307652145  -0.005230303470
  0.004084971974  -0.003307652145  -0.005230303470
  0.042360474783   0.000000000000   0.008297562752
  0.004076117510  -0.003299576136   0.005218199143
  0.004076117510   0.003299576136   0.005218199143
  0.003669413512  -0.002268927207  -0.000102201444
  0.002352972244   0.000000000000   0.000742198225
  0.003669413512   0.002268927207  -0.000102201444
  0.008341078190   0.000000351102   0.000003399326
 -0.000078636660   0.000000000000   0.000003564879
  0.008341078190  -0.000000351102   0.000003399326
  0.003667690282   0.002270957528   0.000100843505
  0.002353961505   0.000000000000  -0.000737680859
  0.003667690282  -0.002270957528   0.000100843505
  0.001372164317   0.000000000000   0.000000509328
  0.000560558059   0.000000057019   0.000000070324
  0.000560558059  -0.000000057019   0.000000070324
  0.001059225866   0.000000000000  -0.001939836041
  0.000204551503  -0.000262977407  -0.001525950508
  0.000204551503   0.000262977407  -0.001525950508
  0.001062669296   0.000000000000   0.001928552446
  0.000207650012   0.000260667744   0.001519978643
  0.000207650012  -0.000260667744   0.001519978643
 -0.010324305413  -0.008249237977   0.007765910333
  0.002979991006   0.000000000000   0.001140102549
 -0.010324305413   0.008249237977   0.007765910333
 -0.011311178275  -0.000001146394   0.000001979956
  0.000224963948   0.000000000000   0.000004907400
 -0.011311178275   0.000001146394   0.000001979956
 -0.010310326468   0.008234054756  -0.007766069294
  0.002975972673   0.000000000000  -0.001131360631
 -0.010310326468  -0.008234054756  -0.007766069294
 -0.000591916178  -0.000024845270   0.000003462444
 -0.001233406439   0.000000000000   0.000318424333
 -0.000591916178   0.000024845270   0.000003462444
 -0.001791631470  -0.000000870986   0.000004886823
 -0.002301829667   0.000000000000   0.000004336029
 -0.001791631470   0.000000870986   0.000004886823
 -0.000605757428   0.000024684292   0.000000933902
 -0.001251039337   0.000000000000  -0.000312909622
 -0.000605757428  -0.000024684292   0.000000933902
    1    2  0.0000  0.0000  0.0150
 -0.000000000000   0.000000000000  -0.013197139677
 -0.000000000000   0.008287855693  -0.003271114331
 -0.000000000000  -0.008287855693  -0.003271114331
  0.008287855693   0.000000000000  -0.003271114331
  0.005210169954   0.005210169954  -0.009913074349
  0.005210169954  -0.005210169954  -0.009913074349
 -0.008287855693   0.000000000000  -0.003271114331
 -0.005210169954   0.005210169954  -0.009913074349
 -0.005210169954  -0.005210169954  -0.009913074349
  0.000532171330   0.000532171330   0.006018187663
 -0.000425344227   0.000000000000   0.003832456695
  0.000532171330  -0.000532171330   0.006018187663
 -0.000000000000  -0.000425344227   0.003832456695
 -0.000000000000   0.000000000000  -0.001734145770
 -0.000000000000   0.000425344227   0.003832456695
 -0.000532171330   0.000532171330   0.006018187663
  0.000425344227   0.000000000000   0.003832456695
 -0.000532171330  -0.000532171330   0.006018187663
 -0.000000000000   0.000000000000   0.003875156795
 -0.000000000000  -0.001889961993   0.000427844873
 -0.000000000000   0.001889961993   0.000427844873
 -0.001889961993   0.000000000000   0.000427844873
 -0.001499172790  -0.001499172790  -0.001924061031
 -0.001499172790   0.001499172790  -0.001924061031
  0.001889961993   0.000000000000   0.000427844873
  0.001499172790  -0.001499172790  -0.001924061031
  0.001499172790   0.001499172790  -0.001924061031
 -0.009131870229  -0.009131870229   0.006113744734
  0.003140525355   0.000000000000  -0.000152133745
 -0.009131870229   0.009131870229   0.006113744734
 -0.000000000000   0.003140525355  -0.000152133745
 -0.000000000000   0.000000000000   0.001744029756
 -0.000000000000  -0.003140525355  -0.000152133745
  0.009131870229  -0.009131870229   0.006113744734
 -0.003140525355   0.000000000000  -0.000152133745
  0.009131870229   0.009131870229   0.006113744734
  0.000556421116   0.000556421116   0.000677123453
  0.001085879385   0.000000000000  -0.000226898120
  0.000556421116  -0.000556421116   0.000677123453
 -0.000000000000   0.001085879385  -0.000226898120
 -0.000000000000   0.000000000000   0.002983795532
 -0.000000000000  -0.001085879385  -0.000226898120
 -0.000556421116   0.000556421116   0.000677123453
 -0.001085879385   0.000000000000  -0.000226898120
 -0.000556421116  -0.000556421116   0.000677123453
   10    1  0.0150  0.0000  0.0000
  0.003660280491  -0.002269956392   0.000529804242
  0.003660280491   0.002269956392   0.000529804242
  0.002335969135  -0.000000000000  -0.000448300623
  0.003657081688   0.002272533933  -0.000538395749
  0.003657081688  -0.002272533933  -0.000538395749
  0.002333324996  -0.000000000000   0.000440735774
  0.008344296689   0.000003467419  -0.000001135803
  0.008344296689  -0.000003467419  -0.000001135803
 -0.000051001449  -0.000000000000  -0.000002874180
 -0.069458926966  -0.000000000000  -0.000000000000
 -0.007197300828   0.000005096244  -0.000000000000
 -0.007197300828  -0.000005096244  -0.000000000000
  0.031869254597  -0.000000000000  -0.000000000000
 -0.000283060698   0.000262353959  -0.000000000000
 -0.000283060698  -0.000262353959  -0.000000000000
  0.031874653835  -0.000000000000  -0.000000000000
 -0.000283073844  -0.000259630067  -0.000000000000
 -0.000283073844   0.000259630067  -0.000000000000
  0.003660280491  -0.002269956392  -0.000529804242
  0.003660280491   0.002269956392  -0.000529804242
  0.002335969135  -0.000000000000   0.000448300623
  0.003657081688   0.002272533933   0.000538395749
  0.003657081688  -0.002272533933   0.000538395749
  0.002333324996   0.000000000000  -0.000440735774
  0.008344296689   0.000003467419   0.000001135803
  0.008344296689  -0.000003467419   0.000001135803
 -0.000051001449  -0.000000000000   0.000002874180
 -0.010818366993  -0.000000000000  -0.000002947063
 -0.000718515226   0.000000125879   0.000000402703
 -0.000718515226  -0.000000125879   0.000000402703
  0.001457356298  -0.000000000000  -0.000316645176
 -0.003994652796   0.001615389880  -0.000166434718
 -0.003994652796  -0.001615389880  -0.000166434718
  0.001453533004  -0.000000000000   0.000316990675
 -0.003993426023  -0.001610065537   0.000166137993
 -0.003993426023   0.001610065537   0.000166137993
 -0.010818366993  -0.000000000000   0.000002947063
 -0.000718515226   0.000000125879  -0.000000402703
 -0.000718515226  -0.000000125879  -0.000000402703
  0.001457356298  -0.000000000000   0.000316645176
 -0.003994652796   0.001615389880   0.000166434718
 -0.003994652796  -0.001615389880   0.000166434718
  0.001453533004  -0.000000000000  -0.000316990675
 -0.003993426023  -0.001610065537  -0.000166137993
 -0.003993426023   0.001610065537  -0.000166137993
   10    2  0.0000  0.0000  0.0150
 -0.000081423669  -0.000081423669   0.005823240163
 -0.000081423669   0.000081423669   0.005823240163
  0.000732302065  -0.000000000000   0.003750330371
  0.000081423669  -0.000081423669   0.005823240163
  0.000081423669   0.000081423669   0.005823240163
 -0.000732302065  -0.000000000000   0.003750330371
  0.000000000000   0.000732302065   0.003750330371
  0.000000000000  -0.000732302065   0.003750330371
  0.000000000000  -0.000000000000  -0.001841533359
  0.000000000000  -0.000000000000  -0.080553256655
  0.000000000000   0.000007243235   0.003675760320
  0.000000000000  -0.000007243235   0.003675760320
  0.000007243235  -0.000000000000   0.003675760320
 -0.000000531651  -0.000000531651  -0.004220635397
 -0.000000531651   0.000000531651  -0.004220635397
 -0.000007243235  -0.000000000000   0.003675760320
  0.000000531651  -0.000000531651  -0.004220635397
  0.000000531651   0.000000531651  -0.004220635397
  0.000089567870   0.000089567870   0.005822996598
  0.000089567870  -0.000089567870   0.005822996598
 -0.000732800788  -0.000000000000   0.003746765027
 -0.000089567870   0.000089567870   0.005822996598
 -0.000089567870  -0.000089567870   0.005822996598
  0.000732800788  -0.000000000000   0.003746765027
  0.000000000000  -0.000732800788   0.003746765027
  0.000000000000   0.000732800788   0.003746765027
  0.000000000000  -0.000000000000  -0.001850069747
  0.000000000000  -0.000000000000   0.007930392903
  0.000000000000   0.003445143789  -0.000162168223
  0.000000000000  -0.003445143789  -0.000162168223
  0.003445143789  -0.000000000000  -0.000162168223
  0.001118520114   0.001118520114  -0.000589150218
  0.001118520114  -0.001118520114  -0.000589150218
 -0.003445143789  -0.000000000000  -0.000162168223
 -0.001118520114   0.001118520114  -0.000589150218
 -0.001118520114  -0.001118520114  -0.000589150218
  0.000000000000  -0.000000000000   0.007927082895
  0.000000000000  -0.003445867031  -0.000162248458
  0.000000000000   0.003445867031  -0.000162248458
 -0.003445867031  -0.000000000000  -0.000162248458
 -0.001119025350  -0.001119025350  -0.000588044191
 -0.001119025350   0.001119025350  -0.000588044191
  0.003445867031  -0.000000000000  -0.000162248458
  0.001119025350  -0.001119025350  -0.000588044191
  0.001119025350   0.001119025350  -0.000588044191
   28    1  0.0150  0.0000  0.0000
 -0.010271595584  -0.008264091912  -0.009099230747
 -0.010271595584   0.008264091912  -0.009099230747
  0.002935781978   0.000000000000   0.003141996584
 -0.010234657316   0.008239138785   0.009136132679
 -0.010234657316  -0.008239138785   0.009136132679
  0.002997423723   0.000000000000  -0.003173679208
 -0.011378448611  -0.000033243060  -0.000015626554
 -0.011378448611   0.000033243060  -0.000015626554
  0.000224406136   0.000000000000  -0.000009823105
 -0.010723789114   0.000000000000  -0.000094843585
 -0.000656540552   0.000001907957  -0.000009707633
 -0.000656540552  -0.000001907957  -0.000009707633
  0.001399233585   0.000000000000  -0.003419223158
 -0.004022148247   0.001649396094  -0.001107316814
 -0.004022148247  -0.001649396094  -0.001107316814
  0.001397840279   0.000000000000   0.003408883225
 -0.004024202158  -0.001647511911   0.001158379688
 -0.004024202158   0.001647511911   0.001158379688
 -0.000553000299  -0.000008643472  -0.000548532176
 -0.000553000299   0.000008643472  -0.000548532176
 -0.001168393598   0.000000000000  -0.001135606805
 -0.000586994573   0.000036580857   0.000587108391
 -0.000586994573  -0.000036580857   0.000587108391
 -0.001232340054   0.000000000000   0.001105576890
 -0.001846309044   0.000031180775  -0.000015677754
 -0.001846309044  -0.000031180775  -0.000015677754
 -0.002353435112   0.000000000000  -0.000006345534
  0.019075412787   0.000000000000   0.000018012670
 -0.006642982427  -0.000029564073  -0.000001444085
 -0.006642982427   0.000029564073  -0.000001444085
  0.033756545241   0.000000000000  -0.003050061517
  0.002023959664  -0.000349585346   0.000009774045
  0.002023959664   0.000349585346   0.000009774045
  0.033844469763   0.000000000000   0.003054297477
  0.002032902797   0.000340498036  -0.000017243058
  0.002032902797  -0.000340498036  -0.000017243058
 -0.004143258487   0.000000000000   0.000023676855
  0.003232485777   0.000028397705   0.000001119606
  0.003232485777  -0.000028397705   0.000001119606
 -0.005108257893   0.000000000000   0.000632202327
  0.005037254261  -0.000258087205  -0.000376078863
  0.005037254261   0.000258087205  -0.000376078863
 -0.005182460869   0.000000000000  -0.000633887971
  0.005030687129   0.000269253636   0.000367755703
  0.005030687129  -0.000269253636   0.000367755703
   28    2  0.0000  0.0000  0.0150
  0.007743282549   0.007743282549   0.006254049979
  0.007743282549  -0.007743282549   0.006254049979
  0.001151711850   0.000000000000  -0.000095122309
 -0.007743282549   0.007743282549   0.006254049979
 -0.007743282549  -0.007743282549   0.006254049979
 -0.001151711850   0.000000000000  -0.000095122309
  0.000000000000   0.001151711850  -0.000095122309
  0.000000000000  -0.001151711850  -0.000095122309
  0.000000000000   0.000000000000   0.001753178399
  0.000000000000   0.000000000000   0.007805325126
  0.000000000000   0.000350021037  -0.000219305669
  0.000000000000  -0.000350021037  -0.000219305669
  0.000350021037   0.000000000000  -0.000219305669
  0.000191304048   0.000191304048  -0.000635316857
  0.000191304048  -0.000191304048  -0.000635316857
 -0.000350021037   0.000000000000  -0.000219305669
 -0.000191304048   0.000191304048  -0.000635316857
 -0.000191304048  -0.000191304048  -0.000635316857
 -0.000023685994  -0.000023685994   0.000717438640
 -0.000023685994   0.000023685994   0.000717438640
 -0.000370609588   0.000000000000  -0.000200478493
  0.000023685994  -0.000023685994   0.000717438640
  0.000023685994   0.000023685994   0.000717438640
  0.000370609588   0.000000000000  -0.000200478493
  0.000000000000  -0.000370609588  -0.000200478493
  0.000000000000   0.000370609588  -0.000200478493
  0.000000000000   0.000000000000   0.003064955244
  0.000000000000   0.000000000000  -0.035381880030
  0.000000000000   0.003053308845  -0.000823158774
  0.000000000000  -0.003053308845  -0.000823158774
  0.003053308845   0.000000000000  -0.000823158774
 -0.000018852713  -0.000018852713   0.000197496416
 -0.000018852713   0.000018852713   0.000197496416
 -0.003053308845   0.000000000000  -0.000823158774
  0.000018852713  -0.000018852713   0.000197496416
  0.000018852713   0.000018852713   0.000197496416
  0.000000000000   0.000000000000   0.000220793350
  0.000000000000   0.000647367276   0.000735016174
  0.000000000000  -0.000647367276   0.000735016174
  0.000647367276   0.000000000000   0.000735016174
 -0.000370897679  -0.000370897679  -0.000296212128
 -0.000370897679   0.000370897679  -0.000296212128
 -0.000647367276   0.000000000000   0.000735016174
  0.000370897679  -0.000370897679  -0.000296212128
  0.000370897679   0.000370897679  -0.000296212128
