 6  
 1  
 2
 1  0  0    0  1  0    0  0  1       0.000000   0.000000   0.000000        1.000000    0.000000      0.000000    0.000000      0.000000    0.000000      1.000000    0.000000
-1  0  0    0 -1  0    0  0 -1       0.000000   0.000000   0.200000        1.000000    0.000000      0.000000    0.000000      0.000000    0.000000      1.000000    0.000000
  4  
  0.000000     0.000000     0.000000
  0.500000     0.000000     0.000000
  0.000000     0.500000     0.000000
  0.500000     0.500000     0.000000
2 
 1  2 
        1         2   -13.6501   2.000070     0.000000     2.000070     0.000000 
        3         2   -12.1613   2.000059     0.000000    -2.000059     0.000000 
        5         2    -8.9462   2.000041    -0.000000     2.000041    -0.000000 
2 
 1  2 
        1         2    -8.3018   2.000046     0.000000    -2.000046     0.000000 
        3         2    -7.4018   2.000047     0.000000     2.000047     0.000000 
        5         2    -1.5526   2.000065    -0.000000     2.000065     0.000000 
2 
 1  2 
        1         2    -8.3042   2.000042    -0.000000     2.000042    -0.000000 
        3         2    -7.4032   2.000047    -0.000000    -2.000047    -0.000000 
        5         2    -1.5569   2.000058     0.000000    -2.000058    -0.000000 
2 
 1  2 
        1         2    -8.8996   2.000073    -0.000000    -2.000073     0.000000 
        3         2    -8.8431   2.000055     0.000000     2.000054    -0.000000 
        5         2    -7.2955   2.000051     0.000000    -2.000051     0.000000 
