96   
2    

1    
  0.0032352185287042  -0.0056035628653039   0.0076245291189762
  -0.0267659000    0.0466407400   -0.0752830000
   0.0028323400   -0.0086710200    0.0011375900
  -0.0007131100    0.0012392400    0.0008229200
   0.0059199400   -0.0065471800    0.0011542900
  -0.0029913300   -0.0052029500    0.0011612700
   0.0060101900   -0.0000011700    0.0011314900
   0.0006832400   -0.0000237700    0.0005295600
  -0.0003215500   -0.0005888900    0.0005407500
   0.0007411400    0.0003980300    0.0008247300
  -0.0003231800    0.0005553900    0.0005352200
  -0.0007144600   -0.0004437900    0.0008211200
  -0.0003190100    0.0005578300    0.0005352100
   0.0002407300   -0.0033304200    0.0011529600
  -0.0003214500   -0.0006015100    0.0005357500
   0.0006723400   -0.0000173900    0.0005346100
   0.0027767800   -0.0018741400    0.0011398600
  -0.0001125400    0.0001974300    0.0048208600
  -0.0002325300    0.0004187100   -0.0010109800
  -0.0000303100    0.0000434700   -0.0002944600
   0.0004049200   -0.0004319400   -0.0001182000
  -0.0004378400   -0.0004474800   -0.0002885500
  -0.0004477100    0.0000130300   -0.0008390100
   0.0001937100   -0.0002132900    0.0000761600
   0.0000866900   -0.0001725200   -0.0000973200
   0.0001722400   -0.0000689800   -0.0002977100
   0.0001874800   -0.0000944900   -0.0000124800
  -0.0000264200   -0.0001762500   -0.0002903800
   0.0000434000   -0.0001765000   -0.0000122000
   0.0001991300    0.0005296400   -0.0007363000
   0.0000884000   -0.0003384000    0.0000252100
   0.0000498200   -0.0001294200   -0.0000500200
   0.0004971600   -0.0000506200   -0.0003939600
  -0.0001151900    0.0002020100    0.0048243600
   0.0001704400   -0.0005678000   -0.0001187600
  -0.0000268500    0.0000494300   -0.0002922800
  -0.0002549500    0.0004073300   -0.0010185700
   0.0002188000    0.0003973500   -0.0008512900
   0.0006049100    0.0001628700   -0.0002878900
   0.0001033100   -0.0001620900   -0.0000961400
   0.0000875800   -0.0002737900    0.0000689800
   0.0001679900   -0.0000645600   -0.0002919900
  -0.0000121400   -0.0002094100   -0.0000116600
  -0.0000281500   -0.0001822900   -0.0002934500
   0.0001331500   -0.0001267100   -0.0000119800
  -0.0002072700   -0.0004591700   -0.0004000500
   0.0000882400   -0.0001074800   -0.0000495200
   0.0002488100   -0.0002441700    0.0000260200
  -0.0005559600    0.0001029900   -0.0007365000
   0.0001792500    0.0014348600    0.0050999600
  -0.0005038800    0.0002284100   -0.0007321100
   0.0007908700   -0.0011670600    0.0008535800
   0.0096537900   -0.0058011400    0.0142327900
  -0.0053372000   -0.0035161200    0.0097156600
  -0.0004094100    0.0003153800   -0.0001605800
  -0.0000220400   -0.0002254200    0.0000769400
  -0.0000679000   -0.0002032200    0.0003455200
  -0.0003494700   -0.0009444800    0.0005404800
  -0.0008810000    0.0000484100   -0.0004119900
   0.0000916000    0.0000741300   -0.0000179700
   0.0001140200   -0.0001727700    0.0001717000
   0.0005856400    0.0002537800   -0.0002520300
   0.0001957300   -0.0003415200    0.0001736500
   0.0013572800   -0.0001644300    0.0003812000
   0.0002332700    0.0002921000    0.0000867200
   0.0001558400   -0.0118108400    0.0149764100
   0.0006275400   -0.0013111700    0.0008725200
   0.0000565700    0.0005524400   -0.0007285800
  -0.0013096400    0.0005538200    0.0050557300
   0.0058614800    0.0030016800    0.0099634200
   0.0001256600    0.0000060800    0.0003069400
   0.0001970900   -0.0000953300    0.0000724600
  -0.0000676000    0.0005065700   -0.0001630000
   0.0003951900    0.0007884600   -0.0004114900
   0.0010010600   -0.0001639000    0.0005483500
   0.0000900500   -0.0001760000    0.0001650100
  -0.0001100600   -0.0000416200   -0.0000199000
  -0.0005475800   -0.0012794700    0.0003887200
   0.0001983400   -0.0003460000    0.0001722600
  -0.0005033900   -0.0003837100   -0.0002525500
  -0.0003417500   -0.0000406000    0.0000779200
  -0.0000700100    0.0000687800    0.0001213300
  -0.0000173600   -0.0000242800    0.0001249800
   0.0000307100    0.0000020600    0.0001263700
  -0.0000241000    0.0000934500    0.0001165100
  -0.0000695700    0.0001202200    0.0001189300
   0.0000253900    0.0000570800   -0.0000225500
   0.0000544600   -0.0000928200   -0.0000726400
  -0.0000611800    0.0000054300   -0.0000218800
   0.0000126100    0.0000110900    0.0001264000
  -0.0000186100   -0.0000068500    0.0001249500
   0.0000534400   -0.0000251000   -0.0000723800
  -0.0000068000   -0.0000586200   -0.0000729000
   0.0000136500   -0.0000413300    0.0001257100
  -0.0000178200    0.0000308300   -0.0001682600
   0.0000314700   -0.0000345200    0.0001256500
  -0.0000606500    0.0001073500   -0.0000222000

1    
 -0.0032352185287042   0.0056035628653039  -0.0076245291189762
   0.0270091200   -0.0465003000    0.0752829900
  -0.0027100500    0.0084004100   -0.0011542800
   0.0007166600   -0.0012371900   -0.0008229200
  -0.0060931500    0.0067883800   -0.0011375900
   0.0030040800    0.0052055600   -0.0011314900
  -0.0060015500    0.0000109100   -0.0011612600
  -0.0006707700    0.0000159700   -0.0005407500
   0.0003210300    0.0006035900   -0.0005295600
  -0.0007415600   -0.0003968400   -0.0008211100
   0.0003193900   -0.0005575800   -0.0005352200
   0.0007152700    0.0004428400   -0.0008247300
   0.0003235900   -0.0005551800   -0.0005352100
  -0.0002346700    0.0033418300   -0.0011398600
   0.0003211100    0.0005909600   -0.0005346100
  -0.0006816500    0.0000223700   -0.0005357600
  -0.0027638700    0.0018736800   -0.0011529600
   0.0001173500   -0.0002007600   -0.0048243600
   0.0002252800   -0.0004244600    0.0010185700
   0.0000293900   -0.0000479700    0.0002922800
  -0.0004065000    0.0004315100    0.0001187500
   0.0004435000    0.0004424300    0.0002878900
   0.0004535100   -0.0000091900    0.0008512800
  -0.0001933200    0.0002127500   -0.0000689800
  -0.0000887200    0.0001705200    0.0000961500
  -0.0001719500    0.0000667700    0.0002934500
  -0.0001874300    0.0000942000    0.0000116700
   0.0000280900    0.0001777700    0.0002919900
  -0.0000431600    0.0001786600    0.0000119800
  -0.0001887900   -0.0005329700    0.0007365000
  -0.0000870500    0.0003375600   -0.0000260100
  -0.0000489700    0.0001301500    0.0000495200
  -0.0005012800    0.0000500900    0.0004000500
   0.0001147000   -0.0001961800   -0.0048208600
  -0.0001716200    0.0005666400    0.0001182000
   0.0000224900   -0.0000479900    0.0002944600
   0.0002463500   -0.0004107300    0.0010109800
  -0.0002125800   -0.0003942400    0.0008390000
  -0.0006064500   -0.0001554400    0.0002885400
  -0.0001060600    0.0001613400    0.0000973200
  -0.0000878700    0.0002744000   -0.0000761600
  -0.0001658500    0.0000652400    0.0002903800
   0.0000119100    0.0002096100    0.0000124900
   0.0000263800    0.0001836600    0.0002977100
  -0.0001311500    0.0001258400    0.0000122000
   0.0002047400    0.0004558700    0.0003939600
  -0.0000871700    0.0001078600    0.0000500100
  -0.0002488600    0.0002457600   -0.0000252100
   0.0005582400   -0.0000923700    0.0007362900
  -0.0001752000   -0.0014111000   -0.0050557300
   0.0005067100   -0.0002272300    0.0007285800
  -0.0008217400    0.0011990500   -0.0008725200
  -0.0101505700    0.0060403700   -0.0149764100
   0.0055302700    0.0035753500   -0.0099634100
   0.0004049000   -0.0003118400    0.0001630000
   0.0000159800    0.0002183500   -0.0000724600
   0.0000681000    0.0001057800   -0.0003069500
   0.0003585900    0.0009489000   -0.0005483600
   0.0008804300   -0.0000519900    0.0004114900
  -0.0000910700   -0.0000745000    0.0000199000
  -0.0001073900    0.0001659800   -0.0001650100
  -0.0005839900   -0.0002440900    0.0002525500
  -0.0002004700    0.0003447700   -0.0001722500
  -0.0013818400    0.0001655100   -0.0003887200
  -0.0002060300   -0.0002756600   -0.0000779300
  -0.0001970400    0.0112610000   -0.0142327900
  -0.0006152700    0.0012684500   -0.0008535800
  -0.0000541400   -0.0005505800    0.0007321100
   0.0013322500   -0.0005621900   -0.0050999600
  -0.0057136400   -0.0028640900   -0.0097156500
  -0.0002099400    0.0000428000   -0.0003455200
  -0.0002062300    0.0000936300   -0.0000769300
   0.0000684200   -0.0005122600    0.0001605800
  -0.0003985700   -0.0007871800    0.0004120000
  -0.0009926900    0.0001695900   -0.0005404800
  -0.0000926100    0.0001851200   -0.0001717000
   0.0001100000    0.0000422600    0.0000179700
   0.0005362400    0.0012576500   -0.0003811900
  -0.0001979000    0.0003402600   -0.0001736500
   0.0005126000    0.0003802900    0.0002520300
   0.0003696000    0.0000559600   -0.0000867200
   0.0000688800   -0.0000676000   -0.0001165100
   0.0000171400    0.0000255700   -0.0001263700
  -0.0000297000   -0.0000028900   -0.0001249800
   0.0000245600   -0.0000950300   -0.0001213200
   0.0000693200   -0.0001203600   -0.0001189200
  -0.0000258900   -0.0000557000    0.0000218800
  -0.0000531600    0.0000935700    0.0000726400
   0.0000621200   -0.0000065500    0.0000225500
  -0.0000152300   -0.0000126900   -0.0001249500
   0.0000159100    0.0000053700   -0.0001264000
  -0.0000541700    0.0000234200    0.0000729000
   0.0000049800    0.0000588300    0.0000723800
  -0.0000141600    0.0000445100   -0.0001256500
   0.0000178000   -0.0000308500    0.0001682600
  -0.0000289600    0.0000324900   -0.0001257100
   0.0000626400   -0.0001062100    0.0000222000
