    2   27    9
  9.013  1.000
    1    1  0.0150  0.0000  0.0000
 -0.112473765119   0.061631018499  -0.000118088847
  0.011590925448  -0.017721965564  -0.004063575262
  0.011585729084  -0.011675217967  -0.000169100918
  0.014710150289  -0.003450564477  -0.007327389114
  0.002621942859   0.008484911556  -0.002706375970
 -0.001134653328  -0.001742954423  -0.000877515958
  0.014713462317  -0.000315823987   0.004992813117
 -0.001142478653  -0.001740979384  -0.000768587191
  0.002618764955   0.005347970575   0.005457019825
  0.007687530484  -0.003264282626  -0.000795965119
  0.001430675031   0.000110473532  -0.000016257164
  0.000141203631  -0.000709672529  -0.000131444128
  0.004212650220   0.001385692026   0.000215065544
  0.003003873463   0.002610493304  -0.002559229240
  0.002918302945   0.000450930949   0.000550529791
  0.006349559552   0.004799330350   0.007370420756
 -0.001816274857   0.001110636148  -0.001677216358
  0.000276911370  -0.000438713928  -0.001991486009
  0.011655494979  -0.023463111659   0.022082415638
  0.011678647770  -0.020695135515  -0.015510833761
  0.001678535514  -0.000029771089   0.000260199158
  0.002805073124   0.001180200246  -0.001306811107
 -0.001612233300  -0.001873957489   0.001754615808
  0.002115108182   0.001178389770  -0.000978145838
 -0.001387581048  -0.001967633406  -0.004155161508
  0.003993171867   0.001030828186   0.001335674852
  0.001779273222  -0.000231091100   0.001134429003
    1    2  0.0000  0.0150  0.0000
  0.061639768543  -0.201975240995  -0.000107834624
 -0.011585107812   0.032926817185   0.002863742996
 -0.017705678174   0.032947037512  -0.005021526564
 -0.000286506887  -0.001087582926   0.001963930399
  0.005300382770   0.011035260019  -0.007094717018
 -0.001777569988   0.001444239930  -0.000464307579
 -0.003480890256  -0.001075539101   0.003136047010
 -0.001777287471   0.001438212351  -0.000368767955
  0.008498469068   0.011026263282   0.002203798976
 -0.004420041754   0.003669087705   0.000539936528
  0.001276092610   0.009900601057  -0.000876269938
 -0.000778123093   0.001267117847  -0.000068115394
 -0.000524257175   0.001538405429   0.000578061959
  0.002655529136  -0.000827622967  -0.001319422234
  0.002404581200   0.003003491572  -0.000151600592
  0.004817591834  -0.000716841341   0.003708546087
  0.001031578447  -0.000178443311  -0.001300008798
 -0.000407990231  -0.002275918729  -0.000621296156
 -0.020724804219   0.043842112769  -0.035255009470
 -0.023560669910   0.043841848229   0.038651530693
  0.000022793441   0.001622076754   0.000133544493
  0.000713386289   0.000390591995  -0.000283301876
 -0.001886169086   0.001176180553   0.000861017941
  0.001676828156   0.001018638886  -0.000913547890
 -0.001984035852   0.001539531895  -0.002081310958
 -0.001772977431   0.001172833467   0.000454104180
  0.002635107845   0.003336840933   0.000832775784
    1    3  0.0000  0.0000  0.0150
 -0.000118391237  -0.000139009285  -0.147715717443
 -0.000103334155  -0.005023304377  -0.002736800777
 -0.004156386018   0.002901440270  -0.002744162428
  0.004997282288   0.003135022641  -0.004748040238
  0.005459340924   0.002204838635  -0.004735134148
 -0.000753567331  -0.000395670017   0.000119609386
 -0.007341310339   0.001981862689  -0.004743048838
 -0.000883144132  -0.000467723520   0.000129739245
 -0.002707204151  -0.007080979176  -0.004744771350
 -0.011574501468   0.002986663387   0.012020689447
 -0.004375855443  -0.011105427750   0.012007967760
 -0.000247122320  -0.000122084659   0.001454451883
  0.001573415578  -0.000937155613   0.003154550560
  0.000006524343  -0.000000021014   0.003042392228
  0.000170634401   0.001836582253   0.003137020168
  0.018816712772   0.009550834851   0.022543888263
 -0.001128222949   0.002063704304  -0.001316718552
  0.000999076035  -0.002092036578  -0.001320166579
  0.019863878325  -0.037771878298   0.054860498236
 -0.018871703028   0.038296746889   0.054847654334
 -0.000607482937  -0.000341167589   0.000547957784
 -0.000304835028   0.000057547150   0.001026582153
 -0.002599886459  -0.001319151922   0.001641037305
 -0.000124168353  -0.000274514259   0.001002103106
  0.005081279587   0.002588722122   0.001344366380
 -0.000572379007  -0.000221022056   0.000955033432
 -0.000498649897  -0.000312819079   0.000969018681
   10    1  0.0150  0.0000  0.0000
  0.007625411173  -0.004412018087  -0.011592586074
  0.000165383562  -0.000782954954  -0.000236293821
  0.001391381343   0.001295300701  -0.004372101679
  0.006274017284   0.004831758648   0.018819292797
  0.000268733790  -0.000418595713   0.001023473120
 -0.001802487216   0.001029736280  -0.001093348144
  0.004387762957  -0.000535631007   0.001604343131
  0.002912214226   0.002413114545   0.000197509609
  0.003041275891   0.002677046080   0.000033740421
 -0.097646036298   0.030936483046  -0.001889687309
  0.012546792582  -0.016878966816  -0.001651849383
  0.012552757797  -0.022572848204  -0.000990735767
  0.009370806158   0.001313797960  -0.002065475014
  0.005609436430  -0.000535705570  -0.001341446115
  0.006964856109  -0.000292340108  -0.001688780275
  0.009379076718  -0.003280002541   0.002746871383
  0.006963988806  -0.000283719150   0.000011508348
  0.005598153768   0.004045980192   0.003381697971
  0.000044623705   0.000201926057  -0.002408166110
  0.000415471401   0.000788804633   0.001273266595
  0.001283582891   0.000494490616  -0.000191153391
  0.001484777528   0.001533462449   0.000477559804
  0.001387282507   0.000126959980  -0.000382366343
  0.000296912754  -0.000631186163   0.000191164279
  0.000162889777  -0.000074832573   0.000251281925
 -0.000850052526  -0.000846513521  -0.000570365371
  0.000170986885  -0.000143546779   0.000462645413
   10    2  0.0000  0.0150  0.0000
 -0.003251973723   0.003657426511   0.002977552269
 -0.000767303456   0.001271963848  -0.000123762884
  0.000108080776   0.009903962990  -0.011101781443
  0.004817287520  -0.000724531572   0.009572687325
 -0.000475530877  -0.002260623372  -0.002107614047
  0.001110842071  -0.000191647952   0.002047867619
  0.001370837698   0.001542998726  -0.000940931601
  0.000523081347   0.003003057331   0.001828440002
  0.002666747184  -0.000824493440   0.000012364013
  0.030927993466  -0.142621130048  -0.000968752603
 -0.022587876643   0.041239054833   0.000001352875
 -0.016889899203   0.041241898007  -0.001346983017
 -0.003272232978   0.005038087751  -0.000169278527
  0.004069080805   0.008804413302  -0.001572336484
 -0.000301879471   0.007394943300  -0.000856965671
  0.001329644935   0.005034817564   0.002217672444
 -0.000302314037   0.007392710086   0.000006699988
 -0.000535251016   0.008809579167   0.000908273289
  0.000204285180  -0.000250648027  -0.001222153572
  0.001127753583   0.000358219316  -0.001163260912
  0.000157177172  -0.000519526262   0.001732350155
  0.000053810859   0.000178531082  -0.000808555702
  0.001609766298   0.000282978350   0.000872662895
 -0.000632629282   0.001216248941   0.000104093449
 -0.000139344027   0.000307385305   0.000397991104
 -0.000846285957   0.000383009768  -0.000288222811
 -0.000073868223   0.000331314494  -0.000009408152
   10    3  0.0000  0.0000  0.0150
 -0.000751576102   0.000554247058   0.012053851850
 -0.000117301226  -0.000096211179   0.001444662977
 -0.000003670125  -0.000892736849   0.012030612807
  0.007342296920   0.003740611279   0.022577004987
 -0.002013582300  -0.000614538661  -0.001330196494
 -0.001671470215  -0.001261655786  -0.001306738814
  0.000207569024   0.000554280227   0.003126389980
  0.000556625189  -0.000175293121   0.003135370173
 -0.002582637059  -0.001300653055   0.003051979821
 -0.001899941586  -0.001053975938  -0.071007133427
 -0.000970923312  -0.001355628707   0.001806889917
 -0.001703672135   0.000060741496   0.001781342572
  0.002681579560   0.002245341544   0.001495575683
  0.003376862070   0.000890335507   0.001505811442
  0.000022699990  -0.000036264095   0.000705270172
 -0.002019016615  -0.000153079891   0.001493661698
 -0.001695323971  -0.000912592324   0.000699344761
 -0.001316105520  -0.001498089767   0.001479878038
 -0.004239032363  -0.002154066544   0.007696391184
  0.000805509674   0.000563449294  -0.001731225412
  0.000936623582   0.000320928308  -0.001708382838
  0.001337015187   0.000903860771  -0.000496047740
  0.001510723280   0.000559612201  -0.000506250893
  0.001384769403   0.000690105117   0.001193023033
  0.000010838912   0.000298897850   0.000193334511
  0.000562755438   0.000290230253   0.000413985764
  0.000248384301  -0.000167854990   0.000201594247
   19    1  0.0150  0.0000  0.0000
  0.011515054477  -0.020715277259   0.020073637338
  0.001663248699   0.000096538355  -0.000541433673
  0.011629026888  -0.023741438267  -0.018783584762
 -0.001167842976  -0.001881535773   0.005159725516
  0.001841977325   0.002562281015  -0.000447368057
  0.003899675590  -0.001714021525  -0.000517473347
  0.002700330946   0.000669447289  -0.000286466388
  0.002074387405   0.001667557203  -0.000125079318
 -0.001523091692  -0.001863789350  -0.002556411844
  0.000066333625   0.000178226906  -0.004583784481
  0.001294962259   0.000111020221   0.000852580161
  0.000384184947   0.001189695847   0.000753572053
  0.000044678598  -0.000117373341   0.000029156254
  0.000149160648  -0.000173615077   0.000259747189
 -0.000862376555  -0.000845394206   0.000461256191
  0.001570085544   0.000003588491   0.001314766965
  0.000293114284  -0.000596206275   0.001264706623
  0.001417655496   0.001679787429   0.001495976698
 -0.048207148453   0.040482271010  -0.005563412574
 -0.000259764045  -0.000576624109   0.001321445280
 -0.000273721458   0.000962349639  -0.000692110236
  0.005316028660  -0.000933438330  -0.001257346667
  0.000816250514   0.002417523733  -0.000346409531
 -0.000258842589  -0.000169857786   0.000445261284
  0.005317272359  -0.000891418731   0.001936020830
 -0.000270074889  -0.000177544112  -0.000375933726
  0.000829434390   0.002377247000   0.000708962225
   19    2  0.0000  0.0150  0.0000
 -0.023621166655   0.043909373548  -0.037832830590
  0.000121254348   0.001485143697  -0.000322300538
 -0.020854497483   0.043949574802   0.038413854383
 -0.001935099994   0.001597181696   0.002511598894
 -0.000241362185   0.003267917496  -0.000352654164
  0.001094206139   0.001160028724  -0.000252376790
  0.001229810476   0.000398967738   0.000092352658
  0.001146282490   0.000926165028  -0.000262190890
 -0.001870701689   0.001233623510  -0.001271067696
  0.000209851998  -0.000214776763  -0.002152208760
  0.000501218256  -0.000495343268   0.000360249941
  0.000809499277   0.000307884570   0.000560323265
 -0.000071804371   0.000301098169   0.000323595275
 -0.000157811501   0.000329204068  -0.000134152338
 -0.000865757788   0.000359536561   0.000283563906
  0.001520953099   0.000197386473   0.000889444973
 -0.000600082148   0.001215735113   0.000686905595
  0.000110720768   0.000249453437   0.000484299725
  0.040317204002  -0.106923528330  -0.002920246843
  0.000959681840  -0.000641141827  -0.001858600922
 -0.000524710208  -0.000649715777   0.002176019123
 -0.000817413415  -0.000254903575   0.000462624828
  0.002362154357   0.004284207057  -0.001332392039
 -0.000176838144  -0.000008015938   0.000236042089
 -0.000857671461  -0.000250348690  -0.000511066850
 -0.000177660385  -0.000006364326  -0.000183254159
  0.002389740376   0.004271656806   0.001904467923
   19    3  0.0000  0.0000  0.0150
  0.022157714960  -0.035345767622   0.054913527553
  0.000306292902   0.000087552070   0.000622114837
 -0.015598305159   0.038787928248   0.054987904053
 -0.004079771052  -0.002057964884   0.001388255798
  0.001176618092   0.000812152896   0.001011663100
  0.001362246451   0.000458961568   0.000998354358
 -0.001321605518  -0.000303886110   0.001070155428
 -0.001032435111  -0.000915599123   0.001057566583
  0.001676028863   0.000871503327   0.001684301776
 -0.002358254506  -0.001227964580   0.007662979736
 -0.000170936366   0.001684889530  -0.001702931331
  0.001257876546  -0.001106938130  -0.001726666049
  0.000219398510   0.000373963309   0.000224085418
  0.000477751912  -0.000030627817   0.000232434509
 -0.000511392495  -0.000249600936   0.000448291949
  0.000516824292  -0.000845057194  -0.000497231268
  0.000204262393   0.000137285141   0.001207419417
 -0.000362494386   0.000891906238  -0.000525338003
 -0.005619045258  -0.002965432550  -0.113605387578
 -0.000741621830   0.002204615344  -0.001003650111
  0.001323943642  -0.001840900401  -0.000969796378
  0.001917067660  -0.000530267792  -0.001580080132
  0.000708035909   0.001877529291  -0.001593299684
 -0.000356777571  -0.000187243449  -0.000572921961
 -0.001268230469   0.000479078271  -0.001583075125
  0.000463530248   0.000229531466  -0.000575034740
 -0.000346722661  -0.001289646111  -0.001573642154
