Automatically generated mesh
     400
Reciprocal lattice
    0.00000000000000    0.00000000000000    0.00000000000000             1
    0.02564102564103    0.00000000000000    0.00000000000000             4
    0.05128205128205    0.00000000000000    0.00000000000000             4
    0.07692307692308    0.00000000000000    0.00000000000000             4
    0.10256410256410    0.00000000000000    0.00000000000000             4
    0.12820512820513    0.00000000000000    0.00000000000000             4
    0.15384615384615    0.00000000000000    0.00000000000000             4
    0.17948717948718    0.00000000000000    0.00000000000000             4
    0.20512820512821    0.00000000000000    0.00000000000000             4
    0.23076923076923    0.00000000000000    0.00000000000000             4
    0.25641025641026    0.00000000000000    0.00000000000000             4
    0.28205128205129    0.00000000000000    0.00000000000000             4
    0.30769230769231    0.00000000000000    0.00000000000000             4
    0.33333333333334    0.00000000000000    0.00000000000000             4
    0.35897435897436    0.00000000000000    0.00000000000000             4
    0.38461538461539    0.00000000000000    0.00000000000000             4
    0.41025641025641    0.00000000000000    0.00000000000000             4
    0.43589743589744    0.00000000000000    0.00000000000000             4
    0.46153846153846    0.00000000000000    0.00000000000000             4
    0.48717948717949    0.00000000000000    0.00000000000000             4
    0.02564102564103    0.02564102564103    0.00000000000000             2
    0.05128205128205    0.02564102564103    0.00000000000000             4
    0.07692307692308    0.02564102564103    0.00000000000000             4
    0.10256410256410    0.02564102564103    0.00000000000000             4
    0.12820512820513    0.02564102564103    0.00000000000000             4
    0.15384615384615    0.02564102564103    0.00000000000000             4
    0.17948717948718    0.02564102564103    0.00000000000000             4
    0.20512820512821    0.02564102564103    0.00000000000000             4
    0.23076923076923    0.02564102564103    0.00000000000000             4
    0.25641025641026    0.02564102564103    0.00000000000000             4
    0.28205128205129    0.02564102564103    0.00000000000000             4
    0.30769230769231    0.02564102564103    0.00000000000000             4
    0.33333333333334    0.02564102564103    0.00000000000000             4
    0.35897435897436    0.02564102564103    0.00000000000000             4
    0.38461538461539    0.02564102564103    0.00000000000000             4
    0.41025641025641    0.02564102564103    0.00000000000000             4
    0.43589743589744    0.02564102564103    0.00000000000000             4
    0.46153846153846    0.02564102564103    0.00000000000000             4
    0.48717948717949    0.02564102564103    0.00000000000000             4
   -0.48717948717949    0.02564102564103    0.00000000000000             4
   -0.46153846153846    0.02564102564103    0.00000000000000             4
   -0.43589743589744    0.02564102564103    0.00000000000000             4
   -0.41025641025641    0.02564102564103    0.00000000000000             4
   -0.38461538461539    0.02564102564103    0.00000000000000             4
   -0.35897435897436    0.02564102564103    0.00000000000000             4
   -0.33333333333333    0.02564102564103    0.00000000000000             4
   -0.30769230769231    0.02564102564103    0.00000000000000             4
   -0.28205128205128    0.02564102564103    0.00000000000000             4
   -0.25641025641025    0.02564102564103    0.00000000000000             4
   -0.23076923076923    0.02564102564103    0.00000000000000             4
   -0.20512820512820    0.02564102564103    0.00000000000000             4
   -0.17948717948718    0.02564102564103    0.00000000000000             4
   -0.15384615384615    0.02564102564103    0.00000000000000             4
   -0.12820512820513    0.02564102564103    0.00000000000000             4
   -0.10256410256410    0.02564102564103    0.00000000000000             4
   -0.07692307692308    0.02564102564102    0.00000000000000             4
   -0.05128205128205    0.02564102564103    0.00000000000000             4
   -0.02564102564102    0.02564102564103    0.00000000000000             2
    0.05128205128205    0.05128205128205    0.00000000000000             2
    0.07692307692308    0.05128205128205    0.00000000000000             4
    0.10256410256410    0.05128205128205    0.00000000000000             4
    0.12820512820513    0.05128205128205    0.00000000000000             4
    0.15384615384615    0.05128205128205    0.00000000000000             4
    0.17948717948718    0.05128205128205    0.00000000000000             4
    0.20512820512821    0.05128205128205    0.00000000000000             4
    0.23076923076923    0.05128205128205    0.00000000000000             4
    0.25641025641026    0.05128205128205    0.00000000000000             4
    0.28205128205129    0.05128205128205    0.00000000000000             4
    0.30769230769231    0.05128205128205    0.00000000000000             4
    0.33333333333334    0.05128205128205    0.00000000000000             4
    0.35897435897436    0.05128205128205    0.00000000000000             4
    0.38461538461539    0.05128205128205    0.00000000000000             4
    0.41025641025641    0.05128205128205    0.00000000000000             4
    0.43589743589744    0.05128205128205    0.00000000000000             4
    0.46153846153846    0.05128205128205    0.00000000000000             4
    0.48717948717949    0.05128205128205    0.00000000000000             4
   -0.48717948717949    0.05128205128205    0.00000000000000             4
   -0.46153846153846    0.05128205128205    0.00000000000000             4
   -0.43589743589744    0.05128205128205    0.00000000000000             4
   -0.41025641025641    0.05128205128205    0.00000000000000             4
   -0.38461538461539    0.05128205128205    0.00000000000000             4
   -0.35897435897436    0.05128205128205    0.00000000000000             4
   -0.33333333333333    0.05128205128205    0.00000000000000             4
   -0.30769230769231    0.05128205128205    0.00000000000000             4
   -0.28205128205128    0.05128205128205    0.00000000000000             4
   -0.25641025641025    0.05128205128205    0.00000000000000             4
   -0.23076923076923    0.05128205128205    0.00000000000000             4
   -0.20512820512820    0.05128205128205    0.00000000000000             4
   -0.17948717948718    0.05128205128205    0.00000000000000             4
   -0.15384615384615    0.05128205128205    0.00000000000000             4
   -0.12820512820513    0.05128205128205    0.00000000000000             4
   -0.10256410256410    0.05128205128205    0.00000000000000             4
   -0.07692307692308    0.05128205128205    0.00000000000000             4
   -0.05128205128205    0.05128205128205    0.00000000000000             2
    0.07692307692308    0.07692307692308    0.00000000000000             2
    0.10256410256410    0.07692307692308    0.00000000000000             4
    0.12820512820513    0.07692307692308    0.00000000000000             4
    0.15384615384615    0.07692307692308    0.00000000000000             4
    0.17948717948718    0.07692307692308    0.00000000000000             4
    0.20512820512821    0.07692307692308    0.00000000000000             4
    0.23076923076923    0.07692307692308    0.00000000000000             4
    0.25641025641026    0.07692307692308    0.00000000000000             4
    0.28205128205129    0.07692307692308    0.00000000000000             4
    0.30769230769231    0.07692307692308    0.00000000000000             4
    0.33333333333334    0.07692307692308    0.00000000000000             4
    0.35897435897436    0.07692307692308    0.00000000000000             4
    0.38461538461539    0.07692307692308    0.00000000000000             4
    0.41025641025641    0.07692307692308    0.00000000000000             4
    0.43589743589744    0.07692307692308    0.00000000000000             4
    0.46153846153846    0.07692307692308    0.00000000000000             4
    0.48717948717949    0.07692307692308    0.00000000000000             4
   -0.48717948717949    0.07692307692308    0.00000000000000             4
   -0.46153846153846    0.07692307692308    0.00000000000000             4
   -0.43589743589744    0.07692307692308    0.00000000000000             4
   -0.41025641025641    0.07692307692308    0.00000000000000             4
   -0.38461538461539    0.07692307692308    0.00000000000000             4
   -0.35897435897436    0.07692307692308    0.00000000000000             4
   -0.33333333333333    0.07692307692308    0.00000000000000             4
   -0.30769230769231    0.07692307692308    0.00000000000000             4
   -0.28205128205128    0.07692307692308    0.00000000000000             4
   -0.25641025641025    0.07692307692308    0.00000000000000             4
   -0.23076923076923    0.07692307692308    0.00000000000000             4
   -0.20512820512820    0.07692307692308    0.00000000000000             4
   -0.17948717948718    0.07692307692308    0.00000000000000             4
   -0.15384615384615    0.07692307692308    0.00000000000000             4
   -0.12820512820513    0.07692307692308    0.00000000000000             4
   -0.10256410256410    0.07692307692308    0.00000000000000             4
   -0.07692307692308    0.07692307692308    0.00000000000000             2
    0.10256410256410    0.10256410256410    0.00000000000000             2
    0.12820512820513    0.10256410256410    0.00000000000000             4
    0.15384615384615    0.10256410256410    0.00000000000000             4
    0.17948717948718    0.10256410256410    0.00000000000000             4
    0.20512820512821    0.10256410256410    0.00000000000000             4
    0.23076923076923    0.10256410256410    0.00000000000000             4
    0.25641025641026    0.10256410256410    0.00000000000000             4
    0.28205128205129    0.10256410256410    0.00000000000000             4
    0.30769230769231    0.10256410256410    0.00000000000000             4
    0.33333333333334    0.10256410256410    0.00000000000000             4
    0.35897435897436    0.10256410256410    0.00000000000000             4
    0.38461538461539    0.10256410256410    0.00000000000000             4
    0.41025641025641    0.10256410256410    0.00000000000000             4
    0.43589743589744    0.10256410256410    0.00000000000000             4
    0.46153846153846    0.10256410256410    0.00000000000000             4
    0.48717948717949    0.10256410256410    0.00000000000000             4
   -0.48717948717949    0.10256410256410    0.00000000000000             4
   -0.46153846153846    0.10256410256410    0.00000000000000             4
   -0.43589743589744    0.10256410256410    0.00000000000000             4
   -0.41025641025641    0.10256410256410    0.00000000000000             4
   -0.38461538461539    0.10256410256410    0.00000000000000             4
   -0.35897435897436    0.10256410256410    0.00000000000000             4
   -0.33333333333333    0.10256410256410    0.00000000000000             4
   -0.30769230769231    0.10256410256410    0.00000000000000             4
   -0.28205128205128    0.10256410256410    0.00000000000000             4
   -0.25641025641025    0.10256410256410    0.00000000000000             4
   -0.23076923076923    0.10256410256410    0.00000000000000             4
   -0.20512820512820    0.10256410256410    0.00000000000000             4
   -0.17948717948718    0.10256410256410    0.00000000000000             4
   -0.15384615384615    0.10256410256410    0.00000000000000             4
   -0.12820512820513    0.10256410256410    0.00000000000000             4
   -0.10256410256410    0.10256410256410    0.00000000000000             2
    0.12820512820513    0.12820512820513    0.00000000000000             2
    0.15384615384615    0.12820512820513    0.00000000000000             4
    0.17948717948718    0.12820512820513    0.00000000000000             4
    0.20512820512821    0.12820512820513    0.00000000000000             4
    0.23076923076923    0.12820512820513    0.00000000000000             4
    0.25641025641026    0.12820512820513    0.00000000000000             4
    0.28205128205129    0.12820512820513    0.00000000000000             4
    0.30769230769231    0.12820512820513    0.00000000000000             4
    0.33333333333334    0.12820512820513    0.00000000000000             4
    0.35897435897436    0.12820512820513    0.00000000000000             4
    0.38461538461539    0.12820512820513    0.00000000000000             4
    0.41025641025641    0.12820512820513    0.00000000000000             4
    0.43589743589744    0.12820512820513    0.00000000000000             4
    0.46153846153846    0.12820512820513    0.00000000000000             4
    0.48717948717949    0.12820512820513    0.00000000000000             4
   -0.48717948717949    0.12820512820513    0.00000000000000             4
   -0.46153846153846    0.12820512820513    0.00000000000000             4
   -0.43589743589744    0.12820512820513    0.00000000000000             4
   -0.41025641025641    0.12820512820513    0.00000000000000             4
   -0.38461538461539    0.12820512820513    0.00000000000000             4
   -0.35897435897436    0.12820512820513    0.00000000000000             4
   -0.33333333333333    0.12820512820513    0.00000000000000             4
   -0.30769230769231    0.12820512820513    0.00000000000000             4
   -0.28205128205128    0.12820512820513    0.00000000000000             4
   -0.25641025641025    0.12820512820513    0.00000000000000             4
   -0.23076923076923    0.12820512820513    0.00000000000000             4
   -0.20512820512820    0.12820512820513    0.00000000000000             4
   -0.17948717948718    0.12820512820513    0.00000000000000             4
   -0.15384615384615    0.12820512820513    0.00000000000000             4
   -0.12820512820513    0.12820512820513    0.00000000000000             2
    0.15384615384615    0.15384615384615    0.00000000000000             2
    0.17948717948718    0.15384615384615    0.00000000000000             4
    0.20512820512821    0.15384615384615    0.00000000000000             4
    0.23076923076923    0.15384615384615    0.00000000000000             4
    0.25641025641026    0.15384615384615    0.00000000000000             4
    0.28205128205129    0.15384615384615    0.00000000000000             4
    0.30769230769231    0.15384615384615    0.00000000000000             4
    0.33333333333334    0.15384615384615    0.00000000000000             4
    0.35897435897436    0.15384615384615    0.00000000000000             4
    0.38461538461539    0.15384615384615    0.00000000000000             4
    0.41025641025641    0.15384615384615    0.00000000000000             4
    0.43589743589744    0.15384615384615    0.00000000000000             4
    0.46153846153846    0.15384615384615    0.00000000000000             4
    0.48717948717949    0.15384615384615    0.00000000000000             4
   -0.48717948717949    0.15384615384615    0.00000000000000             4
   -0.46153846153846    0.15384615384615    0.00000000000000             4
   -0.43589743589744    0.15384615384615    0.00000000000000             4
   -0.41025641025641    0.15384615384615    0.00000000000000             4
   -0.38461538461539    0.15384615384615    0.00000000000000             4
   -0.35897435897436    0.15384615384615    0.00000000000000             4
   -0.33333333333333    0.15384615384615    0.00000000000000             4
   -0.30769230769231    0.15384615384615    0.00000000000000             4
   -0.28205128205128    0.15384615384615    0.00000000000000             4
   -0.25641025641025    0.15384615384615    0.00000000000000             4
   -0.23076923076923    0.15384615384615    0.00000000000000             4
   -0.20512820512820    0.15384615384615    0.00000000000000             4
   -0.17948717948718    0.15384615384615    0.00000000000000             4
   -0.15384615384615    0.15384615384615    0.00000000000000             2
    0.17948717948718    0.17948717948718    0.00000000000000             2
    0.20512820512821    0.17948717948718    0.00000000000000             4
    0.23076923076923    0.17948717948718    0.00000000000000             4
    0.25641025641026    0.17948717948718    0.00000000000000             4
    0.28205128205129    0.17948717948718    0.00000000000000             4
    0.30769230769231    0.17948717948718    0.00000000000000             4
    0.33333333333334    0.17948717948718    0.00000000000000             4
    0.35897435897436    0.17948717948718    0.00000000000000             4
    0.38461538461539    0.17948717948718    0.00000000000000             4
    0.41025641025641    0.17948717948718    0.00000000000000             4
    0.43589743589744    0.17948717948718    0.00000000000000             4
    0.46153846153846    0.17948717948718    0.00000000000000             4
    0.48717948717949    0.17948717948718    0.00000000000000             4
   -0.48717948717949    0.17948717948718    0.00000000000000             4
   -0.46153846153846    0.17948717948718    0.00000000000000             4
   -0.43589743589744    0.17948717948718    0.00000000000000             4
   -0.41025641025641    0.17948717948718    0.00000000000000             4
   -0.38461538461539    0.17948717948718    0.00000000000000             4
   -0.35897435897436    0.17948717948718    0.00000000000000             4
   -0.33333333333333    0.17948717948718    0.00000000000000             4
   -0.30769230769231    0.17948717948718    0.00000000000000             4
   -0.28205128205128    0.17948717948718    0.00000000000000             4
   -0.25641025641025    0.17948717948718    0.00000000000000             4
   -0.23076923076923    0.17948717948718    0.00000000000000             4
   -0.20512820512820    0.17948717948718    0.00000000000000             4
   -0.17948717948718    0.17948717948718    0.00000000000000             2
    0.20512820512821    0.20512820512821    0.00000000000000             2
    0.23076923076923    0.20512820512821    0.00000000000000             4
    0.25641025641026    0.20512820512821    0.00000000000000             4
    0.28205128205129    0.20512820512821    0.00000000000000             4
    0.30769230769231    0.20512820512821    0.00000000000000             4
    0.33333333333334    0.20512820512821    0.00000000000000             4
    0.35897435897436    0.20512820512821    0.00000000000000             4
    0.38461538461539    0.20512820512821    0.00000000000000             4
    0.41025641025641    0.20512820512821    0.00000000000000             4
    0.43589743589744    0.20512820512821    0.00000000000000             4
    0.46153846153846    0.20512820512821    0.00000000000000             4
    0.48717948717949    0.20512820512821    0.00000000000000             4
   -0.48717948717949    0.20512820512821    0.00000000000000             4
   -0.46153846153846    0.20512820512821    0.00000000000000             4
   -0.43589743589744    0.20512820512821    0.00000000000000             4
   -0.41025641025641    0.20512820512821    0.00000000000000             4
   -0.38461538461539    0.20512820512821    0.00000000000000             4
   -0.35897435897436    0.20512820512821    0.00000000000000             4
   -0.33333333333333    0.20512820512821    0.00000000000000             4
   -0.30769230769231    0.20512820512821    0.00000000000000             4
   -0.28205128205128    0.20512820512821    0.00000000000000             4
   -0.25641025641025    0.20512820512821    0.00000000000000             4
   -0.23076923076923    0.20512820512821    0.00000000000000             4
   -0.20512820512820    0.20512820512821    0.00000000000000             2
    0.23076923076923    0.23076923076923    0.00000000000000             2
    0.25641025641026    0.23076923076923    0.00000000000000             4
    0.28205128205129    0.23076923076923    0.00000000000000             4
    0.30769230769231    0.23076923076923    0.00000000000000             4
    0.33333333333334    0.23076923076923    0.00000000000000             4
    0.35897435897436    0.23076923076923    0.00000000000000             4
    0.38461538461539    0.23076923076923    0.00000000000000             4
    0.41025641025641    0.23076923076923    0.00000000000000             4
    0.43589743589744    0.23076923076923    0.00000000000000             4
    0.46153846153846    0.23076923076923    0.00000000000000             4
    0.48717948717949    0.23076923076923    0.00000000000000             4
   -0.48717948717949    0.23076923076923    0.00000000000000             4
   -0.46153846153846    0.23076923076923    0.00000000000000             4
   -0.43589743589744    0.23076923076923    0.00000000000000             4
   -0.41025641025641    0.23076923076923    0.00000000000000             4
   -0.38461538461539    0.23076923076923    0.00000000000000             4
   -0.35897435897436    0.23076923076923    0.00000000000000             4
   -0.33333333333333    0.23076923076923    0.00000000000000             4
   -0.30769230769231    0.23076923076923    0.00000000000000             4
   -0.28205128205128    0.23076923076923    0.00000000000000             4
   -0.25641025641025    0.23076923076923    0.00000000000000             4
   -0.23076923076923    0.23076923076923    0.00000000000000             2
    0.25641025641026    0.25641025641026    0.00000000000000             2
    0.28205128205129    0.25641025641026    0.00000000000000             4
    0.30769230769231    0.25641025641026    0.00000000000000             4
    0.33333333333334    0.25641025641026    0.00000000000000             4
    0.35897435897436    0.25641025641026    0.00000000000000             4
    0.38461538461539    0.25641025641026    0.00000000000000             4
    0.41025641025641    0.25641025641026    0.00000000000000             4
    0.43589743589744    0.25641025641026    0.00000000000000             4
    0.46153846153846    0.25641025641026    0.00000000000000             4
    0.48717948717949    0.25641025641026    0.00000000000000             4
   -0.48717948717949    0.25641025641026    0.00000000000000             4
   -0.46153846153846    0.25641025641026    0.00000000000000             4
   -0.43589743589744    0.25641025641026    0.00000000000000             4
   -0.41025641025641    0.25641025641026    0.00000000000000             4
   -0.38461538461539    0.25641025641026    0.00000000000000             4
   -0.35897435897436    0.25641025641026    0.00000000000000             4
   -0.33333333333333    0.25641025641026    0.00000000000000             4
   -0.30769230769231    0.25641025641026    0.00000000000000             4
   -0.28205128205128    0.25641025641026    0.00000000000000             4
   -0.25641025641025    0.25641025641026    0.00000000000000             2
    0.28205128205129    0.28205128205129    0.00000000000000             2
    0.30769230769231    0.28205128205129    0.00000000000000             4
    0.33333333333334    0.28205128205129    0.00000000000000             4
    0.35897435897436    0.28205128205129    0.00000000000000             4
    0.38461538461539    0.28205128205129    0.00000000000000             4
    0.41025641025641    0.28205128205129    0.00000000000000             4
    0.43589743589744    0.28205128205129    0.00000000000000             4
    0.46153846153846    0.28205128205129    0.00000000000000             4
    0.48717948717949    0.28205128205129    0.00000000000000             4
   -0.48717948717949    0.28205128205129    0.00000000000000             4
   -0.46153846153846    0.28205128205129    0.00000000000000             4
   -0.43589743589744    0.28205128205129    0.00000000000000             4
   -0.41025641025641    0.28205128205129    0.00000000000000             4
   -0.38461538461539    0.28205128205129    0.00000000000000             4
   -0.35897435897436    0.28205128205129    0.00000000000000             4
   -0.33333333333333    0.28205128205129    0.00000000000000             4
   -0.30769230769231    0.28205128205129    0.00000000000000             4
   -0.28205128205128    0.28205128205129    0.00000000000000             2
    0.30769230769231    0.30769230769231    0.00000000000000             2
    0.33333333333334    0.30769230769231    0.00000000000000             4
    0.35897435897436    0.30769230769231    0.00000000000000             4
    0.38461538461539    0.30769230769231    0.00000000000000             4
    0.41025641025641    0.30769230769231    0.00000000000000             4
    0.43589743589744    0.30769230769231    0.00000000000000             4
    0.46153846153846    0.30769230769231    0.00000000000000             4
    0.48717948717949    0.30769230769231    0.00000000000000             4
   -0.48717948717949    0.30769230769231    0.00000000000000             4
   -0.46153846153846    0.30769230769231    0.00000000000000             4
   -0.43589743589744    0.30769230769231    0.00000000000000             4
   -0.41025641025641    0.30769230769231    0.00000000000000             4
   -0.38461538461539    0.30769230769231    0.00000000000000             4
   -0.35897435897436    0.30769230769231    0.00000000000000             4
   -0.33333333333333    0.30769230769231    0.00000000000000             4
   -0.30769230769231    0.30769230769231    0.00000000000000             2
    0.33333333333334    0.33333333333334    0.00000000000000             2
    0.35897435897436    0.33333333333334    0.00000000000000             4
    0.38461538461539    0.33333333333334    0.00000000000000             4
    0.41025641025641    0.33333333333334    0.00000000000000             4
    0.43589743589744    0.33333333333334    0.00000000000000             4
    0.46153846153846    0.33333333333334    0.00000000000000             4
    0.48717948717949    0.33333333333334    0.00000000000000             4
   -0.48717948717949    0.33333333333334    0.00000000000000             4
   -0.46153846153846    0.33333333333334    0.00000000000000             4
   -0.43589743589744    0.33333333333334    0.00000000000000             4
   -0.41025641025641    0.33333333333334    0.00000000000000             4
   -0.38461538461539    0.33333333333334    0.00000000000000             4
   -0.35897435897436    0.33333333333334    0.00000000000000             4
   -0.33333333333333    0.33333333333334    0.00000000000000             2
    0.35897435897436    0.35897435897436    0.00000000000000             2
    0.38461538461539    0.35897435897436    0.00000000000000             4
    0.41025641025641    0.35897435897436    0.00000000000000             4
    0.43589743589744    0.35897435897436    0.00000000000000             4
    0.46153846153846    0.35897435897436    0.00000000000000             4
    0.48717948717949    0.35897435897436    0.00000000000000             4
   -0.48717948717949    0.35897435897436    0.00000000000000             4
   -0.46153846153846    0.35897435897436    0.00000000000000             4
   -0.43589743589744    0.35897435897436    0.00000000000000             4
   -0.41025641025641    0.35897435897436    0.00000000000000             4
   -0.38461538461539    0.35897435897436    0.00000000000000             4
   -0.35897435897436    0.35897435897436    0.00000000000000             2
    0.38461538461539    0.38461538461539    0.00000000000000             2
    0.41025641025641    0.38461538461539    0.00000000000000             4
    0.43589743589744    0.38461538461539    0.00000000000000             4
    0.46153846153846    0.38461538461539    0.00000000000000             4
    0.48717948717949    0.38461538461539    0.00000000000000             4
   -0.48717948717949    0.38461538461539    0.00000000000000             4
   -0.46153846153846    0.38461538461539    0.00000000000000             4
   -0.43589743589744    0.38461538461539    0.00000000000000             4
   -0.41025641025641    0.38461538461539    0.00000000000000             4
   -0.38461538461539    0.38461538461539    0.00000000000000             2
    0.41025641025641    0.41025641025641    0.00000000000000             2
    0.43589743589744    0.41025641025641    0.00000000000000             4
    0.46153846153846    0.41025641025641    0.00000000000000             4
    0.48717948717949    0.41025641025641    0.00000000000000             4
   -0.48717948717949    0.41025641025641    0.00000000000000             4
   -0.46153846153846    0.41025641025641    0.00000000000000             4
   -0.43589743589744    0.41025641025641    0.00000000000000             4
   -0.41025641025641    0.41025641025641    0.00000000000000             2
    0.43589743589744    0.43589743589744    0.00000000000000             2
    0.46153846153846    0.43589743589744    0.00000000000000             4
    0.48717948717949    0.43589743589744    0.00000000000000             4
   -0.48717948717949    0.43589743589744    0.00000000000000             4
   -0.46153846153846    0.43589743589744    0.00000000000000             4
   -0.43589743589744    0.43589743589744    0.00000000000000             2
    0.46153846153846    0.46153846153846    0.00000000000000             2
    0.48717948717949    0.46153846153846    0.00000000000000             4
   -0.48717948717949    0.46153846153846    0.00000000000000             4
   -0.46153846153846    0.46153846153846    0.00000000000000             2
    0.48717948717949    0.48717948717949    0.00000000000000             2
   -0.48717948717949    0.48717948717949    0.00000000000000             2
