 4  
 1  
 12
 1  0  0    0  1  0    0  0  1       0.000000   0.000000   0.000000        1.000000    0.000000      0.000000    0.000000      0.000000    0.000000      1.000000    0.000000
-1  0  0    0 -1  0    0  0 -1       0.000000   0.000000   0.200000        1.000000    0.000000      0.000000    0.000000      0.000000    0.000000      1.000000    0.000000
 0 -1  0    1 -1  0    0  0  1       0.000000   0.000000   0.000000        0.500000   -0.866025      0.000000    0.000000      0.000000    0.000000      0.500000    0.866025
 0  1  0   -1  1  0    0  0 -1       0.000000   0.000000   0.200000        0.500000   -0.866025      0.000000    0.000000      0.000000    0.000000      0.500000    0.866025
-1  1  0   -1  0  0    0  0  1       0.000000   0.000000   0.000000        0.500000    0.866025      0.000000    0.000000      0.000000    0.000000      0.500000   -0.866025
 1 -1  0    1  0  0    0  0 -1       0.000000   0.000000   0.200000        0.500000    0.866025      0.000000    0.000000      0.000000    0.000000      0.500000   -0.866025
 0  1  0    1  0  0    0  0 -1       0.000000   0.000000   0.200000        0.000000    0.000000      1.000000   -0.000000     -1.000000   -0.000000      0.000000   -0.000000
 0 -1  0   -1  0  0    0  0  1       0.000000   0.000000   0.000000        0.000000    0.000000     -1.000000    0.000000      1.000000    0.000000      0.000000   -0.000000
 1 -1  0    0 -1  0    0  0 -1       0.000000   0.000000   0.200000        0.000000    0.000000     -0.500000   -0.866025      0.500000   -0.866025      0.000000   -0.000000
-1  1  0    0  1  0    0  0  1       0.000000   0.000000   0.000000        0.000000    0.000000      0.500000    0.866025     -0.500000    0.866025      0.000000   -0.000000
-1  0  0   -1  1  0    0  0 -1       0.000000   0.000000   0.200000        0.000000    0.000000      0.500000   -0.866025     -0.500000   -0.866025      0.000000    0.000000
 1  0  0    1 -1  0    0  0  1       0.000000   0.000000   0.000000        0.000000    0.000000     -0.500000    0.866025      0.500000    0.866025      0.000000    0.000000
  4  
  0.000000     0.000000     0.000000
  0.500000     0.000000     0.000000
  0.000000     0.500000     0.000000
  0.500000     0.500000     0.000000
12 
 1  2  3  4  5  6  7  8  9  10  11  12 
        1         2   -13.0804   2.000030     0.000000     2.000030     0.000000     1.000015    -0.000001     1.000015    -0.000001     1.000015     0.000001     1.000015     0.000001     0.000000    -0.000009     0.000000     0.000009    -0.000000     0.000004     0.000000    -0.000004     0.000000    -0.000004     0.000000     0.000004 
        3         2    -8.8015   2.000019    -0.000000    -2.000019     0.000000     1.000010    -0.000000    -1.000010     0.000000     1.000010     0.000000    -1.000010    -0.000000     0.000000     0.000000     0.000000     0.000000     0.000000    -0.000000    -0.000000    -0.000000    -0.000000     0.000000    -0.000000     0.000000 
4 
 1  2  11  12 
        1         2    -6.4842   2.000012    -0.000000     2.000012    -0.000000    -0.000000    -0.000002    -0.000000     0.000002 
        3         2    -5.2235   2.000016     0.000000    -2.000016    -0.000000    -0.000000     0.000001    -0.000000     0.000001 
4 
 1  2  9  10 
        1         2    -6.4842   2.000013    -0.000000     2.000011    -0.000000     0.000000    -0.000002    -0.000000     0.000002 
        3         2    -5.2235   2.000016     0.000000    -2.000015    -0.000000     0.000000     0.000001     0.000000     0.000001 
4 
 1  2  7  8 
        1         2    -6.4842   2.000014     0.000000     2.000014     0.000000    -0.000000     0.000000     0.000000    -0.000000 
        3         2    -5.2235   2.000015     0.000000    -2.000015    -0.000000     0.000000     0.000000     0.000000     0.000000 
