 2  
 1  
 8
 1  0  0    0  1  0    0  0  1       0.000000   0.000000   0.000000        1.000000    0.000000      0.000000    0.000000      0.000000    0.000000      1.000000    0.000000
-1  0  0    0 -1  0    0  0 -1       0.000000   0.000000   0.200000        1.000000    0.000000      0.000000    0.000000      0.000000    0.000000      1.000000    0.000000
-1  0  0    0 -1  0    0  0  1       0.000000   0.000000   0.000000        0.000000   -1.000000      0.000000    0.000000      0.000000    0.000000      0.000000    1.000000
 1  0  0    0  1  0    0  0 -1       0.000000   0.000000   0.200000        0.000000   -1.000000      0.000000    0.000000      0.000000    0.000000      0.000000    1.000000
 0  1  0    1  0  0    0  0 -1       0.000000   0.000000   0.200000        0.000000    0.000000     -1.000000   -0.000000      1.000000   -0.000000      0.000000    0.000000
 0 -1  0   -1  0  0    0  0  1       0.000000   0.000000   0.000000        0.000000    0.000000     -1.000000   -0.000000      1.000000   -0.000000      0.000000    0.000000
 0 -1  0   -1  0  0    0  0 -1       0.000000   0.000000   0.200000        0.000000    0.000000      0.000000   -1.000000      0.000000   -1.000000      0.000000    0.000000
 0  1  0    1  0  0    0  0  1       0.000000   0.000000   0.000000        0.000000    0.000000      0.000000   -1.000000      0.000000   -1.000000      0.000000    0.000000
  4  
  0.000000     0.000000     0.000000
  0.500000     0.000000     0.000000
  0.000000     0.500000     0.000000
  0.500000     0.500000     0.000000
8 
 1  2  3  4  5  6  7  8 
        1         2   -10.6515   2.000017    -0.000000     2.000017     0.000000    -0.000000     0.000000     0.000000     0.000000    -0.000000    -0.000000     0.000000    -0.000000    -0.000000    -0.000000    -0.000000    -0.000000 
4 
 1  2  3  4 
        1         2    -5.0852   2.000009    -0.000000    -2.000009     0.000000    -0.000000    -0.000000     0.000000     0.000000 
4 
 1  2  3  4 
        1         2    -5.0852   2.000009    -0.000000    -2.000008     0.000000     0.000000     0.000000    -0.000000    -0.000000 
8 
 1  2  3  4  5  6  7  8 
        1         2    -5.0857   2.000017    -0.000000    -2.000017    -0.000000     0.000000    -0.000000    -0.000000     0.000000    -0.000000    -0.000001     0.000000     0.000001     0.000000     0.000000    -0.000000    -0.000000 
