  2
    1    2 
  1  2 -101.819535    2.000000    0.000000    2.000000    0.000000 
  3  2 -101.809852    2.000000    0.000000   -2.000000    0.000000 
  5  2  -12.017720    2.000000    0.000000    2.000000    0.000000 
  7  2   -7.749505    2.000000    0.000000   -2.000000    0.000000 
  1
    1 
  1  2 -101.819051    2.000000    0.000000 
  3  2 -101.809441    2.000000    0.000000 
  5  2  -11.962285    2.000000    0.000000 
  7  2   -7.696648    2.000000    0.000000 
  1
    1 
  1  2 -101.817627    2.000000    0.000000 
  3  2 -101.808306    2.000000    0.000000 
  5  2  -11.796073    2.000000    0.000000 
  7  2   -7.538662    2.000000    0.000000 
  1
    1 
  1  2 -101.815418    2.000000    0.000000 
  3  2 -101.806412    2.000000    0.000000 
  5  2  -11.519372    2.000000    0.000000 
  7  2   -7.277384    2.000000    0.000000 
  1
    1 
  1  2 -101.812498    2.000000    0.000000 
  3  2 -101.803980    2.000000    0.000000 
  5  2  -11.132779    2.000000    0.000000 
  7  2   -6.916340    2.000000    0.000000 
  1
    1 
  1  2 -101.809249    2.000000    0.000000 
  3  2 -101.801104    2.000000    0.000000 
  5  2  -10.637457    2.000000    0.000000 
  7  2   -6.461658    2.000000    0.000000 
  1
    1 
  1  2 -101.805563    2.000000    0.000000 
  3  2 -101.798159    2.000000    0.000000 
  5  2  -10.035534    2.000000    0.000000 
  7  2   -5.924116    2.000000    0.000000 
  1
    1 
  1  2 -101.801827    2.000000    0.000000 
  3  2 -101.795177    2.000000    0.000000 
  5  2   -9.331040    2.000000    0.000000 
  7  2   -5.323630    2.000000    0.000000 
  1
    1 
  1  2 -101.798270    2.000000    0.000000 
  3  2 -101.792516    2.000000    0.000000 
  5  2   -8.531566    2.000000    0.000000 
  7  2   -4.699723    2.000000    0.000000 
  1
    1 
  1  2 -101.795041    2.000000    0.000000 
  3  2 -101.790222    2.000000    0.000000 
  5  2   -7.652114    2.000000    0.000000 
  7  2   -4.135155    2.000000    0.000000 
  1
    1 
  1  2 -101.792533    2.000000    0.000000 
  3  2 -101.788510    2.000000    0.000000 
  5  2   -6.725449    2.000000    0.000000 
  7  2   -3.791814    2.000000    0.000000 
  1
    1 
  1  2 -101.790940    2.000000    0.000000 
  3  2 -101.787563    2.000000    0.000000 
  5  2   -5.839911    2.000000    0.000000 
  7  2   -3.849399    2.000000    0.000000 
  2
    1    2 
  1  2 -101.790340    2.000000    0.000000   -2.000000    0.000000 
  3  2 -101.787207    2.000000    0.000000    2.000000    0.000000 
  5  2   -5.351961    2.000000    0.000000    2.000000    0.000000 
  7  2   -4.070030    2.000000    0.000000   -2.000000    0.000000 
  1
    1 
  1  2 -101.818106    2.000000    0.000000 
  3  2 -101.808701    2.000000    0.000000 
  5  2  -11.851461    2.000000    0.000000 
  7  2   -7.591223    2.000000    0.000000 
  1
    1 
  1  2 -101.816322    2.000000    0.000000 
  3  2 -101.807193    2.000000    0.000000 
  5  2  -11.629987    2.000000    0.000000 
  7  2   -7.381523    2.000000    0.000000 
  1
    1 
  1  2 -101.813752    2.000000    0.000000 
  3  2 -101.804966    2.000000    0.000000 
  5  2  -11.298247    2.000000    0.000000 
  7  2   -7.070105    2.000000    0.000000 
  1
    1 
  1  2 -101.810679    2.000000    0.000000 
  3  2 -101.802381    2.000000    0.000000 
  5  2  -10.857063    2.000000    0.000000 
  7  2   -6.661542    2.000000    0.000000 
  1
    1 
  1  2 -101.807164    2.000000    0.000000 
  3  2 -101.799407    2.000000    0.000000 
  5  2  -10.307934    2.000000    0.000000 
  7  2   -6.163755    2.000000    0.000000 
  1
    1 
  1  2 -101.803447    2.000000    0.000000 
  3  2 -101.796449    2.000000    0.000000 
  5  2   -9.653737    2.000000    0.000000 
  7  2   -5.591001    2.000000    0.000000 
  1
    1 
  1  2 -101.799813    2.000000    0.000000 
  3  2 -101.793645    2.000000    0.000000 
  5  2   -8.899847    2.000000    0.000000 
  7  2   -4.970613    2.000000    0.000000 
  1
    1 
  1  2 -101.796442    2.000000    0.000000 
  3  2 -101.791165    2.000000    0.000000 
  5  2   -8.056682    2.000000    0.000000 
  7  2   -4.358904    2.000000    0.000000 
  1
    1 
  1  2 -101.793547    2.000000    0.000000 
  3  2 -101.789178    2.000000    0.000000 
  5  2   -7.145782    2.000000    0.000000 
  7  2   -3.874198    2.000000    0.000000 
  1
    1 
  1  2 -101.791514    2.000000    0.000000 
  3  2 -101.787886    2.000000    0.000000 
  5  2   -6.218439    2.000000    0.000000 
  7  2   -3.714608    2.000000    0.000000 
  1
    1 
  1  2 -101.790381    2.000000    0.000000 
  3  2 -101.787226    2.000000    0.000000 
  5  2   -5.444068    2.000000    0.000000 
  7  2   -3.938842    2.000000    0.000000 
  1
    1 
  1  2 -101.814162    2.000000    0.000000 
  3  2 -101.805370    2.000000    0.000000 
  5  2  -11.353404    2.000000    0.000000 
  7  2   -7.121502    2.000000    0.000000 
  1
    1 
  1  2 -101.811375    2.000000    0.000000 
  3  2 -101.803030    2.000000    0.000000 
  5  2  -10.966825    2.000000    0.000000 
  7  2   -6.761842    2.000000    0.000000 
  1
    1 
  1  2 -101.808158    2.000000    0.000000 
  3  2 -101.800309    2.000000    0.000000 
  5  2  -10.471220    2.000000    0.000000 
  7  2   -6.308184    2.000000    0.000000 
  1
    1 
  1  2 -101.804636    2.000000    0.000000 
  3  2 -101.797407    2.000000    0.000000 
  5  2   -9.868488    2.000000    0.000000 
  7  2   -5.770446    2.000000    0.000000 
  1
    1 
  1  2 -101.800974    2.000000    0.000000 
  3  2 -101.794565    2.000000    0.000000 
  5  2   -9.162256    2.000000    0.000000 
  7  2   -5.167075    2.000000    0.000000 
  1
    1 
  1  2 -101.797494    2.000000    0.000000 
  3  2 -101.791992    2.000000    0.000000 
  5  2   -8.359551    2.000000    0.000000 
  7  2   -4.535175    2.000000    0.000000 
  1
    1 
  1  2 -101.794439    2.000000    0.000000 
  3  2 -101.789818    2.000000    0.000000 
  5  2   -7.474510    2.000000    0.000000 
  7  2   -3.954572    2.000000    0.000000 
  1
    1 
  1  2 -101.792064    2.000000    0.000000 
  3  2 -101.788233    2.000000    0.000000 
  5  2   -6.538498    2.000000    0.000000 
  7  2   -3.589323    2.000000    0.000000 
  1
    1 
  1  2 -101.790420    2.000000    0.000000 
  3  2 -101.787249    2.000000    0.000000 
  5  2   -5.637757    2.000000    0.000000 
  7  2   -3.638040    2.000000    0.000000 
  1
    1 
  1  2 -101.789888    2.000000    0.000000 
  3  2 -101.786974    2.000000    0.000000 
  5  2   -5.134377    2.000000    0.000000 
  7  2   -3.868202    2.000000    0.000000 
  1
    1 
  1  2 -101.808503    2.000000    0.000000 
  3  2 -101.800606    2.000000    0.000000 
  5  2  -10.525623    2.000000    0.000000 
  7  2   -6.356432    2.000000    0.000000 
  1
    1 
  1  2 -101.805203    2.000000    0.000000 
  3  2 -101.797932    2.000000    0.000000 
  5  2   -9.975743    2.000000    0.000000 
  7  2   -5.860525    2.000000    0.000000 
  1
    1 
  1  2 -101.801702    2.000000    0.000000 
  3  2 -101.795161    2.000000    0.000000 
  5  2   -9.319418    2.000000    0.000000 
  7  2   -5.286114    2.000000    0.000000 
  1
    1 
  1  2 -101.798258    2.000000    0.000000 
  3  2 -101.792601    2.000000    0.000000 
  5  2   -8.561117    2.000000    0.000000 
  7  2   -4.656623    2.000000    0.000000 
  1
    1 
  1  2 -101.795042    2.000000    0.000000 
  3  2 -101.790271    2.000000    0.000000 
  5  2   -7.709804    2.000000    0.000000 
  7  2   -4.022146    2.000000    0.000000 
  1
    1 
  1  2 -101.792432    2.000000    0.000000 
  3  2 -101.788541    2.000000    0.000000 
  5  2   -6.784740    2.000000    0.000000 
  7  2   -3.496222    2.000000    0.000000 
  1
    1 
  1  2 -101.790487    2.000000    0.000000 
  3  2 -101.787313    2.000000    0.000000 
  5  2   -5.833431    2.000000    0.000000 
  7  2   -3.296366    2.000000    0.000000 
  1
    1 
  1  2 -101.789416    2.000000    0.000000 
  3  2 -101.786733    2.000000    0.000000 
  5  2   -5.021562    2.000000    0.000000 
  7  2   -3.528168    2.000000    0.000000 
  1
    1 
  1  2 -101.801959    2.000000    0.000000 
  3  2 -101.795373    2.000000    0.000000 
  5  2   -9.371759    2.000000    0.000000 
  7  2   -5.325985    2.000000    0.000000 
  1
    1 
  1  2 -101.798717    2.000000    0.000000 
  3  2 -101.792903    2.000000    0.000000 
  5  2   -8.661787    2.000000    0.000000 
  7  2   -4.718512    2.000000    0.000000 
  1
    1 
  1  2 -101.795524    2.000000    0.000000 
  3  2 -101.790589    2.000000    0.000000 
  5  2   -7.851075    2.000000    0.000000 
  7  2   -4.067082    2.000000    0.000000 
  1
    1 
  1  2 -101.792670    2.000000    0.000000 
  3  2 -101.788688    2.000000    0.000000 
  5  2   -6.950952    2.000000    0.000000 
  7  2   -3.439248    2.000000    0.000000 
  1
    1 
  1  2 -101.790502    2.000000    0.000000 
  3  2 -101.787303    2.000000    0.000000 
  5  2   -5.987965    2.000000    0.000000 
  7  2   -2.998545    2.000000    0.000000 
  1
    1 
  1  2 -101.789015    2.000000    0.000000 
  3  2 -101.786503    2.000000    0.000000 
  5  2   -5.040103    2.000000    0.000000 
  7  2   -3.009893    2.000000    0.000000 
  1
    1 
  1  2 -101.788496    2.000000    0.000000 
  3  2 -101.786247    2.000000    0.000000 
  5  2   -4.483907    2.000000    0.000000 
  7  2   -3.274553    2.000000    0.000000 
  1
    1 
  1  2 -101.795673    2.000000    0.000000 
  3  2 -101.790712    2.000000    0.000000 
  5  2   -7.898167    2.000000    0.000000 
  7  2   -4.082819    2.000000    0.000000 
  1
    1 
  1  2 -101.792796    2.000000    0.000000 
  3  2 -101.788756    2.000000    0.000000 
  5  2   -7.034531    2.000000    0.000000 
  7  2   -3.413330    2.000000    0.000000 
  1
    1 
  1  2 -101.790449    2.000000    0.000000 
  3  2 -101.787291    2.000000    0.000000 
  5  2   -6.084868    2.000000    0.000000 
  7  2   -2.800432    2.000000    0.000000 
  1
    1 
  1  2 -101.788687    2.000000    0.000000 
  3  2 -101.786248    2.000000    0.000000 
  5  2   -5.086759    2.000000    0.000000 
  7  2   -2.485718    2.000000    0.000000 
  1
    1 
  1  4 -101.787714    4.000000    0.000000 
  5  2   -4.189950    2.000000    0.000000 
  7  2   -2.726692    2.000000    0.000000 
  1
    1 
  1  2 -101.790507    2.000000    0.000000 
  3  2 -101.787332    2.000000    0.000000 
  5  2   -6.117743    2.000000    0.000000 
  7  2   -2.731665    2.000000    0.000000 
  1
    1 
  1  2 -101.788568    2.000000    0.000000 
  3  2 -101.786215    2.000000    0.000000 
  5  2   -5.117221    2.000000    0.000000 
  7  2   -2.136695    2.000000    0.000000 
  1
    1 
  1  4 -101.787242    4.000000    0.000000 
  5  2   -4.088611    2.000000    0.000000 
  7  2   -2.000292    2.000000    0.000000 
  1
    1 
  1  4 -101.786717    4.000000    0.000000 
  5  2   -3.412679    2.000000    0.000000 
  7  2   -2.349164    2.000000    0.000000 
  1
    1 
  1  4 -101.787110    4.000000    0.000000 
  5  2   -4.065434    2.000000    0.000000 
  7  2   -1.552940    2.000000    0.000000 
  1
    1 
  1  4 -101.786181    4.000000    0.000000 
  5  2   -3.019898    2.000000    0.000000 
  7  2   -1.619470    2.000000    0.000000 
  1
    1 
  1  4 -101.785562    4.000000    0.000000 
  5  2   -2.197669    2.000000    0.000000 
  7  2   -1.402531    2.000000    0.000000 
