    1    2    6
   1.000
    1    1  0.0150  0.0000  0.0000
 -0.519750115586   0.000000000000  -0.000000000000
  0.519750115586  -0.000000000000   0.000000000000
    1    2  0.0000  0.0150  0.0000
 -0.000000043191  -0.000111525442   0.000000000000
  0.000000043191   0.000111525442   0.000000000000
    1    3  0.0000  0.0000  0.0150
 -0.000000033946   0.000000000000  -0.000111520446
  0.000000033946   0.000000000000   0.000111520446
    2    1  0.0150  0.0000  0.0000
  0.519750147787   0.000000000000  -0.000000000000
 -0.519750147787  -0.000000000000   0.000000000000
    2    2  0.0000  0.0150  0.0000
 -0.000000013397   0.000111528717   0.000000000000
  0.000000013397  -0.000111528717   0.000000000000
    2    3  0.0000  0.0000  0.0150
 -0.000000033500   0.000000000000   0.000111520443
  0.000000033500   0.000000000000  -0.000111520443
