Automatically generated mesh
     120
Reciprocal lattice
    0.00000000000000    0.00000000000000    0.00000000000000             1
    0.03571428571429    0.00000000000000    0.00000000000000             4
    0.07142857142857    0.00000000000000    0.00000000000000             4
    0.10714285714286    0.00000000000000    0.00000000000000             4
    0.14285714285715    0.00000000000000    0.00000000000000             4
    0.17857142857143    0.00000000000000    0.00000000000000             4
    0.21428571428572    0.00000000000000    0.00000000000000             4
    0.25000000000000    0.00000000000000    0.00000000000000             4
    0.28571428571429    0.00000000000000    0.00000000000000             4
    0.32142857142857    0.00000000000000    0.00000000000000             4
    0.35714285714286    0.00000000000000    0.00000000000000             4
    0.39285714285715    0.00000000000000    0.00000000000000             4
    0.42857142857143    0.00000000000000    0.00000000000000             4
    0.46428571428572    0.00000000000000    0.00000000000000             4
    0.50000000000000    0.00000000000000    0.00000000000000             2
    0.03571428571429    0.03571428571429    0.00000000000000             4
    0.07142857142857    0.03571428571429    0.00000000000000             8
    0.10714285714286    0.03571428571429    0.00000000000000             8
    0.14285714285715    0.03571428571429    0.00000000000000             8
    0.17857142857143    0.03571428571429    0.00000000000000             8
    0.21428571428572    0.03571428571429    0.00000000000000             8
    0.25000000000000    0.03571428571429    0.00000000000000             8
    0.28571428571429    0.03571428571429    0.00000000000000             8
    0.32142857142857    0.03571428571429    0.00000000000000             8
    0.35714285714286    0.03571428571429    0.00000000000000             8
    0.39285714285715    0.03571428571429    0.00000000000000             8
    0.42857142857143    0.03571428571429    0.00000000000000             8
    0.46428571428572    0.03571428571429    0.00000000000000             8
    0.50000000000000    0.03571428571429    0.00000000000000             4
    0.07142857142857    0.07142857142857    0.00000000000000             4
    0.10714285714286    0.07142857142857    0.00000000000000             8
    0.14285714285715    0.07142857142857    0.00000000000000             8
    0.17857142857143    0.07142857142857    0.00000000000000             8
    0.21428571428572    0.07142857142857    0.00000000000000             8
    0.25000000000000    0.07142857142857    0.00000000000000             8
    0.28571428571429    0.07142857142857    0.00000000000000             8
    0.32142857142857    0.07142857142857    0.00000000000000             8
    0.35714285714286    0.07142857142857    0.00000000000000             8
    0.39285714285715    0.07142857142857    0.00000000000000             8
    0.42857142857143    0.07142857142857    0.00000000000000             8
    0.46428571428572    0.07142857142857    0.00000000000000             8
    0.50000000000000    0.07142857142857    0.00000000000000             4
    0.10714285714286    0.10714285714286    0.00000000000000             4
    0.14285714285715    0.10714285714286    0.00000000000000             8
    0.17857142857143    0.10714285714286    0.00000000000000             8
    0.21428571428572    0.10714285714286    0.00000000000000             8
    0.25000000000000    0.10714285714286    0.00000000000000             8
    0.28571428571429    0.10714285714286    0.00000000000000             8
    0.32142857142857    0.10714285714286    0.00000000000000             8
    0.35714285714286    0.10714285714286    0.00000000000000             8
    0.39285714285715    0.10714285714286    0.00000000000000             8
    0.42857142857143    0.10714285714286    0.00000000000000             8
    0.46428571428572    0.10714285714286    0.00000000000000             8
    0.50000000000000    0.10714285714286    0.00000000000000             4
    0.14285714285715    0.14285714285715    0.00000000000000             4
    0.17857142857143    0.14285714285715    0.00000000000000             8
    0.21428571428572    0.14285714285715    0.00000000000000             8
    0.25000000000000    0.14285714285715    0.00000000000000             8
    0.28571428571429    0.14285714285715    0.00000000000000             8
    0.32142857142857    0.14285714285715    0.00000000000000             8
    0.35714285714286    0.14285714285715    0.00000000000000             8
    0.39285714285715    0.14285714285715    0.00000000000000             8
    0.42857142857143    0.14285714285715    0.00000000000000             8
    0.46428571428572    0.14285714285715    0.00000000000000             8
    0.50000000000000    0.14285714285715    0.00000000000000             4
    0.17857142857143    0.17857142857143    0.00000000000000             4
    0.21428571428572    0.17857142857143    0.00000000000000             8
    0.25000000000000    0.17857142857143    0.00000000000000             8
    0.28571428571429    0.17857142857143    0.00000000000000             8
    0.32142857142857    0.17857142857143    0.00000000000000             8
    0.35714285714286    0.17857142857143    0.00000000000000             8
    0.39285714285715    0.17857142857143    0.00000000000000             8
    0.42857142857143    0.17857142857143    0.00000000000000             8
    0.46428571428572    0.17857142857143    0.00000000000000             8
    0.50000000000000    0.17857142857143    0.00000000000000             4
    0.21428571428572    0.21428571428572    0.00000000000000             4
    0.25000000000000    0.21428571428572    0.00000000000000             8
    0.28571428571429    0.21428571428572    0.00000000000000             8
    0.32142857142857    0.21428571428572    0.00000000000000             8
    0.35714285714286    0.21428571428572    0.00000000000000             8
    0.39285714285715    0.21428571428572    0.00000000000000             8
    0.42857142857143    0.21428571428572    0.00000000000000             8
    0.46428571428572    0.21428571428572    0.00000000000000             8
    0.50000000000000    0.21428571428572    0.00000000000000             4
    0.25000000000000    0.25000000000000    0.00000000000000             4
    0.28571428571429    0.25000000000000    0.00000000000000             8
    0.32142857142857    0.25000000000000    0.00000000000000             8
    0.35714285714286    0.25000000000000    0.00000000000000             8
    0.39285714285715    0.25000000000000    0.00000000000000             8
    0.42857142857143    0.25000000000000    0.00000000000000             8
    0.46428571428572    0.25000000000000    0.00000000000000             8
    0.50000000000000    0.25000000000000    0.00000000000000             4
    0.28571428571429    0.28571428571429    0.00000000000000             4
    0.32142857142857    0.28571428571429    0.00000000000000             8
    0.35714285714286    0.28571428571429    0.00000000000000             8
    0.39285714285715    0.28571428571429    0.00000000000000             8
    0.42857142857143    0.28571428571429    0.00000000000000             8
    0.46428571428572    0.28571428571429    0.00000000000000             8
    0.50000000000000    0.28571428571429    0.00000000000000             4
    0.32142857142857    0.32142857142857    0.00000000000000             4
    0.35714285714286    0.32142857142857    0.00000000000000             8
    0.39285714285715    0.32142857142857    0.00000000000000             8
    0.42857142857143    0.32142857142857    0.00000000000000             8
    0.46428571428572    0.32142857142857    0.00000000000000             8
    0.50000000000000    0.32142857142857    0.00000000000000             4
    0.35714285714286    0.35714285714286    0.00000000000000             4
    0.39285714285715    0.35714285714286    0.00000000000000             8
    0.42857142857143    0.35714285714286    0.00000000000000             8
    0.46428571428572    0.35714285714286    0.00000000000000             8
    0.50000000000000    0.35714285714286    0.00000000000000             4
    0.39285714285715    0.39285714285715    0.00000000000000             4
    0.42857142857143    0.39285714285715    0.00000000000000             8
    0.46428571428572    0.39285714285715    0.00000000000000             8
    0.50000000000000    0.39285714285715    0.00000000000000             4
    0.42857142857143    0.42857142857143    0.00000000000000             4
    0.46428571428572    0.42857142857143    0.00000000000000             8
    0.50000000000000    0.42857142857143    0.00000000000000             4
    0.46428571428572    0.46428571428572    0.00000000000000             4
    0.50000000000000    0.46428571428572    0.00000000000000             4
    0.50000000000000    0.50000000000000    0.00000000000000             1
