100  
12   

1    
  0.0091822076694965   0.0039606896260929   0.0000000000000000
  -0.0205326000   -0.0634298400   -0.0423943900
   0.0003752000    0.0011880200   -0.0494894700
   0.0021247100    0.0004020300   -0.0466152900
   0.0021152500    0.0004932200   -0.0470224500
   0.0009502100   -0.0006772100   -0.0451374800
   0.0003897000    0.0014979100   -0.0456596200
   0.0019487700    0.0141970800   -0.0465574000
   0.0010216900    0.0012466600   -0.0467396800
   0.0016748800    0.0000135700   -0.0467602100
  -0.0000115900    0.0000156100   -0.0471766500
   0.0019351400   -0.0000820900   -0.0469249100
   0.0005664400    0.0002345800   -0.0466926200
   0.0021117200   -0.0017585500   -0.0472797900
   0.0007123000   -0.0001202100   -0.0466488000
   0.0019081800    0.0003341200   -0.0466855200
   0.0018764400    0.0000081000   -0.0465782700
   0.0018753800    0.0004304300   -0.0467549800
   0.0007100100   -0.0001193900   -0.0470663500
   0.0019478600   -0.0013765900   -0.0472588100
   0.0006660400    0.0000219700   -0.0465688200
   0.0012505800   -0.0003105000   -0.0482363400
  -0.0000503400    0.0000104300   -0.0465066300
   0.0017326300   -0.0000891100   -0.0467659000
   0.0011062300    0.0010261000   -0.0472579000
   0.0007367500    0.0172084100   -0.0487839600
   0.0011978100    0.0005242200    0.0449012500
  -0.0002957600   -0.0000805600    0.0466184500
  -0.0022038500   -0.0002481400    0.0467969900
  -0.0006597500   -0.0000835700    0.0471394700
   0.0046097100    0.0006812000    0.0536735200
  -0.0017345200   -0.0008702100    0.0474952100
  -0.0012271400    0.0018239100    0.0461290500
  -0.0007649800    0.0001745700    0.0468205600
  -0.0023446700    0.0000682800    0.0468958000
  -0.0005517100    0.0001629100    0.0469652500
  -0.0011277100   -0.0003010700    0.0467744400
  -0.0011423600   -0.0011683400    0.0469049900
  -0.0014189800    0.0011795200    0.0468563700
  -0.0007617800    0.0001692100    0.0467960700
  -0.0020955300   -0.0000106600    0.0467280800
  -0.0021736100   -0.0003901700    0.0466496800
  -0.0011443300   -0.0004456700    0.0467717300
  -0.0009873200   -0.0008293900    0.0471069700
  -0.0018174900    0.0004838300    0.0468578800
  -0.0003786500   -0.0002654500    0.0464028000
   0.0015499600   -0.0007117800    0.0461875300
  -0.0020845200   -0.0001857600    0.0467186700
  -0.0010673000   -0.0001705200    0.0469478100
  -0.0014102500   -0.0001316400    0.0464640300
   0.0003028400   -0.0014593400    0.0440193400
   0.0048352300    0.0127006900   -0.0270146800
   0.0045761300   -0.0003184900   -0.0367023700
   0.0038277000   -0.0005269600   -0.0366547200
   0.0041407200   -0.0005449300   -0.0366988100
   0.0060780900   -0.0003707600   -0.0389777400
   0.0041773300   -0.0007706700   -0.0367418100
   0.0040683000   -0.0001869800   -0.0362367600
   0.0042543300   -0.0003720500   -0.0368279700
   0.0037107300   -0.0005790400   -0.0366181400
   0.0042477700   -0.0006150700   -0.0367285400
   0.0039714300   -0.0006594600   -0.0366901700
   0.0041497700   -0.0006315800   -0.0365583300
   0.0040726400    0.0003626300   -0.0366187800
   0.0042239900   -0.0006193400   -0.0367966400
   0.0039414000   -0.0006172300   -0.0366770400
   0.0043202500   -0.0005810200   -0.0365953600
   0.0036382800   -0.0005835200   -0.0367703200
   0.0042797600   -0.0003234800   -0.0364950500
   0.0041598300   -0.0001962100   -0.0368102000
   0.0043782200   -0.0007922300   -0.0367263900
   0.0038406900   -0.0003406700   -0.0349206400
   0.0041832900   -0.0005950300   -0.0366197300
   0.0038246700   -0.0004967600   -0.0367156300
   0.0042622700   -0.0003537500   -0.0366860900
   0.0067596000    0.0152579500   -0.0474912600
  -0.0033419800    0.0003540500    0.0362551700
  -0.0041127000    0.0007059900    0.0367943800
  -0.0037936700    0.0005683300    0.0367327700
  -0.0041040400    0.0004707300    0.0365957600
  -0.0030253300    0.0006746900    0.0359829700
  -0.0037507900   -0.0002368400    0.0361870600
  -0.0041443600    0.0016618100    0.0376371600
  -0.0042870900    0.0005037400    0.0367310700
  -0.0037164000    0.0004539800    0.0366698600
  -0.0035696700    0.0004034300    0.0366573700
  -0.0041484100    0.0006323700    0.0366045100
  -0.0041474400    0.0009588100    0.0366243500
  -0.0039782300   -0.0000027800    0.0368265900
  -0.0041931900    0.0003645100    0.0366598400
  -0.0037129100    0.0005349700    0.0366604400
  -0.0037808600    0.0006605400    0.0366744900
  -0.0041065900    0.0007806100    0.0366491200
  -0.0039654300    0.0008732200    0.0367813000
  -0.0039860500    0.0002019200    0.0365513100
  -0.0041608700    0.0005720800    0.0366219600
  -0.0040769100    0.0007709600    0.0367141900
  -0.0037193600    0.0006802500    0.0366928000
  -0.0039737500    0.0006530500    0.0366767500
  -0.0040902400    0.0007744300    0.0369291500
  -0.0034458600    0.0004589700    0.0364030900

1    
 -0.0091822076694965  -0.0039606896260929   0.0000000000000000
   0.0230541000    0.0637414200   -0.0506828400
   0.0022578700   -0.0007420700   -0.0441495600
   0.0003094700   -0.0000941800   -0.0469439700
   0.0003725700   -0.0001712700   -0.0465371000
   0.0013230200    0.0008927300   -0.0484700100
   0.0019729900   -0.0011384200   -0.0479357200
   0.0003924700   -0.0138160800   -0.0469950600
   0.0014505400   -0.0009319000   -0.0468133400
   0.0007693500    0.0003090000   -0.0468047000
   0.0025098400    0.0003055400   -0.0463850400
   0.0005488800    0.0003906500   -0.0466401200
   0.0018917400    0.0000681300   -0.0468730400
   0.0003450200    0.0020750900   -0.0462867600
   0.0017512600    0.0004350200   -0.0469165500
   0.0005457200   -0.0000206100   -0.0468780500
   0.0005625600    0.0003129700   -0.0469869200
   0.0005956100   -0.0001159300   -0.0468084200
   0.0017490800    0.0004356300   -0.0465037200
   0.0005172300    0.0016777800   -0.0463083000
   0.0017992900    0.0003008000   -0.0469923000
   0.0013252300    0.0005512700   -0.0453699300
   0.0024715100    0.0002994500   -0.0470581600
   0.0007447600    0.0003972300   -0.0467983600
   0.0013430900   -0.0007072600   -0.0462917100
   0.0018422000   -0.0169760500   -0.0447592200
  -0.0036150300   -0.0007290900    0.0485496300
  -0.0021466300   -0.0002155200    0.0469397200
  -0.0002530500   -0.0000653100    0.0467681000
  -0.0018361700   -0.0002371600    0.0464187700
  -0.0071350600   -0.0009991200    0.0397176300
  -0.0007051400    0.0005524100    0.0460661500
  -0.0012398000   -0.0021183000    0.0474302600
  -0.0016968200   -0.0004867000    0.0467453700
  -0.0001102100   -0.0003794800    0.0466697900
  -0.0019413900   -0.0004786500    0.0466033900
  -0.0013463500   -0.0000104700    0.0467906600
  -0.0013047000    0.0008708200    0.0466633000
  -0.0010534800   -0.0014847200    0.0467100200
  -0.0016924500   -0.0004867000    0.0467680800
  -0.0003630700   -0.0003079800    0.0468378700
  -0.0002749100    0.0000741500    0.0469175600
  -0.0013302100    0.0001324900    0.0467953900
  -0.0014587000    0.0005163400    0.0464559600
  -0.0006552600   -0.0008111800    0.0467073100
  -0.0020752700   -0.0000586400    0.0471603700
  -0.0039870900    0.0003891000    0.0473884300
  -0.0003673500   -0.0001294400    0.0468477500
  -0.0014005400   -0.0001413400    0.0466152300
  -0.0010235800   -0.0001510800    0.0471293800
  -0.0028059100    0.0010964500    0.0495368200
   0.0030513500   -0.0139416300   -0.0464109200
   0.0034376600   -0.0008284200   -0.0366350100
   0.0041575200   -0.0006492800   -0.0366931100
   0.0039043100   -0.0005975600   -0.0366727300
   0.0020852200   -0.0007468500   -0.0343509300
   0.0039522400   -0.0003855100   -0.0366015900
   0.0040079600   -0.0010036200   -0.0370942700
   0.0037493900   -0.0008606200   -0.0365090800
   0.0043131100   -0.0006198200   -0.0367533000
   0.0038367600   -0.0005457800   -0.0366289800
   0.0041198400   -0.0004997200   -0.0366700700
   0.0039606300   -0.0005799800   -0.0367918100
   0.0039944500   -0.0016098800   -0.0367106400
   0.0038072900   -0.0005893300   -0.0365473100
   0.0041024100   -0.0005402300   -0.0367014200
   0.0037102900   -0.0005358800   -0.0367704300
   0.0044138800   -0.0005911700   -0.0366046700
   0.0037949200   -0.0008758100   -0.0368747100
   0.0039079600   -0.0009706600   -0.0365225500
   0.0036552200   -0.0003179300   -0.0366178000
   0.0040654100   -0.0007282000   -0.0384028600
   0.0038102800   -0.0005501800   -0.0367254600
   0.0042056800   -0.0006617300   -0.0366588000
   0.0037825900   -0.0007795400   -0.0366859400
   0.0015141300   -0.0163090400   -0.0258457200
  -0.0047281100    0.0007038700    0.0370842200
  -0.0039714400    0.0004144900    0.0365726700
  -0.0042393800    0.0005892000    0.0366414300
  -0.0038797300    0.0006734700    0.0367498300
  -0.0049951700    0.0004162600    0.0373420800
  -0.0042900100    0.0013505000    0.0371531700
  -0.0038974800   -0.0005079300    0.0356971000
  -0.0037874500    0.0006879000    0.0366352400
  -0.0043414000    0.0007211100    0.0367032500
  -0.0044394800    0.0007165100    0.0367114500
  -0.0038892600    0.0005259000    0.0367738300
  -0.0038857200    0.0002432300    0.0367218900
  -0.0040844100    0.0012496900    0.0365037200
  -0.0039152400    0.0008484600    0.0366882100
  -0.0043808600    0.0006250800    0.0367006400
  -0.0043160600    0.0004991400    0.0366859800
  -0.0039098500    0.0004164800    0.0367202400
  -0.0040439000    0.0003567400    0.0365528800
  -0.0040881400    0.0010058100    0.0367727700
  -0.0039737900    0.0005918900    0.0367177200
  -0.0040405100    0.0003361600    0.0366342600
  -0.0043409300    0.0004628300    0.0366801300
  -0.0040049500    0.0005210700    0.0366699000
  -0.0038960300    0.0003813600    0.0364032100
  -0.0046284300    0.0006693100    0.0369202800

1    
 -0.0091396005886348   0.0040580415325902   0.0000000000000000
   0.0223828500   -0.0636682000   -0.0506511400
   0.0013158900   -0.0002414000   -0.0453674400
   0.0005608900    0.0000105400   -0.0469865900
   0.0005463200   -0.0000667700   -0.0466405400
   0.0019821500    0.0014425400   -0.0479390400
   0.0013235000   -0.0005821200   -0.0484667900
   0.0020167400    0.0173008800   -0.0447605800
   0.0017967000    0.0000068900   -0.0469911200
   0.0005484900    0.0003425500   -0.0468765800
   0.0025082400   -0.0000029400   -0.0463847800
   0.0003755400    0.0004951500   -0.0465367300
   0.0013537500    0.0010195100   -0.0462919500
   0.0005014100   -0.0013558100   -0.0463070900
   0.0017482400   -0.0001250700   -0.0469157800
   0.0007678300    0.0000102600   -0.0468051900
   0.0003118300    0.0004184900   -0.0469443000
   0.0007421700   -0.0000788700   -0.0467977300
   0.0017459600   -0.0001262800   -0.0465034500
   0.0003250600   -0.0017512700   -0.0462854800
   0.0014643400    0.0012431800   -0.0468130500
   0.0022750000    0.0010415000   -0.0441545500
   0.0024695600    0.0000019000   -0.0470584500
   0.0005992100    0.0004362100   -0.0468094500
   0.0018923200    0.0002382500   -0.0468733800
   0.0005337200    0.0141560400   -0.0469956000
  -0.0028248400   -0.0013960500    0.0495426800
  -0.0020781500   -0.0002472500    0.0471607300
  -0.0003594700   -0.0000147100    0.0468378900
  -0.0019388700    0.0001700000    0.0466031300
  -0.0071234900    0.0007418300    0.0397180100
  -0.0010225800   -0.0001659300    0.0471308000
  -0.0006492400    0.0004924000    0.0467081500
  -0.0016894000    0.0001784900    0.0467674700
  -0.0001079000    0.0000531500    0.0466692400
  -0.0018331600   -0.0000721300    0.0464197700
  -0.0014023200   -0.0001699400    0.0466147400
  -0.0014653600   -0.0008289000    0.0464562600
  -0.0010393200    0.0011674200    0.0467087100
  -0.0016936500    0.0001772300    0.0467452700
  -0.0002574300   -0.0002579200    0.0467680000
  -0.0003673800   -0.0001954100    0.0468474700
  -0.0013335400   -0.0004459900    0.0467950800
  -0.0013161800   -0.0011851600    0.0466620700
  -0.0012181700    0.0018013500    0.0474277100
  -0.0021426400   -0.0000932300    0.0469387200
  -0.0039924900   -0.0006754200    0.0473889100
  -0.0002774800   -0.0003999900    0.0469181200
  -0.0013468900   -0.0003039200    0.0467905800
  -0.0007134500   -0.0008734400    0.0460648300
  -0.0035988600    0.0004314100    0.0485346900
   0.0016797900    0.0152529600   -0.0258461500
   0.0036288800   -0.0008126000   -0.0366125100
   0.0040726100   -0.0006275700   -0.0366857900
   0.0038156900   -0.0006033800   -0.0366350700
   0.0020874600   -0.0003405400   -0.0343507800
   0.0038146500   -0.0003590400   -0.0366728200
   0.0039230300   -0.0002111600   -0.0365199500
   0.0037925200   -0.0006299200   -0.0365428400
   0.0043136200   -0.0005818100   -0.0367533100
   0.0039252000   -0.0005521700   -0.0366665800
   0.0042364200   -0.0004989100   -0.0366523700
   0.0038143000   -0.0003270500   -0.0368655300
   0.0040046600    0.0003583400   -0.0367108500
   0.0037669200   -0.0003586800   -0.0365138000
   0.0041871700   -0.0005189600   -0.0367087800
   0.0038305600   -0.0005790600   -0.0367363700
   0.0044142800   -0.0005878300   -0.0366047700
   0.0039441100   -0.0006239200   -0.0368009900
   0.0040006100   -0.0001798600   -0.0370968200
   0.0034654900   -0.0003006600   -0.0366402900
   0.0040673200   -0.0003605100   -0.0384030700
   0.0036897000   -0.0005924800   -0.0367597200
   0.0040888300   -0.0006602300   -0.0366766000
   0.0039222200   -0.0007540700   -0.0366147500
   0.0031851800    0.0128833400   -0.0464301500
  -0.0047297500    0.0003679400    0.0370848000
  -0.0040213000    0.0007762200    0.0366433800
  -0.0042843500    0.0006624100    0.0366929500
  -0.0038584700    0.0006237400    0.0367578700
  -0.0042823700   -0.0002521700    0.0371484300
  -0.0050095200    0.0006896100    0.0373468600
  -0.0046185600    0.0004709800    0.0369230700
  -0.0039452200    0.0005852200    0.0367306400
  -0.0043620600    0.0005459400    0.0367069000
  -0.0044415000    0.0004075900    0.0367116300
  -0.0039106700    0.0004756500    0.0367659000
  -0.0039185000    0.0008013600    0.0364082400
  -0.0040844500    0.0002259300    0.0367745100
  -0.0039172600    0.0003639500    0.0366880700
  -0.0043618500    0.0004495900    0.0366971600
  -0.0042701800    0.0005717400    0.0366345500
  -0.0040233700    0.0006656400    0.0366810500
  -0.0040411100    0.0008789500    0.0365529200
  -0.0040986800   -0.0000177500    0.0365017000
  -0.0038169800    0.0004887800    0.0366224200
  -0.0039873700    0.0006977400    0.0365639300
  -0.0043397800    0.0006835800    0.0366801200
  -0.0038888300    0.0007696400    0.0367090200
  -0.0038576700    0.0009393500    0.0367169800
  -0.0038968700    0.0016410800    0.0356953300

1    
  0.0091396005886348  -0.0040580415325902   0.0000000000000000
  -0.0198610900    0.0639851000   -0.0424277300
   0.0012609000    0.0006287900   -0.0482379200
   0.0018779400    0.0002981000   -0.0465775600
   0.0019377000    0.0003882600   -0.0469245900
   0.0003806000   -0.0011710100   -0.0456569900
   0.0009506700    0.0009984600   -0.0451400700
   0.0005628800   -0.0169042300   -0.0487811300
   0.0006683600    0.0003004300   -0.0465685200
   0.0019054700   -0.0000256100   -0.0466862800
  -0.0000100400    0.0003121100   -0.0471769800
   0.0021121800   -0.0001870900   -0.0470228300
   0.0010942900   -0.0007085200   -0.0472570000
   0.0019637600    0.0016847200   -0.0472592800
   0.0007153200    0.0004405400   -0.0466496200
   0.0016762600    0.0002977700   -0.0467605300
   0.0021226600   -0.0000966200   -0.0466161100
   0.0017352900    0.0003994100   -0.0467665100
   0.0007131300    0.0004395900   -0.0470666800
   0.0021317400    0.0020649300   -0.0472819300
   0.0010081300   -0.0009280400   -0.0467415600
   0.0003560500   -0.0008598000   -0.0494854400
  -0.0000483400    0.0003178600   -0.0465063900
   0.0018718000   -0.0001219400   -0.0467540800
   0.0005672300    0.0000886700   -0.0466930400
   0.0018070500   -0.0139063700   -0.0465584000
   0.0003221200    0.0011299300    0.0440143900
  -0.0003769200   -0.0000587400    0.0464031900
  -0.0020989700   -0.0002960300    0.0467281300
  -0.0005542300   -0.0004831000    0.0469647900
   0.0045981700   -0.0010525800    0.0536731900
  -0.0014117800   -0.0001811900    0.0464642400
  -0.0018235800   -0.0007947800    0.0468584900
  -0.0007654900   -0.0004905700    0.0467973500
  -0.0023470000   -0.0003708700    0.0468964100
  -0.0006626300   -0.0002359900    0.0471393200
  -0.0010656400   -0.0001482400    0.0469494500
  -0.0009807000    0.0005114200    0.0471077100
  -0.0014332400   -0.0014925100    0.0468577300
  -0.0007674800   -0.0004945600    0.0468200700
  -0.0021996000   -0.0000579800    0.0467971200
  -0.0020844900   -0.0001202100    0.0467189200
  -0.0011410100    0.0001289200    0.0467720800
  -0.0011310600    0.0008521800    0.0469053300
  -0.0012487400   -0.0021368200    0.0461302400
  -0.0002987600   -0.0002408100    0.0466188200
   0.0015554500    0.0003677000    0.0461871000
  -0.0021710700    0.0000851200    0.0466492600
  -0.0011271000   -0.0000145900    0.0467734600
  -0.0017260100    0.0005615400    0.0474950400
   0.0011805700   -0.0008564400    0.0449157600
   0.0066075900   -0.0163803100   -0.0474862800
   0.0043576900   -0.0003443100   -0.0367219100
   0.0039119800   -0.0005484800   -0.0366612400
   0.0042299500   -0.0005378700   -0.0367348600
   0.0060759800   -0.0007538400   -0.0389778900
   0.0042860700   -0.0007876500   -0.0366741400
   0.0041674500   -0.0009890100   -0.0368078900
   0.0042088800   -0.0006051500   -0.0367922300
   0.0037102200   -0.0006164100   -0.0366181200
   0.0041587500   -0.0006074300   -0.0366925000
   0.0038553400   -0.0006606600   -0.0367089500
   0.0042931500   -0.0008839900   -0.0364863900
   0.0040623900   -0.0016154700   -0.0366185800
   0.0042666700   -0.0008523900   -0.0368320900
   0.0038572700   -0.0006383000   -0.0366704600
   0.0042012600   -0.0005384000   -0.0366307600
   0.0036378700   -0.0005880200   -0.0367702200
   0.0041335200   -0.0005748900   -0.0365669800
   0.0040528600   -0.0009964600   -0.0362390900
   0.0045950400   -0.0008197800   -0.0367068400
   0.0038386500   -0.0007366400   -0.0349204000
   0.0043025800   -0.0005533000   -0.0365841400
   0.0039410400   -0.0004986300   -0.0366967100
   0.0041516100   -0.0003700100   -0.0367537100
   0.0046884800   -0.0138174800   -0.0269990700
  -0.0033402900    0.0007034900    0.0362545800
  -0.0040622800    0.0003417700    0.0367231500
  -0.0037501700    0.0004952100    0.0366813200
  -0.0041189800    0.0005188700    0.0365885100
  -0.0037281600    0.0013290900    0.0361831400
  -0.0030413700    0.0004101100    0.0359869000
  -0.0034328800    0.0006696600    0.0364054600
  -0.0041326500    0.0006080900    0.0366347300
  -0.0036921500    0.0006291600    0.0366664400
  -0.0035676500    0.0007113100    0.0366571800
  -0.0041333200    0.0006810700    0.0366116300
  -0.0041148100    0.0004108800    0.0369340600
  -0.0039747900    0.0010286700    0.0365533600
  -0.0041911500    0.0008512200    0.0366599900
  -0.0037355200    0.0007105000    0.0366636800
  -0.0038252500    0.0005880000    0.0367258500
  -0.0039935900    0.0005343400    0.0366877700
  -0.0039681600    0.0003627700    0.0367812500
  -0.0039788100    0.0012332200    0.0368247800
  -0.0043143300    0.0006767900    0.0367182000
  -0.0041306100    0.0004068600    0.0367850300
  -0.0037204900    0.0004596600    0.0366928000
  -0.0040893300    0.0004073700    0.0366381700
  -0.0041283300    0.0002266200    0.0366193000
  -0.0041679700   -0.0005261500    0.0376337700

1    
  0.0000000000000000   0.0000000000000000   0.0100000000000000
   0.0058036500    0.0001737900   -0.1605292200
   0.0027474700    0.0008051900   -0.0483079200
   0.0010171500    0.0000323600   -0.0467596400
   0.0014358000    0.0001082200   -0.0467594700
  -0.0010056200   -0.0013730000   -0.0483063800
  -0.0009860400    0.0017084600   -0.0483080500
   0.0002380800   -0.0027322800   -0.0502795800
   0.0010113500   -0.0005598400   -0.0468147600
   0.0012552900    0.0001432500   -0.0467674300
   0.0015313000    0.0001556500   -0.0465616100
   0.0014361200    0.0002045800   -0.0467596000
   0.0013674700    0.0003695800   -0.0468157700
   0.0006987800    0.0001791400   -0.0457210000
   0.0009248200    0.0001594600   -0.0468994900
   0.0012545600    0.0001710400   -0.0467679100
   0.0010181500    0.0002844700   -0.0467603500
   0.0012955500    0.0002492100   -0.0467688400
   0.0013741500    0.0001575100   -0.0469009800
   0.0006991100    0.0001445400   -0.0457214300
   0.0010194100    0.0008763000   -0.0468168900
   0.0027373200   -0.0005069100   -0.0483104100
   0.0007992700    0.0001598800   -0.0465629300
   0.0012939400    0.0000656400   -0.0467687800
   0.0013661600   -0.0000545100   -0.0468147800
   0.0002701600    0.0030550100   -0.0502803800
  -0.0036382900    0.0011288300    0.0565144300
  -0.0015218200    0.0001230900    0.0467380800
  -0.0012530700   -0.0000685000    0.0468918100
  -0.0009351700    0.0000651900    0.0472152500
   0.0061900700   -0.0001962400    0.0638962400
  -0.0010052800    0.0011160700    0.0476629700
  -0.0015475200   -0.0010462000    0.0466777200
  -0.0012013500   -0.0001252000    0.0467823600
  -0.0011087000   -0.0001584900    0.0468821500
  -0.0009378100   -0.0003818900    0.0472155200
  -0.0011467800   -0.0003793900    0.0469597300
  -0.0009821300   -0.0004167400    0.0471006700
  -0.0011482800   -0.0001596100    0.0465545000
  -0.0012019800   -0.0001906000    0.0467823700
  -0.0012540200   -0.0002459000    0.0468911800
  -0.0013387300   -0.0002460800    0.0468594600
  -0.0012426200   -0.0001578500    0.0469770600
  -0.0009790800    0.0000978300    0.0470993500
  -0.0015368900    0.0007325600    0.0466778300
  -0.0015238100   -0.0004356700    0.0467383000
  -0.0018870800   -0.0001534000    0.0476312100
  -0.0013382000   -0.0000676800    0.0468600300
  -0.0011452000    0.0000628200    0.0469587600
  -0.0010180900   -0.0014329100    0.0476600000
  -0.0036410600   -0.0014291700    0.0564906600
   0.0027391600    0.0301668200    0.0012939100
   0.0042738700   -0.0008284900   -0.0363541700
   0.0039704100   -0.0005518100   -0.0366487100
   0.0037569900   -0.0004552600   -0.0366231600
   0.0052313700   -0.0005592900   -0.0356719400
   0.0039403500   -0.0011573300   -0.0364121000
   0.0038463000    0.0002843100   -0.0372754200
   0.0040430300   -0.0005642200   -0.0366137100
   0.0040906500   -0.0005995900   -0.0367250800
   0.0037753500   -0.0006925000   -0.0366170700
   0.0040609000   -0.0006874700   -0.0366541600
   0.0038743600   -0.0007004900   -0.0366051300
   0.0039790800   -0.0006267500   -0.0369803100
   0.0040574000   -0.0006583800   -0.0366180900
   0.0039998200   -0.0006146200   -0.0366643500
   0.0042834600   -0.0005353300   -0.0365885600
   0.0039306400   -0.0005874200   -0.0366987200
   0.0038587000   -0.0005034300   -0.0366140000
   0.0038246600   -0.0014667700   -0.0372776800
   0.0042989300   -0.0003073600   -0.0363590700
   0.0027300300   -0.0005339400   -0.0352855600
   0.0042640300   -0.0005988700   -0.0365774600
   0.0040313900   -0.0004719100   -0.0366607100
   0.0039172500    0.0000184500   -0.0364245100
   0.0024126500   -0.0312621100    0.0013156900
  -0.0080338300    0.0005530200    0.0411716000
  -0.0041347200    0.0004639000    0.0366171000
  -0.0040219900    0.0005061500    0.0366887800
  -0.0039395900    0.0004540400    0.0366166900
  -0.0024091900    0.0002625100    0.0375449200
  -0.0024205900    0.0008154500    0.0375488200
  -0.0033222500    0.0004802400    0.0361777800
  -0.0039633800    0.0005239300    0.0367041200
  -0.0039639600    0.0005485200    0.0366716900
  -0.0037492000    0.0005583400    0.0365461900
  -0.0039692400    0.0006956100    0.0366327100
  -0.0041360000    0.0005011500    0.0365986000
  -0.0039610000    0.0008653800    0.0366373900
  -0.0040022600    0.0006069800    0.0366776000
  -0.0039835600    0.0006186100    0.0366655700
  -0.0040524300    0.0006523900    0.0366819700
  -0.0039670300    0.0006568500    0.0366846700
  -0.0039255600    0.0006178900    0.0367436100
  -0.0039711200    0.0003655500    0.0366357300
  -0.0039906900    0.0006541800    0.0366913300
  -0.0041504900    0.0006492100    0.0366082400
  -0.0039896100    0.0005712000    0.0366980300
  -0.0039481800    0.0005298900    0.0366736400
  -0.0041122200    0.0006843300    0.0365938300
  -0.0033332300    0.0006468800    0.0361754500

1    
  0.0000000000000000   0.0000000000000000  -0.0100000000000000
  -0.0032101400    0.0001408300    0.0665065100
  -0.0003235700   -0.0004880300   -0.0452674800
   0.0014384500    0.0002813500   -0.0468061800
   0.0010336100    0.0002107600   -0.0468060100
   0.0034914600    0.0016824100   -0.0452659100
   0.0034711800   -0.0013879800   -0.0452635700
   0.0022256900    0.0028222000   -0.0432472700
   0.0014478100    0.0008678600   -0.0467492700
   0.0012074900    0.0001722600   -0.0467967600
   0.0009288400    0.0001597300   -0.0470042600
   0.0010333400    0.0001065900   -0.0468058300
   0.0010950000   -0.0000677000   -0.0467475500
   0.0017611100    0.0001164000   -0.0478412600
   0.0015392900    0.0001556400   -0.0466645200
   0.0012081900    0.0001438000   -0.0467970500
   0.0014375900    0.0000313900   -0.0468065700
   0.0011650800    0.0000657200   -0.0467979700
   0.0010827500    0.0001572700   -0.0466659700
   0.0017610700    0.0001900300   -0.0478416700
   0.0014400100   -0.0005542300   -0.0467487000
  -0.0003133900    0.0008193900   -0.0452659500
   0.0016637700    0.0001547300   -0.0470055800
   0.0011667300    0.0002483200   -0.0467981100
   0.0010976300    0.0003822400   -0.0467492600
   0.0021961200   -0.0025151900   -0.0432480500
   0.0013598800   -0.0012415400    0.0367239800
  -0.0009359200   -0.0004243300    0.0468265600
  -0.0012098400   -0.0002418500    0.0466738900
  -0.0015281900   -0.0003795700    0.0463430600
  -0.0090468900   -0.0001163500    0.0291762800
  -0.0014354100   -0.0014950800    0.0459025700
  -0.0009097500    0.0007603100    0.0468842300
  -0.0012589900   -0.0001815600    0.0467825800
  -0.0013560600   -0.0001559000    0.0466830000
  -0.0015255500    0.0000671100    0.0463435500
  -0.0013182700    0.0000590400    0.0466059000
  -0.0014669000    0.0000966600    0.0464702400
  -0.0013094300   -0.0001556200    0.0470104000
  -0.0012577400   -0.0001321300    0.0467819300
  -0.0012090500   -0.0000730700    0.0466744800
  -0.0011214100   -0.0000736700    0.0467082800
  -0.0012171300   -0.0001573500    0.0465899800
  -0.0014698900   -0.0004082400    0.0464706100
  -0.0009205000   -0.0010766000    0.0468827100
  -0.0009328600    0.0001068900    0.0468256300
  -0.0005755900   -0.0001616600    0.0459373100
  -0.0011219100   -0.0002433400    0.0467078000
  -0.0013196800   -0.0003725800    0.0466058000
  -0.0014217300    0.0011822200    0.0459040400
   0.0013601700    0.0009109500    0.0367477100
   0.0052818600   -0.0298233400   -0.0737745300
   0.0037117900   -0.0003258700   -0.0369804400
   0.0040125700   -0.0006230800   -0.0366990800
   0.0042991000   -0.0006878500   -0.0367485200
   0.0029106200   -0.0005465800   -0.0376749900
   0.0041871500    0.0000025400   -0.0369310700
   0.0042347800   -0.0014584900   -0.0360603100
   0.0039614200   -0.0006690400   -0.0367218900
   0.0039296100   -0.0005989400   -0.0366447100
   0.0043196400   -0.0004666000   -0.0367421700
   0.0040329100   -0.0004715200   -0.0367070500
   0.0042342400   -0.0005102300   -0.0367459300
   0.0040871300   -0.0006254400   -0.0363565400
   0.0039769100   -0.0005521100   -0.0367263500
   0.0040423700   -0.0005439800   -0.0367148600
   0.0037353000   -0.0005841500   -0.0367797200
   0.0041238900   -0.0005878700   -0.0366749600
   0.0042171200   -0.0006962100   -0.0367548800
   0.0042334600    0.0002740300   -0.0360629100
   0.0037335800   -0.0008053300   -0.0369853000
   0.0052438200   -0.0005494400   -0.0380391400
   0.0037165000   -0.0005441800   -0.0367688900
   0.0040009900   -0.0006871800   -0.0367135800
   0.0041545000   -0.0011439100   -0.0369437100
   0.0055794900    0.0287415300   -0.0737997100
   0.0000100900    0.0005113900    0.0321089900
  -0.0039444300    0.0006534000    0.0367532300
  -0.0040107900    0.0006492200    0.0366858900
  -0.0040429800    0.0006858100    0.0367311600
  -0.0056343600    0.0008230400    0.0357580700
  -0.0056533000    0.0002899100    0.0357628500
  -0.0047306300    0.0006542500    0.0371545600
  -0.0041124200    0.0006661000    0.0366631300
  -0.0040901900    0.0006247000    0.0367015400
  -0.0042715500    0.0005611500    0.0368253900
  -0.0040735000    0.0004654600    0.0367471000
  -0.0038938700    0.0007129900    0.0367453600
  -0.0041002400    0.0003784700    0.0366892000
  -0.0041043200    0.0006071000    0.0366707300
  -0.0041101200    0.0005433200    0.0366953900
  -0.0040427100    0.0005095100    0.0366788900
  -0.0040526000    0.0005436900    0.0366859600
  -0.0040756800    0.0006179000    0.0365915500
  -0.0041049600    0.0008529900    0.0366870500
  -0.0041418600    0.0005130500    0.0366502200
  -0.0039624900    0.0004585100    0.0367440000
  -0.0040680500    0.0005719400    0.0366759500
  -0.0040332200    0.0006437100    0.0366748200
  -0.0038706100    0.0004695300    0.0367401800
  -0.0047424300    0.0004875500    0.0371517700

51   
  0.0091822076694965   0.0039606896260929   0.0000000000000000
   0.0025432700    0.0127657600   -0.0360537000
   0.0031913200    0.0003487600   -0.0456977100
   0.0014114400    0.0000527400   -0.0469855700
   0.0011297300    0.0000729800   -0.0467892300
   0.0017940000    0.0003914500   -0.0466267800
   0.0011632600    0.0003427700   -0.0479097600
   0.0034181700    0.0167087600   -0.0601514800
   0.0015044300    0.0003215600   -0.0466651400
   0.0011328800    0.0000249200   -0.0467266500
   0.0014724000   -0.0000025800   -0.0465429100
   0.0014732200    0.0002729900   -0.0465224800
   0.0015828200   -0.0000610500   -0.0464241100
   0.0013035800    0.0006657500   -0.0473233400
   0.0014667600    0.0004516100   -0.0469100300
   0.0008436600    0.0001623200   -0.0468730700
   0.0010654600    0.0002926700   -0.0468132500
   0.0010866200    0.0002644900   -0.0468170100
   0.0014049000    0.0002233300   -0.0467677100
   0.0012701100    0.0011437600   -0.0468360800
   0.0013316300    0.0001157800   -0.0469857600
   0.0013199400    0.0000208500   -0.0471250000
   0.0013836400    0.0002538900   -0.0470778800
   0.0009286300    0.0001784900   -0.0467104900
   0.0015177200    0.0003205800   -0.0467250300
   0.0013170300    0.0004414700   -0.0466219500
  -0.0005438400   -0.0003292600    0.0431071000
  -0.0012934400   -0.0000331600    0.0466582100
  -0.0010045400   -0.0001716500    0.0467499700
  -0.0013859300   -0.0001626800    0.0467838400
  -0.0003966800    0.0003114500    0.0481424000
  -0.0008064000   -0.0012981800    0.0483692500
  -0.0007380400   -0.0004923200    0.0473962800
  -0.0014210900   -0.0003858100    0.0468246300
  -0.0009292000   -0.0002716500    0.0468268400
  -0.0007932700   -0.0003139800    0.0470217000
  -0.0013181000   -0.0002006800    0.0468775300
  -0.0013097600    0.0000807000    0.0466290200
  -0.0012251200   -0.0006622600    0.0469426800
  -0.0013696900   -0.0003977500    0.0468305100
  -0.0008902300   -0.0002209400    0.0468570100
  -0.0009645000   -0.0000721500    0.0468077900
  -0.0012454200   -0.0001635800    0.0468449400
  -0.0011902900    0.0001029000    0.0468514300
  -0.0011263100   -0.0006769700    0.0467471800
  -0.0013818000   -0.0000306000    0.0468810700
  -0.0012606200    0.0000813100    0.0467350700
  -0.0009192600   -0.0000492300    0.0468204100
  -0.0012948100    0.0000977400    0.0467994200
  -0.0013802700    0.0001653100    0.0467156700
  -0.0012524300    0.0011531700    0.0474589500
  -0.0086990600   -0.0352670000   -0.0345060500
   0.0050830300    0.0003195000   -0.0372725200
   0.0039744100   -0.0005765100   -0.0366891900
   0.0040049200   -0.0005444600   -0.0366639200
   0.0050632700    0.0003944700   -0.0359983200
   0.0044957800   -0.0010904500   -0.0363120400
   0.0040026900    0.0008849500   -0.0374625600
   0.0039947300   -0.0005997500   -0.0367592500
   0.0040532400   -0.0006185100   -0.0367071600
   0.0038855700   -0.0005747700   -0.0366497600
   0.0040189000   -0.0005955300   -0.0366731900
   0.0040338700   -0.0006169600   -0.0367061300
   0.0039316800   -0.0014720200   -0.0367001700
   0.0038977100   -0.0007006600   -0.0366543200
   0.0040666800   -0.0005781700   -0.0367055500
   0.0039746600   -0.0005593700   -0.0366911300
   0.0040772100   -0.0005938000   -0.0366710500
   0.0039191300   -0.0006949000   -0.0366887100
   0.0038783200   -0.0013045300   -0.0366091900
   0.0039780500   -0.0005190600   -0.0366362300
   0.0044211500   -0.0009922000   -0.0370063100
   0.0038249200   -0.0005674200   -0.0367005300
   0.0040574900   -0.0005915500   -0.0366610100
   0.0040119600   -0.0004958800   -0.0365669800
   0.0036946200    0.0016916300   -0.0358251900
  -0.0039072200    0.0007357400    0.0361148600
  -0.0040927100    0.0004590600    0.0366430100
  -0.0040946600    0.0005421600    0.0366743000
  -0.0039713000    0.0005044200    0.0366536900
  -0.0039634500    0.0002874800    0.0365224400
  -0.0040377600    0.0006720900    0.0369696000
  -0.0042197300    0.0000667000    0.0365122000
  -0.0039473000    0.0005991800    0.0366352700
  -0.0040449100    0.0006151900    0.0366719200
  -0.0039975500    0.0005694200    0.0367047400
  -0.0039687100    0.0006777400    0.0367279900
  -0.0037140300    0.0009395800    0.0367234500
  -0.0039730500    0.0008276000    0.0365910000
  -0.0040150800    0.0007334800    0.0366584200
  -0.0041440000    0.0006391700    0.0366913400
  -0.0040730200    0.0005895700    0.0366907900
  -0.0039478000    0.0006278500    0.0366910900
  -0.0039407600    0.0005669600    0.0367047700
  -0.0039943900    0.0008698200    0.0366740500
  -0.0040683700    0.0006129200    0.0366956700
  -0.0040104500    0.0004524700    0.0366859200
  -0.0041177800    0.0005076200    0.0366884500
  -0.0038943300    0.0005150300    0.0366746600
  -0.0039802400    0.0004187400    0.0366589900
  -0.0041418700    0.0003992200    0.0368610300

51   
 -0.0091822076694965  -0.0039606896260929   0.0000000000000000
   0.0001237400   -0.0124046400   -0.0574702600
  -0.0008036500   -0.0000250500   -0.0478237200
   0.0010603100    0.0002644200   -0.0465799100
   0.0013323200    0.0002440400   -0.0467787500
   0.0006434100   -0.0000923900   -0.0469438600
   0.0013848800   -0.0000401900   -0.0456074700
  -0.0011914600   -0.0163344300   -0.0334877000
   0.0009717000    0.0000168800   -0.0469075400
   0.0013281500    0.0002890200   -0.0468397800
   0.0009806000    0.0003160300   -0.0470239400
   0.0009808800    0.0000437200   -0.0470451200
   0.0008709400    0.0003858500   -0.0471404800
   0.0011544100   -0.0003482200   -0.0462584000
   0.0009951200   -0.0001330700   -0.0466572300
   0.0016192800    0.0001531300   -0.0466957900
   0.0013983200    0.0000232500   -0.0467534000
   0.0013733800    0.0000484400   -0.0467499400
   0.0010575100    0.0000910000   -0.0467995100
   0.0011912400   -0.0008287500   -0.0467363100
   0.0011282300    0.0001987900   -0.0465799200
   0.0011476600    0.0002820300   -0.0464389400
   0.0010859100    0.0000589100   -0.0464886100
   0.0015308200    0.0001366300   -0.0468580700
   0.0009427100   -0.0000071600   -0.0468414800
   0.0011524300   -0.0001347900   -0.0469555300
  -0.0019305000    0.0000201700    0.0504768000
  -0.0011730400   -0.0002778200    0.0469080900
  -0.0014554200   -0.0001404800    0.0468170000
  -0.0010769700   -0.0001576800    0.0467807600
  -0.0020649500   -0.0006476100    0.0454031700
  -0.0016478100    0.0009882200    0.0451930100
  -0.0017175900    0.0001796000    0.0461721200
  -0.0010400200    0.0000716600    0.0467441800
  -0.0015378000   -0.0000441800    0.0467411900
  -0.0016640400   -0.0000003100    0.0465432900
  -0.0011441400   -0.0001112500    0.0466907200
  -0.0011536000   -0.0003917500    0.0469353800
  -0.0012312600    0.0003566100    0.0466221000
  -0.0010918400    0.0000848500    0.0467369400
  -0.0015757300   -0.0000918400    0.0467110800
  -0.0014956500   -0.0002446800    0.0467602300
  -0.0012125700   -0.0001493100    0.0467216500
  -0.0012695900   -0.0004133300    0.0467136800
  -0.0013292500    0.0003591500    0.0468174600
  -0.0010770300   -0.0002851400    0.0466864800
  -0.0012048400   -0.0004000100    0.0468323000
  -0.0015415000   -0.0002668100    0.0467487600
  -0.0011634700   -0.0004126800    0.0467665200
  -0.0010821200   -0.0004702900    0.0468524900
  -0.0012098600   -0.0014786300    0.0461018900
   0.0167914600    0.0340432900   -0.0388456500
   0.0029542600   -0.0014571100   -0.0360680200
   0.0040074400   -0.0005984000   -0.0366587900
   0.0040522100   -0.0005993700   -0.0367090100
   0.0029942300   -0.0015207300   -0.0373587300
   0.0036166400   -0.0000618000   -0.0370272400
   0.0040701200   -0.0021158400   -0.0358531500
   0.0040089100   -0.0006370500   -0.0365748700
   0.0039662500   -0.0005796400   -0.0366625300
   0.0042134500   -0.0005834200   -0.0367135300
   0.0040751300   -0.0005635200   -0.0366878800
   0.0040739600   -0.0005964900   -0.0366429700
   0.0041317700    0.0002187500   -0.0366260400
   0.0041358200   -0.0005068400   -0.0366889200
   0.0039740000   -0.0005795300   -0.0366735300
   0.0040451200   -0.0005603700   -0.0366781300
   0.0039785100   -0.0005812000   -0.0367021200
   0.0041572500   -0.0005010800   -0.0366781700
   0.0041803500    0.0001499400   -0.0367178600
   0.0040568500   -0.0005883200   -0.0367070300
   0.0036017900   -0.0001021200   -0.0363266800
   0.0041528200   -0.0005761400   -0.0366493600
   0.0039766300   -0.0005668800   -0.0367129600
   0.0040649100   -0.0006230900   -0.0367992600
   0.0043799500   -0.0027416100   -0.0374940100
  -0.0041607800    0.0003269800    0.0372175000
  -0.0039852600    0.0006610400    0.0367237700
  -0.0039396800    0.0006163000    0.0366997400
  -0.0040112400    0.0006397400    0.0366938900
  -0.0040414800    0.0007995700    0.0368082700
  -0.0039948200    0.0004348100    0.0363797300
  -0.0038376100    0.0010919500    0.0368152500
  -0.0041282100    0.0005965700    0.0367312600
  -0.0040091900    0.0005598700    0.0367011900
  -0.0040196700    0.0005505000    0.0366641500
  -0.0040706800    0.0004802100    0.0366512400
  -0.0043163000    0.0002697100    0.0366190600
  -0.0040918300    0.0004232600    0.0367416700
  -0.0040933800    0.0004803500    0.0366909500
  -0.0039474200    0.0005207100    0.0366695300
  -0.0040217700    0.0005698400    0.0366692100
  -0.0040726500    0.0005698200    0.0366789600
  -0.0040629400    0.0006678300    0.0366299500
  -0.0040854200    0.0003386000    0.0366518400
  -0.0040636200    0.0005474100    0.0366456300
  -0.0041008200    0.0006538700    0.0366621500
  -0.0039397400    0.0006357800    0.0366842600
  -0.0040883800    0.0006601700    0.0366728100
  -0.0040058400    0.0007378600    0.0366737600
  -0.0039394200    0.0007159100    0.0364650700

51   
 -0.0091396005886348   0.0040580415325902   0.0000000000000000
  -0.0010256900    0.0166785700   -0.0334910400
  -0.0008005600    0.0003612500   -0.0478238400
   0.0010856700    0.0002575200   -0.0464881400
   0.0013748700    0.0002653100   -0.0467497600
   0.0008682300   -0.0000681700   -0.0471414500
   0.0013888800    0.0003538600   -0.0456065900
   0.0002554600    0.0127500800   -0.0574852100
   0.0011456600    0.0000322100   -0.0464371800
   0.0014002800    0.0002900600   -0.0467531500
   0.0009807000    0.0002738700   -0.0470450500
   0.0009802400    0.0000019500   -0.0470240000
   0.0006472300    0.0004118500   -0.0469423200
   0.0011554800    0.0004512700   -0.0469547500
   0.0011276500    0.0001175400   -0.0465796400
   0.0016190500    0.0001572400   -0.0466960100
   0.0013259200    0.0000256100   -0.0468401500
   0.0013308600    0.0000706100   -0.0467788300
   0.0009439200    0.0003246300   -0.0468415400
   0.0012015200    0.0011447900   -0.0467370600
   0.0009982000    0.0004502500   -0.0466580100
   0.0009744700    0.0002987300   -0.0469093000
   0.0010604200    0.0000526500   -0.0465799900
   0.0015308900    0.0001741200   -0.0468579800
   0.0010584800    0.0002257600   -0.0467996600
   0.0011596800    0.0006653500   -0.0462600600
  -0.0019323200   -0.0003278400    0.0504763100
  -0.0012024300    0.0000853200    0.0468322600
  -0.0014952100   -0.0000673500    0.0467601400
  -0.0011448800   -0.0002044900    0.0466894500
  -0.0016592300   -0.0012987200    0.0451933700
  -0.0020606700    0.0003413900    0.0454024600
  -0.0011964100    0.0011633100    0.0461018800
  -0.0010759500   -0.0000320000    0.0466871600
  -0.0015769600   -0.0002191700    0.0467108900
  -0.0016657800   -0.0003086300    0.0465432400
  -0.0010770700   -0.0001595000    0.0467817400
  -0.0010796700    0.0001542600    0.0468522200
  -0.0013345700   -0.0006733600    0.0468178200
  -0.0010944200   -0.0004021400    0.0467370700
  -0.0015384400   -0.0002673400    0.0467414900
  -0.0014552400   -0.0001721000    0.0468168800
  -0.0011608000    0.0000967900    0.0467670000
  -0.0012667000    0.0000986400    0.0467139600
  -0.0012371200   -0.0006717300    0.0466220200
  -0.0010424400   -0.0003879100    0.0467436500
  -0.0011719400   -0.0000367800    0.0469077100
  -0.0015403800   -0.0000450600    0.0467485900
  -0.0012126100   -0.0001654300    0.0467211800
  -0.0011502700    0.0000767200    0.0469357200
  -0.0017205600   -0.0004888400    0.0461721700
   0.0164369200   -0.0353195600   -0.0388248600
   0.0035875100   -0.0010166300   -0.0363255200
   0.0040267600   -0.0005873200   -0.0366674800
   0.0040562600   -0.0005880500   -0.0366937200
   0.0035988800   -0.0010679700   -0.0370313200
   0.0030176500    0.0003979600   -0.0373545800
   0.0044092300    0.0016025700   -0.0374932700
   0.0040422600   -0.0005833800   -0.0367028500
   0.0039635300   -0.0005978800   -0.0366689700
   0.0042134100   -0.0005772400   -0.0367136100
   0.0040710700   -0.0005523900   -0.0367032200
   0.0040811600   -0.0005432400   -0.0367909500
   0.0041767300   -0.0013566500   -0.0367174400
   0.0041347400   -0.0007022600   -0.0366889000
   0.0039764100   -0.0005979100   -0.0366672200
   0.0040257900   -0.0005493200   -0.0366694700
   0.0039872700   -0.0005993700   -0.0367125300
   0.0041561700   -0.0006963900   -0.0366782400
   0.0041192400   -0.0014248900   -0.0366265400
   0.0040237600   -0.0005336900   -0.0365790400
   0.0029740300    0.0003456600   -0.0360695500
   0.0041527700   -0.0005685000   -0.0366493500
   0.0039674600   -0.0005848500   -0.0367025200
   0.0040578900   -0.0005703800   -0.0366514600
   0.0040784400    0.0009802200   -0.0358541300
  -0.0038471800    0.0000168800    0.0368140300
  -0.0039863600    0.0004577100    0.0367237200
  -0.0039282600    0.0005140300    0.0366849300
  -0.0040532000    0.0006016500    0.0366676600
  -0.0042978300    0.0008794000    0.0366146500
  -0.0039937100    0.0006722300    0.0363799400
  -0.0041547200    0.0007853300    0.0372186200
  -0.0040844500    0.0004977800    0.0366714000
  -0.0040013300    0.0005972200    0.0366756400
  -0.0040583500    0.0006589400    0.0366461800
  -0.0040309300    0.0005885200    0.0366690700
  -0.0040592100    0.0003466100    0.0368127000
  -0.0039340700    0.0004654000    0.0364668700
  -0.0040513400    0.0006406200    0.0366495000
  -0.0039468900    0.0006383000    0.0366695100
  -0.0040294100    0.0006073800    0.0366947100
  -0.0040313100    0.0005317100    0.0367052000
  -0.0040160700    0.0004604300    0.0366743000
  -0.0040827500    0.0008724600    0.0366519300
  -0.0041042800    0.0007077800    0.0366872200
  -0.0041456400    0.0005552700    0.0367219300
  -0.0039523600    0.0005336900    0.0366990800
  -0.0040892000    0.0005165800    0.0366728600
  -0.0040551200    0.0005310200    0.0366293900
  -0.0040967600    0.0007595400    0.0367400100

51   
  0.0091396005886348  -0.0040580415325902   0.0000000000000000
   0.0032518500   -0.0164214300   -0.0601494200
   0.0031879500   -0.0000547400   -0.0456975500
   0.0013836300    0.0000593500   -0.0470780300
   0.0010850600    0.0000517700   -0.0468172600
   0.0015859800    0.0003734400   -0.0464237600
   0.0011592900   -0.0000270900   -0.0479106100
   0.0024111500   -0.0124833800   -0.0360385200
   0.0013219300    0.0002949500   -0.0471257800
   0.0010633400    0.0000239700   -0.0468127600
   0.0014731500    0.0000399600   -0.0465225000
   0.0014727500    0.0003151400   -0.0465428800
   0.0017895300   -0.0000807000   -0.0466276800
   0.0013138900   -0.0001277200   -0.0466219600
   0.0013318800    0.0001981200   -0.0469855100
   0.0008437400    0.0001579300   -0.0468728500
   0.0011349800    0.0002904300   -0.0467270200
   0.0011309700    0.0002423600   -0.0467890700
   0.0015159000   -0.0000081300   -0.0467248800
   0.0012596900   -0.0008297400   -0.0468353400
   0.0014637000   -0.0001385800   -0.0469097900
   0.0015012400   -0.0000072200   -0.0466643300
   0.0014112900    0.0002598400   -0.0469858100
   0.0009284200    0.0001399400   -0.0467105900
   0.0014042800    0.0000898100   -0.0467676500
   0.0012982100   -0.0003526000   -0.0473224900
  -0.0005422100    0.0000074600    0.0431075800
  -0.0012636400   -0.0003963700    0.0467351800
  -0.0009650600   -0.0002454400    0.0468079400
  -0.0013175400   -0.0001131700    0.0468780000
  -0.0007949600    0.0009792600    0.0483683300
  -0.0004010700   -0.0006345700    0.0481436500
  -0.0012660300   -0.0014671200    0.0474597600
  -0.0013837300   -0.0002818300    0.0468810100
  -0.0008890100   -0.0000970600    0.0468571400
  -0.0007916800   -0.0000060600    0.0470217400
  -0.0013858900   -0.0001497100    0.0467836300
  -0.0013829500   -0.0004788000    0.0467169100
  -0.0011212200    0.0003612500    0.0467474600
  -0.0013672600    0.0000858300    0.0468303600
  -0.0009288200   -0.0000458200    0.0468265700
  -0.0010048800   -0.0001454000    0.0467499900
  -0.0012977700   -0.0004117600    0.0467992400
  -0.0011933600   -0.0004184000    0.0468511400
  -0.0012193800    0.0003474600    0.0469420900
  -0.0014180800    0.0000725200    0.0468245100
  -0.0012941800   -0.0002819900    0.0466584800
  -0.0009205100   -0.0002694700    0.0468205700
  -0.0012453900   -0.0001516200    0.0468450600
  -0.0013132600   -0.0003951700    0.0466276800
  -0.0007351100    0.0001722400    0.0473954100
  -0.0083303200    0.0342975000   -0.0345253800
   0.0044188400   -0.0001326500   -0.0370064400
   0.0039556500   -0.0005878300   -0.0366804400
   0.0039997200   -0.0005557100   -0.0366791100
   0.0044914600   -0.0000460700   -0.0363149500
   0.0050618300   -0.0015376400   -0.0359955000
   0.0036786100   -0.0028273200   -0.0358222900
   0.0039628300   -0.0006518200   -0.0366318000
   0.0040560600   -0.0006005700   -0.0367008900
   0.0038854600   -0.0005825700   -0.0366496900
   0.0040238400   -0.0006066000   -0.0366579500
   0.0040271800   -0.0006709600   -0.0365581100
   0.0038894500    0.0001025600   -0.0366085800
   0.0038986500   -0.0005058600   -0.0366543500
   0.0040638800   -0.0005600900   -0.0367117000
   0.0039931500   -0.0005706600   -0.0366998600
   0.0040685700   -0.0005754400   -0.0366605900
   0.0039200800   -0.0004999700   -0.0366886300
   0.0039364100    0.0002695200   -0.0367007000
   0.0040094300   -0.0005720800   -0.0367637100
   0.0050794100   -0.0014520000   -0.0372720300
   0.0038248400   -0.0005737700   -0.0367005400
   0.0040662600   -0.0005734000   -0.0366715000
   0.0040181900   -0.0005493300   -0.0367148400
   0.0039809000   -0.0020238600   -0.0374652200
  -0.0042193600    0.0010460000    0.0365122600
  -0.0040917600    0.0006610100    0.0366430500
  -0.0041059000    0.0006441100    0.0366891200
  -0.0039281300    0.0005424600    0.0366796500
  -0.0037021100    0.0002029700    0.0367190100
  -0.0040390000    0.0004349800    0.0369693900
  -0.0039043700    0.0003735000    0.0361149000
  -0.0039919700    0.0006981200    0.0366953600
  -0.0040530400    0.0005779700    0.0366973100
  -0.0039592000    0.0004606700    0.0367230000
  -0.0040084000    0.0005691100    0.0367098600
  -0.0039764200    0.0008580600    0.0365268600
  -0.0041320500    0.0007842000    0.0368632800
  -0.0040567000    0.0005743100    0.0366996700
  -0.0041446700    0.0005217700    0.0366913700
  -0.0040653600    0.0005521500    0.0366654400
  -0.0039906200    0.0006659400    0.0366651100
  -0.0039873400    0.0007790900    0.0366595300
  -0.0039971700    0.0003397800    0.0366739500
  -0.0040283800    0.0004536500    0.0366542800
  -0.0039649800    0.0005512100    0.0366259200
  -0.0041056200    0.0006094000    0.0366736200
  -0.0038936400    0.0006596400    0.0366746100
  -0.0039314700    0.0006303200    0.0367042500
  -0.0039835700    0.0003543000    0.0365886100

51   
  0.0000000000000000   0.0000000000000000   0.0100000000000000
   0.0007764000    0.0251304100   -0.0095816000
  -0.0012869700    0.0001709200   -0.0457815300
   0.0011961200    0.0002036200   -0.0467201800
   0.0012481800    0.0001663500   -0.0467586700
   0.0011829100    0.0001860200   -0.0464714900
   0.0031231500    0.0001472300   -0.0454073600
   0.0005186900   -0.0248340400   -0.0095580700
   0.0011922800    0.0002433600   -0.0465244600
   0.0012094900    0.0001349300   -0.0467570400
   0.0013081200    0.0001138600   -0.0466878500
   0.0013084600    0.0002003200   -0.0466880000
   0.0011827100    0.0001295000   -0.0464712000
   0.0013818000   -0.0005594000   -0.0473928700
   0.0013972100    0.0002473100   -0.0467131700
   0.0011401400    0.0001580500   -0.0467955500
   0.0012097900    0.0001801700   -0.0467574000
   0.0012479900    0.0001484100   -0.0467585600
   0.0010761600    0.0002007400   -0.0467295000
   0.0012802300    0.0001570200   -0.0470935400
   0.0013960600    0.0000660700   -0.0467134900
   0.0011907200    0.0000720300   -0.0465250700
   0.0011958100    0.0001116800   -0.0467204600
   0.0013048400    0.0001568800   -0.0468237500
   0.0010757700    0.0001155400   -0.0467295700
   0.0013892900    0.0008729500   -0.0473934300
  -0.0016728100   -0.0001544500    0.0513041100
  -0.0011477800   -0.0000698300    0.0467147600
  -0.0012089800   -0.0000934500    0.0467843300
  -0.0013186600   -0.0001475700    0.0467250100
  -0.0018689700   -0.0004112500    0.0476681200
  -0.0018667700    0.0001031300    0.0476679400
  -0.0008369500    0.0013685200    0.0462950400
  -0.0012297200   -0.0000387600    0.0468036900
  -0.0012508400   -0.0001527200    0.0467679900
  -0.0012610600   -0.0001569700    0.0466432300
  -0.0013187900   -0.0001663800    0.0467254200
  -0.0011156600   -0.0005473800    0.0467078900
  -0.0011996500    0.0001824500    0.0467560400
  -0.0012452800   -0.0001575000    0.0467861800
  -0.0012509200   -0.0001616200    0.0467680200
  -0.0012096300   -0.0002217000    0.0467843900
  -0.0012487500   -0.0002055600    0.0467815700
  -0.0011049300   -0.0001582700    0.0468580800
  -0.0012032400   -0.0004982600    0.0467559700
  -0.0012305900   -0.0002761200    0.0468034300
  -0.0011485800   -0.0002456900    0.0467149100
  -0.0012239600   -0.0001577800    0.0467938400
  -0.0012480700   -0.0001094900    0.0467814600
  -0.0011115300    0.0002313100    0.0467076200
  -0.0008534500   -0.0016862000    0.0462948700
   0.0063494200   -0.0005451500   -0.1173584600
   0.0045588700   -0.0001827300   -0.0370671500
   0.0040073300   -0.0005688600   -0.0367001800
   0.0040164300   -0.0005824900   -0.0367126700
   0.0035414100   -0.0008755100   -0.0370746700
   0.0035566700   -0.0002528100   -0.0370706700
   0.0040658600    0.0014180100   -0.0369127000
   0.0040485600   -0.0004343500   -0.0367827500
   0.0040329200   -0.0005863300   -0.0367047500
   0.0040194400   -0.0005793600   -0.0367616500
   0.0040355000   -0.0005689200   -0.0367068400
   0.0040242800   -0.0004477600   -0.0367900500
   0.0040423000   -0.0005107800   -0.0367021000
   0.0040107500   -0.0006040000   -0.0367139400
   0.0040432700   -0.0005920200   -0.0367094000
   0.0040258100   -0.0005788800   -0.0367108600
   0.0040065200   -0.0005796900   -0.0367064900
   0.0040570300   -0.0005981900   -0.0367258300
   0.0040373000   -0.0006938300   -0.0367026200
   0.0040616500   -0.0007377000   -0.0367870200
   0.0045622300   -0.0009449400   -0.0370672200
   0.0040256600   -0.0005717800   -0.0367550600
   0.0039954900   -0.0005869300   -0.0367068600
   0.0040069300   -0.0007185400   -0.0367987000
   0.0040386200   -0.0025558700   -0.0369145400
  -0.0044175000    0.0000333500    0.0373809300
  -0.0040822500    0.0005598400    0.0366175500
  -0.0040223300    0.0005607400    0.0366892800
  -0.0039982500    0.0005392800    0.0366826800
  -0.0040540600    0.0002999400    0.0365712700
  -0.0036929800    0.0005520200    0.0375363300
  -0.0044083000    0.0010812700    0.0373821800
  -0.0040579700    0.0005235900    0.0366715800
  -0.0040297200    0.0005560400    0.0366811000
  -0.0039778300    0.0005372100    0.0366482500
  -0.0039885500    0.0006009900    0.0366531900
  -0.0040667500    0.0008464000    0.0365757200
  -0.0039680000    0.0002847500    0.0366676000
  -0.0040501500    0.0005555900    0.0366652300
  -0.0040354500    0.0005798600    0.0366705600
  -0.0040496800    0.0006111500    0.0366745800
  -0.0040174600    0.0006316200    0.0366939800
  -0.0039852000    0.0006736800    0.0366788600
  -0.0040272700    0.0006051700    0.0366237400
  -0.0040617900    0.0006320800    0.0366613200
  -0.0040747300    0.0006275400    0.0366622900
  -0.0040338900    0.0005900200    0.0366885700
  -0.0039903600    0.0005878700    0.0366821900
  -0.0039771700    0.0005240800    0.0366783200
  -0.0039723600    0.0008969800    0.0366657600

51   
  0.0000000000000000   0.0000000000000000  -0.0100000000000000
   0.0017295400   -0.0260708200   -0.0846483700
   0.0037639500    0.0001436700   -0.0477841200
   0.0012644100    0.0001112400   -0.0468452100
   0.0012138100    0.0001491800   -0.0468087300
   0.0012792200    0.0001329900   -0.0470974500
  -0.0006782600    0.0001679400   -0.0481604500
   0.0020000800    0.0264043900   -0.0846718000
   0.0012673600    0.0000698000   -0.0470433700
   0.0012518400    0.0001804300   -0.0468095900
   0.0011551600    0.0002017200   -0.0468789600
   0.0011549200    0.0001144400   -0.0468788400
   0.0012786900    0.0001813900   -0.0470971100
   0.0010783500    0.0008708800   -0.0461777300
   0.0010614000    0.0000673900   -0.0468537900
   0.0013209400    0.0001572300   -0.0467714800
   0.0012515100    0.0001343400   -0.0468099700
   0.0012139400    0.0001659500   -0.0468087500
   0.0013856000    0.0001130500   -0.0468374600
   0.0011798500    0.0001579700   -0.0464694800
   0.0010627400    0.0002494000   -0.0468540100
   0.0012689500    0.0002448000   -0.0470437200
   0.0012648600    0.0002031200   -0.0468452300
   0.0011574000    0.0001576500   -0.0467430800
   0.0013864900    0.0002004700   -0.0468374600
   0.0010709300   -0.0005542200   -0.0461779500
  -0.0007670100   -0.0001605200    0.0422414500
  -0.0013131500   -0.0002458300    0.0468513200
  -0.0012530700   -0.0002214900    0.0467818200
  -0.0011421400   -0.0001674100    0.0468398800
  -0.0005976300    0.0000733000    0.0458816300
  -0.0005997700   -0.0003945600    0.0458823700
  -0.0016294600   -0.0016923000    0.0472724200
  -0.0012308600   -0.0002777900    0.0467631000
  -0.0012105100   -0.0001615800    0.0467982200
  -0.0012017500   -0.0001575400    0.0469228500
  -0.0011419900   -0.0001483400    0.0468402400
  -0.0013452400    0.0002314900    0.0468551000
  -0.0012586900   -0.0004955800    0.0468082700
  -0.0012143700   -0.0001571400    0.0467796800
  -0.0012105700   -0.0001532500    0.0467982200
  -0.0012524200   -0.0000930800    0.0467816900
  -0.0012130000   -0.0001085200    0.0467832700
  -0.0013541800   -0.0001568800    0.0467063900
  -0.0012550000    0.0001813900    0.0468077000
  -0.0012292400   -0.0000369900    0.0467627300
  -0.0013118200   -0.0000685600    0.0468510800
  -0.0012377000   -0.0001575400    0.0467721700
  -0.0012135700   -0.0002064200    0.0467830400
  -0.0013493600   -0.0005450400    0.0468544000
  -0.0016127400    0.0013806700    0.0472717800
   0.0016299600   -0.0005733600    0.0454742100
   0.0034211000   -0.0009798000   -0.0362686900
   0.0039745600   -0.0006066500   -0.0366482100
   0.0040402300   -0.0005608600   -0.0366607300
   0.0045739500   -0.0002280900   -0.0362761700
   0.0045804800   -0.0009102100   -0.0362731900
   0.0040126500   -0.0026721700   -0.0364005100
   0.0039544100   -0.0008025400   -0.0365516300
   0.0039875200   -0.0006121800   -0.0366658200
   0.0040753100   -0.0005796700   -0.0365992700
   0.0040590700   -0.0005906400   -0.0366548500
   0.0040847800   -0.0007666600   -0.0365590600
   0.0040222700   -0.0007387400   -0.0366273500
   0.0040221900   -0.0006038500   -0.0366298500
   0.0039981200   -0.0005657300   -0.0366704200
   0.0039933300   -0.0005406000   -0.0366589200
   0.0040482200   -0.0005954300   -0.0366674900
   0.0040193200   -0.0005980400   -0.0366417400
   0.0040195700   -0.0004654100   -0.0366278700
   0.0039710100   -0.0003680500   -0.0365560200
   0.0034343700   -0.0001360000   -0.0362696900
   0.0039560100   -0.0005712100   -0.0365926800
   0.0040373900   -0.0005712900   -0.0366679200
   0.0040705100   -0.0004002900   -0.0365675800
   0.0040267800    0.0015353100   -0.0364023400
  -0.0036456100    0.0010281400    0.0359439100
  -0.0039941000    0.0005595200    0.0367475600
  -0.0040105100    0.0005976700    0.0366841100
  -0.0039824700    0.0006043800    0.0366638500
  -0.0039524000    0.0007861500    0.0367607700
  -0.0043365500    0.0005549700    0.0358101000
  -0.0036457400    0.0000786600    0.0359438600
  -0.0040178200    0.0006729900    0.0366945000
  -0.0040252000    0.0006195900    0.0366915000
  -0.0040416400    0.0005827900    0.0367199400
  -0.0040528900    0.0005565000    0.0367250200
  -0.0039702600    0.0003591600    0.0367651900
  -0.0040984600    0.0009677700    0.0366612200
  -0.0040591900    0.0006588200    0.0366833100
  -0.0040592400    0.0005800800    0.0366897800
  -0.0040457900    0.0005477200    0.0366850200
  -0.0040025200    0.0005664000    0.0366752500
  -0.0040185500    0.0005621500    0.0366544200
  -0.0040513900    0.0006051000    0.0367021900
  -0.0040716300    0.0005286800    0.0366793500
  -0.0040360600    0.0004780000    0.0366850500
  -0.0040224500    0.0005530100    0.0366834600
  -0.0039923000    0.0005877900    0.0366648700
  -0.0040093500    0.0006361000    0.0366538700
  -0.0041094300    0.0002151200    0.0366589700
