    2   45   10
  9.013  1.000
    1    1  0.0150  0.0000  0.0000
 -0.082416902802   0.000000000000  -0.000014729128
 -0.005986891139   0.000001620737  -0.000021195673
 -0.005986891139  -0.000001620737  -0.000021195673
  0.038903962292   0.000000000000  -0.013075156371
 -0.001683461846  -0.000406284492   0.001826312206
 -0.001683461846   0.000406284492   0.001826312206
  0.038902571694   0.000000000000   0.013051126671
 -0.001693632148   0.000423241306  -0.001857325545
 -0.001693632148  -0.000423241306  -0.001857325545
  0.006248432536   0.001284854392  -0.003496054503
  0.001373054306   0.000000000000  -0.001423940906
  0.006248432536  -0.001284854392  -0.003496054503
  0.006281600324   0.000000492071  -0.000073254501
  0.000263694497   0.000000000000  -0.000073084430
  0.006281600324  -0.000000492071  -0.000073254501
  0.006252779803  -0.001284817370   0.003342085753
  0.001375654130   0.000000000000   0.001280913524
  0.006252779803   0.001284817370   0.003342085753
  0.000272897081   0.000485642953   0.001405007785
  0.000272897081  -0.000485642953   0.001405007785
  0.001747798548   0.000000000000   0.000739000767
  0.000269606920  -0.000488433916  -0.001383827840
  0.000269606920   0.000488433916  -0.001383827840
  0.001746715865   0.000000000000  -0.000716677449
 -0.000863378040   0.000000672757   0.000012374784
 -0.000863378040  -0.000000672757   0.000012374784
  0.000599725493   0.000000000000   0.000014793907
  0.001099905295  -0.000001149990   0.000071806540
  0.001099905295   0.000001149990   0.000071806540
 -0.008179929524   0.000000000000   0.000071594850
  0.001949155335   0.000212784403  -0.000904345288
  0.001949155335  -0.000212784403  -0.000904345288
 -0.008117834664   0.000000000000  -0.001811517505
  0.001922004147  -0.000178361977   0.001021191393
  0.001922004147   0.000178361977   0.001021191393
 -0.008100173649   0.000000000000   0.001949752720
 -0.001578601860   0.000090948555  -0.000066874854
  0.000976821169   0.000000000000   0.000462712074
 -0.001578601860  -0.000090948555  -0.000066874854
 -0.001008282610   0.000000131588   0.000013214540
  0.000134045239   0.000000000000   0.000013942691
 -0.001008282610  -0.000000131588   0.000013214540
 -0.001583285961  -0.000088962328   0.000095799786
  0.000993101737   0.000000000000  -0.000438560578
 -0.001583285961   0.000088962328   0.000095799786
    1    2  0.0000  0.0000  0.0150
  0.000000000000  -0.000000000000  -0.201362440536
  0.000000000000   0.013132358718  -0.004027936307
  0.000000000000  -0.013132358718  -0.004027936307
  0.013132358718  -0.000000000000  -0.004027936307
 -0.001863127561  -0.001863127561  -0.000774967997
 -0.001863127561   0.001863127561  -0.000774967997
 -0.013132358718  -0.000000000000  -0.004027936307
  0.001863127561  -0.001863127561  -0.000774967997
  0.001863127561   0.001863127561  -0.000774967997
 -0.009428697360  -0.009428697360   0.013138153411
 -0.000736489181  -0.000000000000   0.001441822333
 -0.009428697360   0.009428697360   0.013138153411
  0.000000000000  -0.000736489181   0.001441822333
  0.000000000000  -0.000000000000   0.001474227801
  0.000000000000   0.000736489181   0.001441822333
  0.009428697360  -0.009428697360   0.013138153411
  0.000736489181  -0.000000000000   0.001441822333
  0.009428697360   0.009428697360   0.013138153411
 -0.000382689659  -0.000382689659  -0.002314824256
 -0.000382689659   0.000382689659  -0.002314824256
 -0.000896292772  -0.000000000000   0.002417001049
  0.000382689659  -0.000382689659  -0.002314824256
  0.000382689659   0.000382689659  -0.002314824256
  0.000896292772  -0.000000000000   0.002417001049
  0.000000000000  -0.000896292772   0.002417001049
  0.000000000000   0.000896292772   0.002417001049
  0.000000000000  -0.000000000000   0.000896938910
  0.000000000000  -0.000062705903  -0.001503879033
  0.000000000000   0.000062705903  -0.001503879033
  0.000000000000  -0.000000000000   0.157163558403
  0.001022729357   0.001022729357   0.001314933817
  0.001022729357  -0.001022729357   0.001314933817
 -0.000062705903  -0.000000000000  -0.001503879033
 -0.001022729357   0.001022729357   0.001314933817
 -0.001022729357  -0.001022729357   0.001314933817
  0.000062705903  -0.000000000000  -0.001503879033
  0.000241042548   0.000241042548   0.000852796898
  0.001124930928  -0.000000000000  -0.000478831199
  0.000241042548  -0.000241042548   0.000852796898
  0.000000000000   0.001124930928  -0.000478831199
  0.000000000000  -0.000000000000   0.001570640558
  0.000000000000  -0.001124930928  -0.000478831199
 -0.000241042548   0.000241042548   0.000852796898
 -0.001124930928  -0.000000000000  -0.000478831199
 -0.000241042548  -0.000241042548   0.000852796898
   10    1  0.0150  0.0000  0.0000
  0.006230317611   0.001222196019  -0.009372954460
  0.006230317611  -0.001222196019  -0.009372954460
  0.001383556139   0.000000000000  -0.000741129765
  0.006229550144  -0.001223048762   0.009379571387
  0.006229550144   0.001223048762   0.009379571387
  0.001377800075   0.000000000000   0.000740468051
  0.006365719600   0.000001596533  -0.000003347930
  0.006365719600  -0.000001596533  -0.000003347930
  0.000245349519   0.000000000000   0.000001402748
 -0.105715283520   0.000000000000  -0.000008116956
 -0.003897882020   0.000001007997  -0.000005373900
 -0.003897882020  -0.000001007997  -0.000005373900
  0.020993240894   0.000000000000  -0.002054731473
  0.001798712021   0.000500630012   0.001128173057
  0.001798712021  -0.000500630012   0.001128173057
  0.020995093906   0.000000000000   0.002043398677
  0.001801402852  -0.000504565778  -0.001140870047
  0.001801402852   0.000504565778  -0.001140870047
  0.004942938810  -0.002203685826  -0.003115421563
  0.002241674156   0.000000000000  -0.000858752669
  0.004942938810   0.002203685826  -0.003115421563
  0.006758103262   0.000000388676  -0.000000009565
  0.000366811050   0.000000000000  -0.000000345432
  0.006758103262  -0.000000388676  -0.000000009565
  0.004947476932   0.002198312007   0.003120384779
  0.002244148440   0.000000000000   0.000861139523
  0.004947476932  -0.002198312007   0.003120384779
  0.000694410973  -0.000490440719   0.000567605515
 -0.000062512652   0.000000000000  -0.000300089865
  0.000694410973   0.000490440719   0.000567605515
  0.000706092127   0.000492351356  -0.000568634297
 -0.000059916401   0.000000000000   0.000301103113
  0.000706092127  -0.000492351356  -0.000568634297
  0.000835931436   0.000000075014   0.000002832341
 -0.001118480267   0.000000000000   0.000002172039
  0.000835931436  -0.000000075014   0.000002832341
 -0.007094854444   0.000000000000   0.000003317809
 -0.001610173424  -0.000001967908   0.000002574488
 -0.001610173424   0.000001967908   0.000002574488
  0.001387134990   0.000000000000   0.000593309819
 -0.002547955833   0.000673917100   0.000201834336
 -0.002547955833  -0.000673917100   0.000201834336
  0.001398797267   0.000000000000  -0.000585238142
 -0.002545924066  -0.000671898561  -0.000195317880
 -0.002545924066   0.000671898561  -0.000195317880
   10    2  0.0000  0.0000  0.0150
 -0.003367449640  -0.003367449640   0.013055174100
 -0.003367449640   0.003367449640   0.013055174100
 -0.001379875636   0.000000000000   0.001391255512
  0.003367449640  -0.003367449640   0.013055174100
  0.003367449640   0.003367449640   0.013055174100
  0.001379875636   0.000000000000   0.001391255512
 -0.000000000000  -0.001379875636   0.001391255512
 -0.000000000000   0.001379875636   0.001391255512
 -0.000000000000   0.000000000000   0.001395326171
 -0.000000000000   0.000000000000  -0.128392303142
 -0.000000000000   0.002044915207   0.007299901808
 -0.000000000000  -0.002044915207   0.007299901808
  0.002044915207   0.000000000000   0.007299901808
 -0.001146801029  -0.001146801029  -0.002491955250
 -0.001146801029   0.001146801029  -0.002491955250
 -0.002044915207   0.000000000000   0.007299901808
  0.001146801029  -0.001146801029  -0.002491955250
  0.001146801029   0.001146801029  -0.002491955250
 -0.003382144871  -0.003382144871   0.008056811946
  0.001117152389   0.000000000000   0.001418789349
 -0.003382144871   0.003382144871   0.008056811946
 -0.000000000000   0.001117152389   0.001418789349
 -0.000000000000   0.000000000000   0.001396714135
 -0.000000000000  -0.001117152389   0.001418789349
  0.003382144871  -0.003382144871   0.008056811946
 -0.001117152389   0.000000000000   0.001418789349
  0.003382144871   0.003382144871   0.008056811946
 -0.000504049347   0.000504049347   0.002285172036
 -0.000143569494   0.000000000000  -0.000686031249
 -0.000504049347  -0.000504049347   0.002285172036
  0.000504049347   0.000504049347   0.002285172036
  0.000143569494   0.000000000000  -0.000686031249
  0.000504049347  -0.000504049347   0.002285172036
 -0.000000000000   0.000143569494  -0.000686031249
 -0.000000000000   0.000000000000  -0.000281405055
 -0.000000000000  -0.000143569494  -0.000686031249
 -0.000000000000   0.000000000000   0.006227317243
 -0.000000000000  -0.001690788479   0.000371855762
 -0.000000000000   0.001690788479   0.000371855762
 -0.001690788479   0.000000000000   0.000371855762
 -0.001163170456  -0.001163170456  -0.000787386352
 -0.001163170456   0.001163170456  -0.000787386352
  0.001690788479   0.000000000000   0.000371855762
  0.001163170456  -0.001163170456  -0.000787386352
  0.001163170456   0.001163170456  -0.000787386352
   19    1  0.0150  0.0000  0.0000
  0.000258905053   0.000567181283  -0.000335783009
  0.001737933090   0.000000000000  -0.000926571042
  0.000258905053  -0.000567181283  -0.000335783009
 -0.000831671266   0.000001769189   0.000002726047
  0.000580178332   0.000000000000  -0.000000441253
 -0.000831671266  -0.000001769189   0.000002726047
  0.000260471865  -0.000565914618   0.000335306703
  0.001736386005   0.000000000000   0.000931676723
  0.000260471865   0.000565914618   0.000335306703
  0.004944785965  -0.002204385649  -0.003359928411
  0.004944785965   0.002204385649  -0.003359928411
  0.002245477495   0.000000000000   0.001118251419
  0.004947147293   0.002203631209   0.003372652433
  0.004947147293  -0.002203631209   0.003372652433
  0.002246530885   0.000000000000  -0.001110340607
  0.006757257956  -0.000001363057   0.000005177519
  0.006757257956   0.000001363057   0.000005177519
  0.000366596144   0.000000000000   0.000003827204
 -0.060323459607   0.000000000000  -0.000003057102
 -0.007429287475   0.000002993425  -0.000000509250
 -0.007429287475  -0.000002993425  -0.000000509250
  0.031051059825   0.000000000000   0.009735825935
  0.004932467475   0.003496632606   0.005756004492
  0.004932467475  -0.003496632606   0.005756004492
  0.031048626303   0.000000000000  -0.009738228034
  0.004930788674  -0.003494394668  -0.005752523933
  0.004930788674   0.003494394668  -0.005752523933
  0.000337301390   0.000000000000   0.000958697729
  0.000254188095  -0.000492190267   0.000037525806
  0.000254188095   0.000492190267   0.000037525806
 -0.001372480212   0.000000000000  -0.000004485639
  0.000353845329   0.000000268193  -0.000003365794
  0.000353845329  -0.000000268193  -0.000003365794
  0.000333694005   0.000000000000  -0.000963684854
  0.000251201627   0.000489508711  -0.000044597193
  0.000251201627  -0.000489508711  -0.000044597193
 -0.008125155312  -0.008026827033   0.009212417224
 -0.008125155312   0.008026827033   0.009212417224
  0.001542536232   0.000000000000   0.000740216418
 -0.008123330864   0.008028058855  -0.009221281989
 -0.008123330864  -0.008028058855  -0.009221281989
  0.001541708651   0.000000000000  -0.000743675064
 -0.010793519667   0.000001930966  -0.000002034425
 -0.010793519667  -0.000001930966  -0.000002034425
  0.001751721964   0.000000000000  -0.000001584275
   19    2  0.0000  0.0000  0.0150
  0.001373792101   0.001373792101  -0.002322493073
  0.000672780214   0.000000000000   0.002423269741
  0.001373792101  -0.001373792101  -0.002322493073
 -0.000000000000   0.000672780214   0.002423269741
 -0.000000000000   0.000000000000   0.000913926035
 -0.000000000000  -0.000672780214   0.002423269741
 -0.001373792101   0.001373792101  -0.002322493073
 -0.000672780214   0.000000000000   0.002423269741
 -0.001373792101  -0.001373792101  -0.002322493073
 -0.003124697698  -0.003124697698   0.008063928249
 -0.003124697698   0.003124697698   0.008063928249
 -0.000855747408   0.000000000000   0.001467279836
  0.003124697698  -0.003124697698   0.008063928249
  0.003124697698   0.003124697698   0.008063928249
  0.000855747408   0.000000000000   0.001467279836
 -0.000000000000  -0.000855747408   0.001467279836
 -0.000000000000   0.000855747408   0.001467279836
 -0.000000000000   0.000000000000   0.001459423429
 -0.000000000000   0.000000000000  -0.041960872155
 -0.000000000000  -0.009726125365   0.000778904429
 -0.000000000000   0.009726125365   0.000778904429
 -0.009726125365   0.000000000000   0.000778904429
 -0.005747056403  -0.005747056403  -0.007759699000
 -0.005747056403   0.005747056403  -0.007759699000
  0.009726125365   0.000000000000   0.000778904429
  0.005747056403  -0.005747056403  -0.007759699000
  0.005747056403   0.005747056403  -0.007759699000
 -0.001174361113   0.000000000000  -0.000016694128
 -0.000333221188   0.000333221188   0.000362385579
 -0.000333221188  -0.000333221188   0.000362385579
 -0.000000000000   0.000000000000   0.000053311119
 -0.000000000000   0.001174361113  -0.000016694128
 -0.000000000000  -0.001174361113  -0.000016694128
  0.001174361113   0.000000000000  -0.000016694128
  0.000333221188   0.000333221188   0.000362385579
  0.000333221188  -0.000333221188   0.000362385579
 -0.005956393898  -0.005956393898   0.006322030883
 -0.005956393898   0.005956393898   0.006322030883
  0.000383034713   0.000000000000   0.000451724091
  0.005956393898  -0.005956393898   0.006322030883
  0.005956393898   0.005956393898   0.006322030883
 -0.000383034713   0.000000000000   0.000451724091
 -0.000000000000   0.000383034713   0.000451724091
 -0.000000000000  -0.000383034713   0.000451724091
 -0.000000000000   0.000000000000   0.000451665139
   28    1  0.0150  0.0000  0.0000
  0.001115724033   0.000009538147   0.000000307430
 -0.008160484533  -0.000000000000   0.000004724518
  0.001115724033  -0.000009538147   0.000000307430
  0.001896243661  -0.000094820275  -0.001009983627
 -0.008071739256  -0.000000000000  -0.000012428474
  0.001896243661   0.000094820275  -0.001009983627
  0.001891745473   0.000140636441   0.001019202716
 -0.008099615549  -0.000000000000   0.000019901964
  0.001891745473  -0.000140636441   0.001019202716
  0.000694055412  -0.000492228468  -0.000458668522
  0.000694055412   0.000492228468  -0.000458668522
 -0.000065383851  -0.000000000000  -0.000152454111
  0.000839020937  -0.000003734672   0.000023247923
  0.000839020937   0.000003734672   0.000023247923
 -0.001113608908  -0.000000000000  -0.000028803840
  0.000699979545   0.000486995603   0.000459185563
  0.000699979545  -0.000486995603   0.000459185563
 -0.000066817176  -0.000000000000   0.000101120424
  0.000350951022  -0.000000000000  -0.001239299683
  0.000260045921   0.000485418418  -0.000337649519
  0.000260045921  -0.000485418418  -0.000337649519
  0.000343686337  -0.000000000000   0.001177898933
  0.000262228611  -0.000489770580   0.000353285646
  0.000262228611   0.000489770580   0.000353285646
 -0.001390264049  -0.000000000000   0.000001978075
  0.000327744392   0.000004391901   0.000010785855
  0.000327744392  -0.000004391901   0.000010785855
  0.005579426026  -0.000000000000   0.000001146153
  0.002676425406   0.000002839966   0.000014944130
  0.002676425406  -0.000002839966   0.000014944130
  0.003100345596  -0.000000000000   0.006712327934
 -0.001805419602  -0.001811862262   0.001004232732
 -0.001805419602   0.001811862262   0.001004232732
  0.003126000276  -0.000000000000  -0.006726489460
 -0.001791255497   0.001815973411  -0.000983887894
 -0.001791255497  -0.001815973411  -0.000983887894
  0.000343142844  -0.000081827907  -0.000156704079
  0.000343142844   0.000081827907  -0.000156704079
 -0.000245063705  -0.000000000000   0.000282699998
  0.000193747688   0.000022243954  -0.000015221120
  0.000193747688  -0.000022243954  -0.000015221120
 -0.000877343795  -0.000000000000  -0.000001880977
  0.000319063370   0.000114098209   0.000142267936
  0.000319063370  -0.000114098209   0.000142267936
 -0.000255072823  -0.000000000000  -0.000271131793
   28    2  0.0000  0.0000  0.0150
 -0.000000000000  -0.001966294490  -0.001461408712
 -0.000000000000  -0.000000000000   0.157274390466
 -0.000000000000   0.001966294490  -0.001461408712
  0.000963110015  -0.000963110015   0.001409301653
  0.001966294490  -0.000000000000  -0.001461408712
  0.000963110015   0.000963110015   0.001409301653
 -0.000963110015  -0.000963110015   0.001409301653
 -0.001966294490  -0.000000000000  -0.001461408712
 -0.000963110015   0.000963110015   0.001409301653
  0.000631449747  -0.000631449747   0.002212190264
  0.000631449747   0.000631449747   0.002212190264
 -0.000324314120  -0.000000000000  -0.000665838915
 -0.000000000000   0.000324314120  -0.000665838915
 -0.000000000000  -0.000324314120  -0.000665838915
 -0.000000000000  -0.000000000000  -0.000281037541
 -0.000631449747  -0.000631449747   0.002212190264
 -0.000631449747   0.000631449747   0.002212190264
  0.000324314120  -0.000000000000  -0.000665838915
  0.000978593785  -0.000000000000   0.000023986343
  0.000055158162   0.000055158162   0.000402499559
  0.000055158162  -0.000055158162   0.000402499559
 -0.000978593785  -0.000000000000   0.000023986343
 -0.000055158162   0.000055158162   0.000402499559
 -0.000055158162  -0.000055158162   0.000402499559
 -0.000000000000  -0.000000000000   0.000055009163
 -0.000000000000   0.000978593785   0.000023986343
 -0.000000000000  -0.000978593785   0.000023986343
 -0.000000000000  -0.000000000000  -0.160325623103
 -0.000000000000  -0.006803262458   0.001535446158
 -0.000000000000   0.006803262458   0.001535446158
 -0.006803262458  -0.000000000000   0.001535446158
 -0.001007954823  -0.001007954823  -0.002815480479
 -0.001007954823   0.001007954823  -0.002815480479
  0.006803262458  -0.000000000000   0.001535446158
  0.001007954823  -0.001007954823  -0.002815480479
  0.001007954823   0.001007954823  -0.002815480479
  0.000058811402  -0.000058811402   0.000171745877
  0.000058811402   0.000058811402   0.000171745877
 -0.000398029418  -0.000000000000   0.000142576561
 -0.000000000000   0.000398029418   0.000142576561
 -0.000000000000  -0.000398029418   0.000142576561
 -0.000000000000  -0.000000000000  -0.000542812210
 -0.000058811402  -0.000058811402   0.000171745877
 -0.000058811402   0.000058811402   0.000171745877
  0.000398029418  -0.000000000000   0.000142576561
   37    1  0.0150  0.0000  0.0000
 -0.001563332225   0.000106870266   0.000213196933
 -0.001563332225  -0.000106870266   0.000213196933
  0.000977233729   0.000000000000   0.001114948918
 -0.001562858152  -0.000103850159  -0.000234410391
 -0.001562858152   0.000103850159  -0.000234410391
  0.000978637443   0.000000000000  -0.001139816883
 -0.000997295437   0.000000395441  -0.000010385827
 -0.000997295437  -0.000000395441  -0.000010385827
  0.000122023273   0.000000000000  -0.000007502774
 -0.007047333370   0.000000000000  -0.000054051575
 -0.001603929967   0.000000538162  -0.000056748517
 -0.001603929967  -0.000000538162  -0.000056748517
  0.001359629598   0.000000000000   0.001618639066
 -0.002538072818   0.000662853469   0.001128783140
 -0.002538072818  -0.000662853469   0.001128783140
  0.001357834460   0.000000000000  -0.001732644369
 -0.002538071520  -0.000663025701  -0.001241345120
 -0.002538071520   0.000663025701  -0.001241345120
 -0.008080960188  -0.008028312398  -0.005933736153
  0.001531182236   0.000000000000   0.000387201632
 -0.008080960188   0.008028312398  -0.005933736153
 -0.010852338425   0.000000180025   0.000009702689
  0.001765393315   0.000000000000   0.000008282503
 -0.010852338425  -0.000000180025   0.000009702689
 -0.008088267727   0.008032952261   0.005953830413
  0.001532993751   0.000000000000  -0.000370723220
 -0.008088267727  -0.008032952261   0.005953830413
  0.000325187628  -0.000101053076   0.000102558666
 -0.000247061468   0.000000000000  -0.000344783624
  0.000325187628   0.000101053076   0.000102558666
  0.000326182215   0.000100157135  -0.000005446518
 -0.000245765276   0.000000000000   0.000439612353
  0.000326182215  -0.000100157135  -0.000005446518
  0.000208854435  -0.000000386161   0.000046625173
 -0.000862521085   0.000000000000   0.000044456856
  0.000208854435   0.000000386161   0.000046625173
  0.009603561728   0.000000000000   0.000010330947
 -0.004198759998   0.000002408385   0.000011119331
 -0.004198759998  -0.000002408385   0.000011119331
  0.031451552392   0.000000000000   0.003319733474
  0.002146577160   0.001045713181   0.000436281501
  0.002146577160  -0.001045713181   0.000436281501
  0.031456616233   0.000000000000  -0.003300194225
  0.002150096538  -0.001046148374  -0.000416769861
  0.002150096538   0.001046148374  -0.000416769861
   37    2  0.0000  0.0000  0.0150
 -0.000087051948  -0.000087051948   0.000891052856
 -0.000087051948   0.000087051948   0.000891052856
  0.000455097151  -0.000000000000  -0.000490081845
  0.000087051948  -0.000087051948   0.000891052856
  0.000087051948   0.000087051948   0.000891052856
 -0.000455097151  -0.000000000000  -0.000490081845
 -0.000000000000   0.000455097151  -0.000490081845
 -0.000000000000  -0.000455097151  -0.000490081845
 -0.000000000000  -0.000000000000   0.001587552792
 -0.000000000000  -0.000000000000   0.006136599460
 -0.000000000000  -0.000585655320   0.000350942356
 -0.000000000000   0.000585655320   0.000350942356
 -0.000585655320  -0.000000000000   0.000350942356
 -0.000207785421  -0.000207785421  -0.000789534813
 -0.000207785421   0.000207785421  -0.000789534813
  0.000585655320  -0.000000000000   0.000350942356
  0.000207785421  -0.000207785421  -0.000789534813
  0.000207785421   0.000207785421  -0.000789534813
  0.009218917799   0.009218917799   0.006378094523
  0.000752515461  -0.000000000000   0.000472688482
  0.009218917799  -0.009218917799   0.006378094523
 -0.000000000000   0.000752515461   0.000472688482
 -0.000000000000  -0.000000000000   0.000441675845
 -0.000000000000  -0.000752515461   0.000472688482
 -0.009218917799   0.009218917799   0.006378094523
 -0.000752515461  -0.000000000000   0.000472688482
 -0.009218917799  -0.009218917799   0.006378094523
 -0.000140127503   0.000140127503   0.000145400436
  0.000277669427  -0.000000000000   0.000157181033
 -0.000140127503  -0.000140127503   0.000145400436
  0.000140127503   0.000140127503   0.000145400436
 -0.000277669427  -0.000000000000   0.000157181033
  0.000140127503  -0.000140127503   0.000145400436
 -0.000000000000  -0.000277669427   0.000157181033
 -0.000000000000  -0.000000000000  -0.000534233769
 -0.000000000000   0.000277669427   0.000157181033
 -0.000000000000  -0.000000000000  -0.032283765283
 -0.000000000000  -0.003302541134  -0.001038971587
 -0.000000000000   0.003302541134  -0.001038971587
 -0.003302541134  -0.000000000000  -0.001038971587
 -0.000411413945  -0.000411413945   0.000086271297
 -0.000411413945   0.000411413945   0.000086271297
  0.003302541134  -0.000000000000  -0.001038971587
  0.000411413945  -0.000411413945   0.000086271297
  0.000411413945   0.000411413945   0.000086271297
