Automatically generated mesh
     576
Reciprocal lattice
    0.00000000000000    0.00000000000000    0.00000000000000             1
    0.02127659574468    0.00000000000000    0.00000000000000             4
    0.04255319148936    0.00000000000000    0.00000000000000             4
    0.06382978723404    0.00000000000000    0.00000000000000             4
    0.08510638297872    0.00000000000000    0.00000000000000             4
    0.10638297872340    0.00000000000000    0.00000000000000             4
    0.12765957446808    0.00000000000000    0.00000000000000             4
    0.14893617021277    0.00000000000000    0.00000000000000             4
    0.17021276595745    0.00000000000000    0.00000000000000             4
    0.19148936170213    0.00000000000000    0.00000000000000             4
    0.21276595744681    0.00000000000000    0.00000000000000             4
    0.23404255319149    0.00000000000000    0.00000000000000             4
    0.25531914893618    0.00000000000000    0.00000000000000             4
    0.27659574468086    0.00000000000000    0.00000000000000             4
    0.29787234042554    0.00000000000000    0.00000000000000             4
    0.31914893617022    0.00000000000000    0.00000000000000             4
    0.34042553191490    0.00000000000000    0.00000000000000             4
    0.36170212765958    0.00000000000000    0.00000000000000             4
    0.38297872340426    0.00000000000000    0.00000000000000             4
    0.40425531914894    0.00000000000000    0.00000000000000             4
    0.42553191489362    0.00000000000000    0.00000000000000             4
    0.44680851063830    0.00000000000000    0.00000000000000             4
    0.46808510638298    0.00000000000000    0.00000000000000             4
    0.48936170212766    0.00000000000000    0.00000000000000             4
    0.00000000000000    0.02127659574468    0.00000000000000             2
    0.04255319148936    0.02127659574468    0.00000000000000             2
    0.06382978723404    0.02127659574468    0.00000000000000             4
    0.08510638297872    0.02127659574468    0.00000000000000             4
    0.10638297872340    0.02127659574468    0.00000000000000             4
    0.12765957446808    0.02127659574468    0.00000000000000             4
    0.14893617021277    0.02127659574468    0.00000000000000             4
    0.17021276595745    0.02127659574468    0.00000000000000             4
    0.19148936170213    0.02127659574468    0.00000000000000             4
    0.21276595744681    0.02127659574468    0.00000000000000             4
    0.23404255319149    0.02127659574468    0.00000000000000             4
    0.25531914893618    0.02127659574468    0.00000000000000             4
    0.27659574468086    0.02127659574468    0.00000000000000             4
    0.29787234042554    0.02127659574468    0.00000000000000             4
    0.31914893617022    0.02127659574468    0.00000000000000             4
    0.34042553191490    0.02127659574468    0.00000000000000             4
    0.36170212765958    0.02127659574468    0.00000000000000             4
    0.38297872340426    0.02127659574468    0.00000000000000             4
    0.40425531914894    0.02127659574468    0.00000000000000             4
    0.42553191489362    0.02127659574468    0.00000000000000             4
    0.44680851063830    0.02127659574468    0.00000000000000             4
    0.46808510638298    0.02127659574468    0.00000000000000             4
    0.48936170212766    0.02127659574468    0.00000000000000             4
   -0.48936170212766    0.02127659574468    0.00000000000000             4
   -0.46808510638298    0.02127659574468    0.00000000000000             4
   -0.44680851063830    0.02127659574468    0.00000000000000             4
   -0.42553191489362    0.02127659574468    0.00000000000000             4
   -0.40425531914894    0.02127659574468    0.00000000000000             4
   -0.38297872340426    0.02127659574468    0.00000000000000             4
   -0.36170212765958    0.02127659574468    0.00000000000000             4
   -0.34042553191489    0.02127659574468    0.00000000000000             4
   -0.31914893617021    0.02127659574468    0.00000000000000             4
   -0.29787234042553    0.02127659574468    0.00000000000000             4
   -0.27659574468085    0.02127659574468    0.00000000000000             4
   -0.25531914893617    0.02127659574468    0.00000000000000             4
   -0.23404255319148    0.02127659574468    0.00000000000000             4
   -0.21276595744680    0.02127659574468    0.00000000000000             4
   -0.19148936170212    0.02127659574468    0.00000000000000             4
   -0.17021276595744    0.02127659574468    0.00000000000000             4
   -0.14893617021276    0.02127659574468    0.00000000000000             4
   -0.12765957446808    0.02127659574468    0.00000000000000             4
   -0.10638297872340    0.02127659574468    0.00000000000000             4
   -0.08510638297872    0.02127659574468    0.00000000000000             4
   -0.06382978723404    0.02127659574468    0.00000000000000             4
   -0.04255319148936    0.02127659574468    0.00000000000000             4
   -0.02127659574468    0.02127659574468    0.00000000000000             4
    0.00000000000000    0.04255319148936    0.00000000000000             2
    0.08510638297872    0.04255319148936    0.00000000000000             2
    0.10638297872340    0.04255319148936    0.00000000000000             4
    0.12765957446808    0.04255319148936    0.00000000000000             4
    0.14893617021277    0.04255319148936    0.00000000000000             4
    0.17021276595745    0.04255319148936    0.00000000000000             4
    0.19148936170213    0.04255319148936    0.00000000000000             4
    0.21276595744681    0.04255319148936    0.00000000000000             4
    0.23404255319149    0.04255319148936    0.00000000000000             4
    0.25531914893618    0.04255319148936    0.00000000000000             4
    0.27659574468086    0.04255319148936    0.00000000000000             4
    0.29787234042554    0.04255319148936    0.00000000000000             4
    0.31914893617022    0.04255319148936    0.00000000000000             4
    0.34042553191490    0.04255319148936    0.00000000000000             4
    0.36170212765958    0.04255319148936    0.00000000000000             4
    0.38297872340426    0.04255319148936    0.00000000000000             4
    0.40425531914894    0.04255319148936    0.00000000000000             4
    0.42553191489362    0.04255319148936    0.00000000000000             4
    0.44680851063830    0.04255319148936    0.00000000000000             4
    0.46808510638298    0.04255319148936    0.00000000000000             4
    0.48936170212766    0.04255319148936    0.00000000000000             4
   -0.48936170212766    0.04255319148936    0.00000000000000             4
   -0.46808510638298    0.04255319148936    0.00000000000000             4
   -0.44680851063830    0.04255319148936    0.00000000000000             4
   -0.42553191489362    0.04255319148936    0.00000000000000             4
   -0.40425531914894    0.04255319148936    0.00000000000000             4
   -0.38297872340426    0.04255319148936    0.00000000000000             4
   -0.36170212765958    0.04255319148936    0.00000000000000             4
   -0.34042553191489    0.04255319148936    0.00000000000000             4
   -0.31914893617021    0.04255319148936    0.00000000000000             4
   -0.29787234042553    0.04255319148936    0.00000000000000             4
   -0.27659574468085    0.04255319148936    0.00000000000000             4
   -0.25531914893617    0.04255319148936    0.00000000000000             4
   -0.23404255319148    0.04255319148936    0.00000000000000             4
   -0.21276595744680    0.04255319148936    0.00000000000000             4
   -0.19148936170212    0.04255319148936    0.00000000000000             4
   -0.17021276595744    0.04255319148936    0.00000000000000             4
   -0.14893617021276    0.04255319148936    0.00000000000000             4
   -0.12765957446808    0.04255319148936    0.00000000000000             4
   -0.10638297872340    0.04255319148936    0.00000000000000             4
   -0.08510638297872    0.04255319148936    0.00000000000000             4
   -0.06382978723404    0.04255319148936    0.00000000000000             4
   -0.04255319148936    0.04255319148936    0.00000000000000             4
   -0.02127659574468    0.04255319148936    0.00000000000000             4
    0.00000000000000    0.06382978723404    0.00000000000000             2
    0.12765957446808    0.06382978723404    0.00000000000000             2
    0.14893617021277    0.06382978723404    0.00000000000000             4
    0.17021276595745    0.06382978723404    0.00000000000000             4
    0.19148936170213    0.06382978723404    0.00000000000000             4
    0.21276595744681    0.06382978723404    0.00000000000000             4
    0.23404255319149    0.06382978723404    0.00000000000000             4
    0.25531914893618    0.06382978723404    0.00000000000000             4
    0.27659574468086    0.06382978723404    0.00000000000000             4
    0.29787234042554    0.06382978723404    0.00000000000000             4
    0.31914893617022    0.06382978723404    0.00000000000000             4
    0.34042553191490    0.06382978723404    0.00000000000000             4
    0.36170212765958    0.06382978723404    0.00000000000000             4
    0.38297872340426    0.06382978723404    0.00000000000000             4
    0.40425531914894    0.06382978723404    0.00000000000000             4
    0.42553191489362    0.06382978723404    0.00000000000000             4
    0.44680851063830    0.06382978723404    0.00000000000000             4
    0.46808510638298    0.06382978723404    0.00000000000000             4
    0.48936170212766    0.06382978723404    0.00000000000000             4
   -0.48936170212766    0.06382978723404    0.00000000000000             4
   -0.46808510638298    0.06382978723404    0.00000000000000             4
   -0.44680851063830    0.06382978723404    0.00000000000000             4
   -0.42553191489362    0.06382978723404    0.00000000000000             4
   -0.40425531914894    0.06382978723404    0.00000000000000             4
   -0.38297872340426    0.06382978723404    0.00000000000000             4
   -0.36170212765958    0.06382978723404    0.00000000000000             4
   -0.34042553191489    0.06382978723404    0.00000000000000             4
   -0.31914893617021    0.06382978723404    0.00000000000000             4
   -0.29787234042553    0.06382978723404    0.00000000000000             4
   -0.27659574468085    0.06382978723404    0.00000000000000             4
   -0.25531914893617    0.06382978723404    0.00000000000000             4
   -0.23404255319148    0.06382978723404    0.00000000000000             4
   -0.21276595744680    0.06382978723404    0.00000000000000             4
   -0.19148936170212    0.06382978723404    0.00000000000000             4
   -0.17021276595744    0.06382978723404    0.00000000000000             4
   -0.14893617021276    0.06382978723404    0.00000000000000             4
   -0.12765957446808    0.06382978723404    0.00000000000000             4
   -0.10638297872340    0.06382978723404    0.00000000000000             4
   -0.08510638297872    0.06382978723404    0.00000000000000             4
   -0.06382978723404    0.06382978723404    0.00000000000000             4
   -0.04255319148936    0.06382978723404    0.00000000000000             4
   -0.02127659574468    0.06382978723404    0.00000000000000             4
    0.00000000000000    0.08510638297872    0.00000000000000             2
    0.17021276595745    0.08510638297872    0.00000000000000             2
    0.19148936170213    0.08510638297872    0.00000000000000             4
    0.21276595744681    0.08510638297872    0.00000000000000             4
    0.23404255319149    0.08510638297872    0.00000000000000             4
    0.25531914893618    0.08510638297872    0.00000000000000             4
    0.27659574468086    0.08510638297872    0.00000000000000             4
    0.29787234042554    0.08510638297872    0.00000000000000             4
    0.31914893617022    0.08510638297872    0.00000000000000             4
    0.34042553191490    0.08510638297872    0.00000000000000             4
    0.36170212765958    0.08510638297872    0.00000000000000             4
    0.38297872340426    0.08510638297872    0.00000000000000             4
    0.40425531914894    0.08510638297872    0.00000000000000             4
    0.42553191489362    0.08510638297872    0.00000000000000             4
    0.44680851063830    0.08510638297872    0.00000000000000             4
    0.46808510638298    0.08510638297872    0.00000000000000             4
    0.48936170212766    0.08510638297872    0.00000000000000             4
   -0.48936170212766    0.08510638297872    0.00000000000000             4
   -0.46808510638298    0.08510638297872    0.00000000000000             4
   -0.44680851063830    0.08510638297872    0.00000000000000             4
   -0.42553191489362    0.08510638297872    0.00000000000000             4
   -0.40425531914894    0.08510638297872    0.00000000000000             4
   -0.38297872340426    0.08510638297872    0.00000000000000             4
   -0.36170212765958    0.08510638297872    0.00000000000000             4
   -0.34042553191489    0.08510638297872    0.00000000000000             4
   -0.31914893617021    0.08510638297872    0.00000000000000             4
   -0.29787234042553    0.08510638297872    0.00000000000000             4
   -0.27659574468085    0.08510638297872    0.00000000000000             4
   -0.25531914893617    0.08510638297872    0.00000000000000             4
   -0.23404255319148    0.08510638297872    0.00000000000000             4
   -0.21276595744680    0.08510638297872    0.00000000000000             4
   -0.19148936170212    0.08510638297872    0.00000000000000             4
   -0.17021276595744    0.08510638297872    0.00000000000000             4
   -0.14893617021276    0.08510638297872    0.00000000000000             4
   -0.12765957446808    0.08510638297872    0.00000000000000             4
   -0.10638297872340    0.08510638297872    0.00000000000000             4
   -0.08510638297872    0.08510638297872    0.00000000000000             4
   -0.06382978723404    0.08510638297872    0.00000000000000             4
   -0.04255319148936    0.08510638297872    0.00000000000000             4
   -0.02127659574468    0.08510638297872    0.00000000000000             4
    0.00000000000000    0.10638297872340    0.00000000000000             2
    0.21276595744681    0.10638297872340    0.00000000000000             2
    0.23404255319149    0.10638297872340    0.00000000000000             4
    0.25531914893618    0.10638297872340    0.00000000000000             4
    0.27659574468086    0.10638297872340    0.00000000000000             4
    0.29787234042554    0.10638297872340    0.00000000000000             4
    0.31914893617022    0.10638297872340    0.00000000000000             4
    0.34042553191490    0.10638297872340    0.00000000000000             4
    0.36170212765958    0.10638297872340    0.00000000000000             4
    0.38297872340426    0.10638297872340    0.00000000000000             4
    0.40425531914894    0.10638297872340    0.00000000000000             4
    0.42553191489362    0.10638297872340    0.00000000000000             4
    0.44680851063830    0.10638297872340    0.00000000000000             4
    0.46808510638298    0.10638297872340    0.00000000000000             4
    0.48936170212766    0.10638297872340    0.00000000000000             4
   -0.48936170212766    0.10638297872340    0.00000000000000             4
   -0.46808510638298    0.10638297872340    0.00000000000000             4
   -0.44680851063830    0.10638297872340    0.00000000000000             4
   -0.42553191489362    0.10638297872340    0.00000000000000             4
   -0.40425531914894    0.10638297872340    0.00000000000000             4
   -0.38297872340426    0.10638297872340    0.00000000000000             4
   -0.36170212765958    0.10638297872340    0.00000000000000             4
   -0.34042553191489    0.10638297872340    0.00000000000000             4
   -0.31914893617021    0.10638297872340    0.00000000000000             4
   -0.29787234042553    0.10638297872340    0.00000000000000             4
   -0.27659574468085    0.10638297872340    0.00000000000000             4
   -0.25531914893617    0.10638297872340    0.00000000000000             4
   -0.23404255319148    0.10638297872340    0.00000000000000             4
   -0.21276595744680    0.10638297872340    0.00000000000000             4
   -0.19148936170212    0.10638297872340    0.00000000000000             4
   -0.17021276595744    0.10638297872340    0.00000000000000             4
   -0.14893617021276    0.10638297872340    0.00000000000000             4
   -0.12765957446808    0.10638297872340    0.00000000000000             4
   -0.10638297872340    0.10638297872340    0.00000000000000             4
   -0.08510638297872    0.10638297872340    0.00000000000000             4
   -0.06382978723404    0.10638297872340    0.00000000000000             4
   -0.04255319148936    0.10638297872340    0.00000000000000             4
   -0.02127659574468    0.10638297872340    0.00000000000000             4
    0.00000000000000    0.12765957446808    0.00000000000000             2
    0.25531914893618    0.12765957446808    0.00000000000000             2
    0.27659574468086    0.12765957446808    0.00000000000000             4
    0.29787234042554    0.12765957446808    0.00000000000000             4
    0.31914893617022    0.12765957446808    0.00000000000000             4
    0.34042553191490    0.12765957446808    0.00000000000000             4
    0.36170212765958    0.12765957446808    0.00000000000000             4
    0.38297872340426    0.12765957446808    0.00000000000000             4
    0.40425531914894    0.12765957446808    0.00000000000000             4
    0.42553191489362    0.12765957446808    0.00000000000000             4
    0.44680851063830    0.12765957446808    0.00000000000000             4
    0.46808510638298    0.12765957446808    0.00000000000000             4
    0.48936170212766    0.12765957446808    0.00000000000000             4
   -0.48936170212766    0.12765957446808    0.00000000000000             4
   -0.46808510638298    0.12765957446808    0.00000000000000             4
   -0.44680851063830    0.12765957446808    0.00000000000000             4
   -0.42553191489362    0.12765957446808    0.00000000000000             4
   -0.40425531914894    0.12765957446808    0.00000000000000             4
   -0.38297872340426    0.12765957446808    0.00000000000000             4
   -0.36170212765958    0.12765957446808    0.00000000000000             4
   -0.34042553191489    0.12765957446808    0.00000000000000             4
   -0.31914893617021    0.12765957446808    0.00000000000000             4
   -0.29787234042553    0.12765957446808    0.00000000000000             4
   -0.27659574468085    0.12765957446808    0.00000000000000             4
   -0.25531914893617    0.12765957446808    0.00000000000000             4
   -0.23404255319148    0.12765957446808    0.00000000000000             4
   -0.21276595744680    0.12765957446808    0.00000000000000             4
   -0.19148936170212    0.12765957446808    0.00000000000000             4
   -0.17021276595744    0.12765957446808    0.00000000000000             4
   -0.14893617021276    0.12765957446808    0.00000000000000             4
   -0.12765957446808    0.12765957446808    0.00000000000000             4
   -0.10638297872340    0.12765957446808    0.00000000000000             4
   -0.08510638297872    0.12765957446808    0.00000000000000             4
   -0.06382978723404    0.12765957446808    0.00000000000000             4
   -0.04255319148936    0.12765957446808    0.00000000000000             4
   -0.02127659574468    0.12765957446808    0.00000000000000             4
    0.00000000000000    0.14893617021277    0.00000000000000             2
    0.29787234042554    0.14893617021277    0.00000000000000             2
    0.31914893617022    0.14893617021277    0.00000000000000             4
    0.34042553191490    0.14893617021277    0.00000000000000             4
    0.36170212765958    0.14893617021277    0.00000000000000             4
    0.38297872340426    0.14893617021277    0.00000000000000             4
    0.40425531914894    0.14893617021277    0.00000000000000             4
    0.42553191489362    0.14893617021277    0.00000000000000             4
    0.44680851063830    0.14893617021277    0.00000000000000             4
    0.46808510638298    0.14893617021277    0.00000000000000             4
    0.48936170212766    0.14893617021277    0.00000000000000             4
   -0.48936170212766    0.14893617021277    0.00000000000000             4
   -0.46808510638298    0.14893617021277    0.00000000000000             4
   -0.44680851063830    0.14893617021277    0.00000000000000             4
   -0.42553191489362    0.14893617021277    0.00000000000000             4
   -0.40425531914894    0.14893617021277    0.00000000000000             4
   -0.38297872340426    0.14893617021277    0.00000000000000             4
   -0.36170212765958    0.14893617021277    0.00000000000000             4
   -0.34042553191489    0.14893617021277    0.00000000000000             4
   -0.31914893617021    0.14893617021277    0.00000000000000             4
   -0.29787234042553    0.14893617021277    0.00000000000000             4
   -0.27659574468085    0.14893617021277    0.00000000000000             4
   -0.25531914893617    0.14893617021277    0.00000000000000             4
   -0.23404255319148    0.14893617021277    0.00000000000000             4
   -0.21276595744680    0.14893617021277    0.00000000000000             4
   -0.19148936170212    0.14893617021277    0.00000000000000             4
   -0.17021276595744    0.14893617021277    0.00000000000000             4
   -0.14893617021276    0.14893617021277    0.00000000000000             4
   -0.12765957446808    0.14893617021277    0.00000000000000             4
   -0.10638297872340    0.14893617021277    0.00000000000000             4
   -0.08510638297872    0.14893617021277    0.00000000000000             4
   -0.06382978723404    0.14893617021277    0.00000000000000             4
   -0.04255319148936    0.14893617021277    0.00000000000000             4
   -0.02127659574468    0.14893617021277    0.00000000000000             4
    0.00000000000000    0.17021276595745    0.00000000000000             2
    0.34042553191490    0.17021276595745    0.00000000000000             2
    0.36170212765958    0.17021276595745    0.00000000000000             4
    0.38297872340426    0.17021276595745    0.00000000000000             4
    0.40425531914894    0.17021276595745    0.00000000000000             4
    0.42553191489362    0.17021276595745    0.00000000000000             4
    0.44680851063830    0.17021276595745    0.00000000000000             4
    0.46808510638298    0.17021276595745    0.00000000000000             4
    0.48936170212766    0.17021276595745    0.00000000000000             4
   -0.48936170212766    0.17021276595745    0.00000000000000             4
   -0.46808510638298    0.17021276595745    0.00000000000000             4
   -0.44680851063830    0.17021276595745    0.00000000000000             4
   -0.42553191489362    0.17021276595745    0.00000000000000             4
   -0.40425531914894    0.17021276595745    0.00000000000000             4
   -0.38297872340426    0.17021276595745    0.00000000000000             4
   -0.36170212765958    0.17021276595745    0.00000000000000             4
   -0.34042553191489    0.17021276595745    0.00000000000000             4
   -0.31914893617021    0.17021276595745    0.00000000000000             4
   -0.29787234042553    0.17021276595745    0.00000000000000             4
   -0.27659574468085    0.17021276595745    0.00000000000000             4
   -0.25531914893617    0.17021276595745    0.00000000000000             4
   -0.23404255319148    0.17021276595745    0.00000000000000             4
   -0.21276595744680    0.17021276595745    0.00000000000000             4
   -0.19148936170212    0.17021276595745    0.00000000000000             4
   -0.17021276595744    0.17021276595745    0.00000000000000             4
   -0.14893617021276    0.17021276595745    0.00000000000000             4
   -0.12765957446808    0.17021276595745    0.00000000000000             4
   -0.10638297872340    0.17021276595745    0.00000000000000             4
   -0.08510638297872    0.17021276595745    0.00000000000000             4
   -0.06382978723404    0.17021276595745    0.00000000000000             4
   -0.04255319148936    0.17021276595745    0.00000000000000             4
   -0.02127659574468    0.17021276595745    0.00000000000000             4
    0.00000000000000    0.19148936170213    0.00000000000000             2
    0.38297872340426    0.19148936170213    0.00000000000000             2
    0.40425531914894    0.19148936170213    0.00000000000000             4
    0.42553191489362    0.19148936170213    0.00000000000000             4
    0.44680851063830    0.19148936170213    0.00000000000000             4
    0.46808510638298    0.19148936170213    0.00000000000000             4
    0.48936170212766    0.19148936170213    0.00000000000000             4
   -0.48936170212766    0.19148936170213    0.00000000000000             4
   -0.46808510638298    0.19148936170213    0.00000000000000             4
   -0.44680851063830    0.19148936170213    0.00000000000000             4
   -0.42553191489362    0.19148936170213    0.00000000000000             4
   -0.40425531914894    0.19148936170213    0.00000000000000             4
   -0.38297872340426    0.19148936170213    0.00000000000000             4
   -0.36170212765958    0.19148936170213    0.00000000000000             4
   -0.34042553191489    0.19148936170213    0.00000000000000             4
   -0.31914893617021    0.19148936170213    0.00000000000000             4
   -0.29787234042553    0.19148936170213    0.00000000000000             4
   -0.27659574468085    0.19148936170213    0.00000000000000             4
   -0.25531914893617    0.19148936170213    0.00000000000000             4
   -0.23404255319148    0.19148936170213    0.00000000000000             4
   -0.21276595744680    0.19148936170213    0.00000000000000             4
   -0.19148936170212    0.19148936170213    0.00000000000000             4
   -0.17021276595744    0.19148936170213    0.00000000000000             4
   -0.14893617021276    0.19148936170213    0.00000000000000             4
   -0.12765957446808    0.19148936170213    0.00000000000000             4
   -0.10638297872340    0.19148936170213    0.00000000000000             4
   -0.08510638297872    0.19148936170213    0.00000000000000             4
   -0.06382978723404    0.19148936170213    0.00000000000000             4
   -0.04255319148936    0.19148936170213    0.00000000000000             4
   -0.02127659574468    0.19148936170213    0.00000000000000             4
    0.00000000000000    0.21276595744681    0.00000000000000             2
    0.42553191489362    0.21276595744681    0.00000000000000             2
    0.44680851063830    0.21276595744681    0.00000000000000             4
    0.46808510638298    0.21276595744681    0.00000000000000             4
    0.48936170212766    0.21276595744681    0.00000000000000             4
   -0.48936170212766    0.21276595744681    0.00000000000000             4
   -0.46808510638298    0.21276595744681    0.00000000000000             4
   -0.44680851063830    0.21276595744681    0.00000000000000             4
   -0.42553191489362    0.21276595744681    0.00000000000000             4
   -0.40425531914894    0.21276595744681    0.00000000000000             4
   -0.38297872340426    0.21276595744681    0.00000000000000             4
   -0.36170212765958    0.21276595744681    0.00000000000000             4
   -0.34042553191489    0.21276595744681    0.00000000000000             4
   -0.31914893617021    0.21276595744681    0.00000000000000             4
   -0.29787234042553    0.21276595744681    0.00000000000000             4
   -0.27659574468085    0.21276595744681    0.00000000000000             4
   -0.25531914893617    0.21276595744681    0.00000000000000             4
   -0.23404255319148    0.21276595744681    0.00000000000000             4
   -0.21276595744680    0.21276595744681    0.00000000000000             4
   -0.19148936170212    0.21276595744681    0.00000000000000             4
   -0.17021276595744    0.21276595744681    0.00000000000000             4
   -0.14893617021276    0.21276595744681    0.00000000000000             4
   -0.12765957446808    0.21276595744681    0.00000000000000             4
   -0.10638297872340    0.21276595744681    0.00000000000000             4
   -0.08510638297872    0.21276595744681    0.00000000000000             4
   -0.06382978723404    0.21276595744681    0.00000000000000             4
   -0.04255319148936    0.21276595744681    0.00000000000000             4
   -0.02127659574468    0.21276595744681    0.00000000000000             4
    0.00000000000000    0.23404255319149    0.00000000000000             2
    0.46808510638298    0.23404255319149    0.00000000000000             2
    0.48936170212766    0.23404255319149    0.00000000000000             4
   -0.48936170212766    0.23404255319149    0.00000000000000             4
   -0.46808510638298    0.23404255319149    0.00000000000000             4
   -0.44680851063830    0.23404255319149    0.00000000000000             4
   -0.42553191489362    0.23404255319149    0.00000000000000             4
   -0.40425531914894    0.23404255319149    0.00000000000000             4
   -0.38297872340426    0.23404255319149    0.00000000000000             4
   -0.36170212765958    0.23404255319149    0.00000000000000             4
   -0.34042553191489    0.23404255319149    0.00000000000000             4
   -0.31914893617021    0.23404255319149    0.00000000000000             4
   -0.29787234042553    0.23404255319149    0.00000000000000             4
   -0.27659574468085    0.23404255319149    0.00000000000000             4
   -0.25531914893617    0.23404255319149    0.00000000000000             4
   -0.23404255319148    0.23404255319149    0.00000000000000             4
   -0.21276595744680    0.23404255319149    0.00000000000000             4
   -0.19148936170212    0.23404255319149    0.00000000000000             4
   -0.17021276595744    0.23404255319149    0.00000000000000             4
   -0.14893617021276    0.23404255319149    0.00000000000000             4
   -0.12765957446808    0.23404255319149    0.00000000000000             4
   -0.10638297872340    0.23404255319149    0.00000000000000             4
   -0.08510638297872    0.23404255319149    0.00000000000000             4
   -0.06382978723404    0.23404255319149    0.00000000000000             4
   -0.04255319148936    0.23404255319149    0.00000000000000             4
   -0.02127659574468    0.23404255319149    0.00000000000000             4
    0.00000000000000    0.25531914893618    0.00000000000000             2
   -0.48936170212766    0.25531914893618    0.00000000000000             2
   -0.46808510638298    0.25531914893617    0.00000000000000             4
   -0.44680851063830    0.25531914893618    0.00000000000000             4
   -0.42553191489362    0.25531914893617    0.00000000000000             4
   -0.40425531914894    0.25531914893618    0.00000000000000             4
   -0.38297872340426    0.25531914893618    0.00000000000000             4
   -0.36170212765958    0.25531914893618    0.00000000000000             4
   -0.34042553191489    0.25531914893618    0.00000000000000             4
   -0.31914893617021    0.25531914893617    0.00000000000000             4
   -0.29787234042553    0.25531914893618    0.00000000000000             4
   -0.27659574468085    0.25531914893617    0.00000000000000             4
   -0.25531914893617    0.25531914893618    0.00000000000000             4
   -0.23404255319148    0.25531914893617    0.00000000000000             4
   -0.21276595744680    0.25531914893617    0.00000000000000             4
   -0.19148936170212    0.25531914893617    0.00000000000000             4
   -0.17021276595744    0.25531914893618    0.00000000000000             4
   -0.14893617021276    0.25531914893617    0.00000000000000             4
   -0.12765957446808    0.25531914893618    0.00000000000000             4
   -0.10638297872340    0.25531914893618    0.00000000000000             4
   -0.08510638297872    0.25531914893617    0.00000000000000             4
   -0.06382978723404    0.25531914893618    0.00000000000000             4
   -0.04255319148936    0.25531914893617    0.00000000000000             4
   -0.02127659574468    0.25531914893617    0.00000000000000             4
    0.00000000000000    0.27659574468086    0.00000000000000             2
   -0.44680851063830    0.27659574468086    0.00000000000000             2
   -0.42553191489362    0.27659574468086    0.00000000000000             4
   -0.40425531914894    0.27659574468086    0.00000000000000             4
   -0.38297872340426    0.27659574468086    0.00000000000000             4
   -0.36170212765958    0.27659574468086    0.00000000000000             4
   -0.34042553191489    0.27659574468086    0.00000000000000             4
   -0.31914893617021    0.27659574468086    0.00000000000000             4
   -0.29787234042553    0.27659574468086    0.00000000000000             4
   -0.27659574468085    0.27659574468086    0.00000000000000             4
   -0.25531914893617    0.27659574468086    0.00000000000000             4
   -0.23404255319148    0.27659574468086    0.00000000000000             4
   -0.21276595744680    0.27659574468086    0.00000000000000             4
   -0.19148936170212    0.27659574468086    0.00000000000000             4
   -0.17021276595744    0.27659574468086    0.00000000000000             4
   -0.14893617021276    0.27659574468086    0.00000000000000             4
   -0.12765957446808    0.27659574468086    0.00000000000000             4
   -0.10638297872340    0.27659574468086    0.00000000000000             4
   -0.08510638297872    0.27659574468086    0.00000000000000             4
   -0.06382978723404    0.27659574468086    0.00000000000000             4
   -0.04255319148936    0.27659574468086    0.00000000000000             4
   -0.02127659574468    0.27659574468086    0.00000000000000             4
    0.00000000000000    0.29787234042554    0.00000000000000             2
   -0.40425531914894    0.29787234042554    0.00000000000000             2
   -0.38297872340426    0.29787234042554    0.00000000000000             4
   -0.36170212765958    0.29787234042554    0.00000000000000             4
   -0.34042553191489    0.29787234042554    0.00000000000000             4
   -0.31914893617021    0.29787234042554    0.00000000000000             4
   -0.29787234042553    0.29787234042554    0.00000000000000             4
   -0.27659574468085    0.29787234042554    0.00000000000000             4
   -0.25531914893617    0.29787234042554    0.00000000000000             4
   -0.23404255319148    0.29787234042554    0.00000000000000             4
   -0.21276595744680    0.29787234042554    0.00000000000000             4
   -0.19148936170212    0.29787234042554    0.00000000000000             4
   -0.17021276595744    0.29787234042554    0.00000000000000             4
   -0.14893617021276    0.29787234042554    0.00000000000000             4
   -0.12765957446808    0.29787234042554    0.00000000000000             4
   -0.10638297872340    0.29787234042554    0.00000000000000             4
   -0.08510638297872    0.29787234042554    0.00000000000000             4
   -0.06382978723404    0.29787234042554    0.00000000000000             4
   -0.04255319148936    0.29787234042554    0.00000000000000             4
   -0.02127659574468    0.29787234042554    0.00000000000000             4
    0.00000000000000    0.31914893617022    0.00000000000000             2
   -0.36170212765958    0.31914893617022    0.00000000000000             2
   -0.34042553191489    0.31914893617022    0.00000000000000             4
   -0.31914893617021    0.31914893617022    0.00000000000000             4
   -0.29787234042553    0.31914893617022    0.00000000000000             4
   -0.27659574468085    0.31914893617022    0.00000000000000             4
   -0.25531914893617    0.31914893617022    0.00000000000000             4
   -0.23404255319148    0.31914893617022    0.00000000000000             4
   -0.21276595744680    0.31914893617022    0.00000000000000             4
   -0.19148936170212    0.31914893617022    0.00000000000000             4
   -0.17021276595744    0.31914893617022    0.00000000000000             4
   -0.14893617021276    0.31914893617022    0.00000000000000             4
   -0.12765957446808    0.31914893617022    0.00000000000000             4
   -0.10638297872340    0.31914893617022    0.00000000000000             4
   -0.08510638297872    0.31914893617022    0.00000000000000             4
   -0.06382978723404    0.31914893617022    0.00000000000000             4
   -0.04255319148936    0.31914893617022    0.00000000000000             4
   -0.02127659574468    0.31914893617022    0.00000000000000             4
    0.00000000000000    0.34042553191490    0.00000000000000             2
   -0.31914893617021    0.34042553191490    0.00000000000000             2
   -0.29787234042553    0.34042553191490    0.00000000000000             4
   -0.27659574468085    0.34042553191490    0.00000000000000             4
   -0.25531914893617    0.34042553191490    0.00000000000000             4
   -0.23404255319148    0.34042553191490    0.00000000000000             4
   -0.21276595744680    0.34042553191490    0.00000000000000             4
   -0.19148936170212    0.34042553191490    0.00000000000000             4
   -0.17021276595744    0.34042553191490    0.00000000000000             4
   -0.14893617021276    0.34042553191490    0.00000000000000             4
   -0.12765957446808    0.34042553191490    0.00000000000000             4
   -0.10638297872340    0.34042553191490    0.00000000000000             4
   -0.08510638297872    0.34042553191490    0.00000000000000             4
   -0.06382978723404    0.34042553191490    0.00000000000000             4
   -0.04255319148936    0.34042553191490    0.00000000000000             4
   -0.02127659574468    0.34042553191490    0.00000000000000             4
    0.00000000000000    0.36170212765958    0.00000000000000             2
   -0.27659574468085    0.36170212765958    0.00000000000000             2
   -0.25531914893617    0.36170212765958    0.00000000000000             4
   -0.23404255319148    0.36170212765958    0.00000000000000             4
   -0.21276595744680    0.36170212765958    0.00000000000000             4
   -0.19148936170212    0.36170212765958    0.00000000000000             4
   -0.17021276595744    0.36170212765958    0.00000000000000             4
   -0.14893617021276    0.36170212765958    0.00000000000000             4
   -0.12765957446808    0.36170212765958    0.00000000000000             4
   -0.10638297872340    0.36170212765958    0.00000000000000             4
   -0.08510638297872    0.36170212765958    0.00000000000000             4
   -0.06382978723404    0.36170212765958    0.00000000000000             4
   -0.04255319148936    0.36170212765958    0.00000000000000             4
   -0.02127659574468    0.36170212765958    0.00000000000000             4
    0.00000000000000    0.38297872340426    0.00000000000000             2
   -0.23404255319148    0.38297872340426    0.00000000000000             2
   -0.21276595744680    0.38297872340426    0.00000000000000             4
   -0.19148936170212    0.38297872340426    0.00000000000000             4
   -0.17021276595744    0.38297872340426    0.00000000000000             4
   -0.14893617021276    0.38297872340426    0.00000000000000             4
   -0.12765957446808    0.38297872340426    0.00000000000000             4
   -0.10638297872340    0.38297872340426    0.00000000000000             4
   -0.08510638297872    0.38297872340426    0.00000000000000             4
   -0.06382978723404    0.38297872340426    0.00000000000000             4
   -0.04255319148936    0.38297872340426    0.00000000000000             4
   -0.02127659574468    0.38297872340426    0.00000000000000             4
    0.00000000000000    0.40425531914894    0.00000000000000             2
   -0.19148936170212    0.40425531914894    0.00000000000000             2
   -0.17021276595744    0.40425531914894    0.00000000000000             4
   -0.14893617021276    0.40425531914894    0.00000000000000             4
   -0.12765957446808    0.40425531914894    0.00000000000000             4
   -0.10638297872340    0.40425531914894    0.00000000000000             4
   -0.08510638297872    0.40425531914894    0.00000000000000             4
   -0.06382978723404    0.40425531914894    0.00000000000000             4
   -0.04255319148936    0.40425531914894    0.00000000000000             4
   -0.02127659574468    0.40425531914894    0.00000000000000             4
    0.00000000000000    0.42553191489362    0.00000000000000             2
   -0.14893617021276    0.42553191489362    0.00000000000000             2
   -0.12765957446808    0.42553191489362    0.00000000000000             4
   -0.10638297872340    0.42553191489362    0.00000000000000             4
   -0.08510638297872    0.42553191489362    0.00000000000000             4
   -0.06382978723404    0.42553191489362    0.00000000000000             4
   -0.04255319148936    0.42553191489362    0.00000000000000             4
   -0.02127659574468    0.42553191489362    0.00000000000000             4
    0.00000000000000    0.44680851063830    0.00000000000000             2
   -0.10638297872340    0.44680851063830    0.00000000000000             2
   -0.08510638297872    0.44680851063830    0.00000000000000             4
   -0.06382978723404    0.44680851063830    0.00000000000000             4
   -0.04255319148936    0.44680851063830    0.00000000000000             4
   -0.02127659574468    0.44680851063830    0.00000000000000             4
    0.00000000000000    0.46808510638298    0.00000000000000             2
   -0.06382978723404    0.46808510638298    0.00000000000000             2
   -0.04255319148936    0.46808510638298    0.00000000000000             4
   -0.02127659574468    0.46808510638298    0.00000000000000             4
    0.00000000000000    0.48936170212766    0.00000000000000             2
   -0.02127659574468    0.48936170212766    0.00000000000000             2
