Automatically generated mesh
     601
Reciprocal lattice
    0.00000000000000    0.00000000000000    0.00000000000000             1
    0.02083333333334    0.00000000000000    0.00000000000000             4
    0.04166666666667    0.00000000000000    0.00000000000000             4
    0.06250000000000    0.00000000000000    0.00000000000000             4
    0.08333333333334    0.00000000000000    0.00000000000000             4
    0.10416666666667    0.00000000000000    0.00000000000000             4
    0.12500000000000    0.00000000000000    0.00000000000000             4
    0.14583333333334    0.00000000000000    0.00000000000000             4
    0.16666666666667    0.00000000000000    0.00000000000000             4
    0.18750000000000    0.00000000000000    0.00000000000000             4
    0.20833333333334    0.00000000000000    0.00000000000000             4
    0.22916666666667    0.00000000000000    0.00000000000000             4
    0.25000000000000    0.00000000000000    0.00000000000000             4
    0.27083333333334    0.00000000000000    0.00000000000000             4
    0.29166666666667    0.00000000000000    0.00000000000000             4
    0.31250000000000    0.00000000000000    0.00000000000000             4
    0.33333333333334    0.00000000000000    0.00000000000000             4
    0.35416666666667    0.00000000000000    0.00000000000000             4
    0.37500000000000    0.00000000000000    0.00000000000000             4
    0.39583333333334    0.00000000000000    0.00000000000000             4
    0.41666666666667    0.00000000000000    0.00000000000000             4
    0.43750000000000    0.00000000000000    0.00000000000000             4
    0.45833333333334    0.00000000000000    0.00000000000000             4
    0.47916666666667    0.00000000000000    0.00000000000000             4
    0.50000000000000    0.00000000000000    0.00000000000000             2
    0.00000000000000    0.02083333333334    0.00000000000000             2
    0.04166666666667    0.02083333333334    0.00000000000000             2
    0.06250000000000    0.02083333333334    0.00000000000000             4
    0.08333333333334    0.02083333333334    0.00000000000000             4
    0.10416666666667    0.02083333333334    0.00000000000000             4
    0.12500000000000    0.02083333333334    0.00000000000000             4
    0.14583333333334    0.02083333333334    0.00000000000000             4
    0.16666666666667    0.02083333333334    0.00000000000000             4
    0.18750000000000    0.02083333333334    0.00000000000000             4
    0.20833333333334    0.02083333333334    0.00000000000000             4
    0.22916666666667    0.02083333333334    0.00000000000000             4
    0.25000000000000    0.02083333333334    0.00000000000000             4
    0.27083333333334    0.02083333333334    0.00000000000000             4
    0.29166666666667    0.02083333333334    0.00000000000000             4
    0.31250000000000    0.02083333333334    0.00000000000000             4
    0.33333333333334    0.02083333333334    0.00000000000000             4
    0.35416666666667    0.02083333333334    0.00000000000000             4
    0.37500000000000    0.02083333333334    0.00000000000000             4
    0.39583333333334    0.02083333333334    0.00000000000000             4
    0.41666666666667    0.02083333333334    0.00000000000000             4
    0.43750000000000    0.02083333333334    0.00000000000000             4
    0.45833333333334    0.02083333333334    0.00000000000000             4
    0.47916666666667    0.02083333333334    0.00000000000000             4
    0.50000000000000    0.02083333333334    0.00000000000000             4
   -0.47916666666666    0.02083333333334    0.00000000000000             4
   -0.45833333333333    0.02083333333334    0.00000000000000             4
   -0.43750000000000    0.02083333333334    0.00000000000000             4
   -0.41666666666666    0.02083333333334    0.00000000000000             4
   -0.39583333333333    0.02083333333334    0.00000000000000             4
   -0.37500000000000    0.02083333333334    0.00000000000000             4
   -0.35416666666666    0.02083333333334    0.00000000000000             4
   -0.33333333333333    0.02083333333334    0.00000000000000             4
   -0.31250000000000    0.02083333333334    0.00000000000000             4
   -0.29166666666666    0.02083333333334    0.00000000000000             4
   -0.27083333333333    0.02083333333334    0.00000000000000             4
   -0.25000000000000    0.02083333333334    0.00000000000000             4
   -0.22916666666666    0.02083333333334    0.00000000000000             4
   -0.20833333333333    0.02083333333334    0.00000000000000             4
   -0.18750000000000    0.02083333333334    0.00000000000000             4
   -0.16666666666666    0.02083333333334    0.00000000000000             4
   -0.14583333333333    0.02083333333334    0.00000000000000             4
   -0.12500000000000    0.02083333333334    0.00000000000000             4
   -0.10416666666666    0.02083333333334    0.00000000000000             4
   -0.08333333333333    0.02083333333334    0.00000000000000             4
   -0.06250000000000    0.02083333333334    0.00000000000000             4
   -0.04166666666666    0.02083333333334    0.00000000000000             4
   -0.02083333333333    0.02083333333334    0.00000000000000             4
    0.00000000000000    0.04166666666667    0.00000000000000             2
    0.08333333333334    0.04166666666667    0.00000000000000             2
    0.10416666666667    0.04166666666667    0.00000000000000             4
    0.12500000000000    0.04166666666667    0.00000000000000             4
    0.14583333333334    0.04166666666667    0.00000000000000             4
    0.16666666666667    0.04166666666667    0.00000000000000             4
    0.18750000000000    0.04166666666667    0.00000000000000             4
    0.20833333333334    0.04166666666667    0.00000000000000             4
    0.22916666666667    0.04166666666667    0.00000000000000             4
    0.25000000000000    0.04166666666667    0.00000000000000             4
    0.27083333333334    0.04166666666667    0.00000000000000             4
    0.29166666666667    0.04166666666667    0.00000000000000             4
    0.31250000000000    0.04166666666667    0.00000000000000             4
    0.33333333333334    0.04166666666667    0.00000000000000             4
    0.35416666666667    0.04166666666667    0.00000000000000             4
    0.37500000000000    0.04166666666667    0.00000000000000             4
    0.39583333333334    0.04166666666667    0.00000000000000             4
    0.41666666666667    0.04166666666667    0.00000000000000             4
    0.43750000000000    0.04166666666667    0.00000000000000             4
    0.45833333333334    0.04166666666667    0.00000000000000             4
    0.47916666666667    0.04166666666667    0.00000000000000             4
    0.50000000000000    0.04166666666667    0.00000000000000             4
   -0.47916666666666    0.04166666666667    0.00000000000000             4
   -0.45833333333333    0.04166666666667    0.00000000000000             4
   -0.43750000000000    0.04166666666667    0.00000000000000             4
   -0.41666666666666    0.04166666666667    0.00000000000000             4
   -0.39583333333333    0.04166666666667    0.00000000000000             4
   -0.37500000000000    0.04166666666667    0.00000000000000             4
   -0.35416666666666    0.04166666666667    0.00000000000000             4
   -0.33333333333333    0.04166666666667    0.00000000000000             4
   -0.31250000000000    0.04166666666667    0.00000000000000             4
   -0.29166666666666    0.04166666666667    0.00000000000000             4
   -0.27083333333333    0.04166666666667    0.00000000000000             4
   -0.25000000000000    0.04166666666667    0.00000000000000             4
   -0.22916666666666    0.04166666666667    0.00000000000000             4
   -0.20833333333333    0.04166666666667    0.00000000000000             4
   -0.18750000000000    0.04166666666667    0.00000000000000             4
   -0.16666666666666    0.04166666666667    0.00000000000000             4
   -0.14583333333333    0.04166666666667    0.00000000000000             4
   -0.12500000000000    0.04166666666667    0.00000000000000             4
   -0.10416666666666    0.04166666666667    0.00000000000000             4
   -0.08333333333333    0.04166666666667    0.00000000000000             4
   -0.06250000000000    0.04166666666667    0.00000000000000             4
   -0.04166666666666    0.04166666666667    0.00000000000000             4
   -0.02083333333333    0.04166666666667    0.00000000000000             4
    0.00000000000000    0.06250000000000    0.00000000000000             2
    0.12500000000000    0.06250000000000    0.00000000000000             2
    0.14583333333334    0.06250000000000    0.00000000000000             4
    0.16666666666667    0.06250000000000    0.00000000000000             4
    0.18750000000000    0.06250000000000    0.00000000000000             4
    0.20833333333334    0.06250000000000    0.00000000000000             4
    0.22916666666667    0.06250000000000    0.00000000000000             4
    0.25000000000000    0.06250000000000    0.00000000000000             4
    0.27083333333334    0.06250000000000    0.00000000000000             4
    0.29166666666667    0.06250000000000    0.00000000000000             4
    0.31250000000000    0.06250000000000    0.00000000000000             4
    0.33333333333334    0.06250000000000    0.00000000000000             4
    0.35416666666667    0.06250000000000    0.00000000000000             4
    0.37500000000000    0.06250000000000    0.00000000000000             4
    0.39583333333334    0.06250000000000    0.00000000000000             4
    0.41666666666667    0.06250000000000    0.00000000000000             4
    0.43750000000000    0.06250000000000    0.00000000000000             4
    0.45833333333334    0.06250000000000    0.00000000000000             4
    0.47916666666667    0.06250000000000    0.00000000000000             4
    0.50000000000000    0.06250000000000    0.00000000000000             4
   -0.47916666666666    0.06250000000000    0.00000000000000             4
   -0.45833333333333    0.06250000000000    0.00000000000000             4
   -0.43750000000000    0.06250000000000    0.00000000000000             4
   -0.41666666666666    0.06250000000000    0.00000000000000             4
   -0.39583333333333    0.06250000000000    0.00000000000000             4
   -0.37500000000000    0.06250000000000    0.00000000000000             4
   -0.35416666666666    0.06250000000000    0.00000000000000             4
   -0.33333333333333    0.06250000000000    0.00000000000000             4
   -0.31250000000000    0.06250000000000    0.00000000000000             4
   -0.29166666666666    0.06250000000000    0.00000000000000             4
   -0.27083333333333    0.06250000000000    0.00000000000000             4
   -0.25000000000000    0.06250000000000    0.00000000000000             4
   -0.22916666666666    0.06250000000000    0.00000000000000             4
   -0.20833333333333    0.06250000000000    0.00000000000000             4
   -0.18750000000000    0.06250000000000    0.00000000000000             4
   -0.16666666666666    0.06250000000000    0.00000000000000             4
   -0.14583333333333    0.06250000000000    0.00000000000000             4
   -0.12500000000000    0.06250000000000    0.00000000000000             4
   -0.10416666666666    0.06250000000000    0.00000000000000             4
   -0.08333333333333    0.06250000000000    0.00000000000000             4
   -0.06250000000000    0.06250000000000    0.00000000000000             4
   -0.04166666666666    0.06250000000000    0.00000000000000             4
   -0.02083333333333    0.06250000000000    0.00000000000000             4
    0.00000000000000    0.08333333333334    0.00000000000000             2
    0.16666666666667    0.08333333333334    0.00000000000000             2
    0.18750000000000    0.08333333333334    0.00000000000000             4
    0.20833333333334    0.08333333333334    0.00000000000000             4
    0.22916666666667    0.08333333333334    0.00000000000000             4
    0.25000000000000    0.08333333333334    0.00000000000000             4
    0.27083333333334    0.08333333333334    0.00000000000000             4
    0.29166666666667    0.08333333333334    0.00000000000000             4
    0.31250000000000    0.08333333333334    0.00000000000000             4
    0.33333333333334    0.08333333333334    0.00000000000000             4
    0.35416666666667    0.08333333333334    0.00000000000000             4
    0.37500000000000    0.08333333333334    0.00000000000000             4
    0.39583333333334    0.08333333333334    0.00000000000000             4
    0.41666666666667    0.08333333333334    0.00000000000000             4
    0.43750000000000    0.08333333333334    0.00000000000000             4
    0.45833333333334    0.08333333333334    0.00000000000000             4
    0.47916666666667    0.08333333333334    0.00000000000000             4
    0.50000000000000    0.08333333333334    0.00000000000000             4
   -0.47916666666666    0.08333333333334    0.00000000000000             4
   -0.45833333333333    0.08333333333334    0.00000000000000             4
   -0.43750000000000    0.08333333333334    0.00000000000000             4
   -0.41666666666666    0.08333333333334    0.00000000000000             4
   -0.39583333333333    0.08333333333334    0.00000000000000             4
   -0.37500000000000    0.08333333333334    0.00000000000000             4
   -0.35416666666666    0.08333333333334    0.00000000000000             4
   -0.33333333333333    0.08333333333334    0.00000000000000             4
   -0.31250000000000    0.08333333333334    0.00000000000000             4
   -0.29166666666666    0.08333333333334    0.00000000000000             4
   -0.27083333333333    0.08333333333334    0.00000000000000             4
   -0.25000000000000    0.08333333333334    0.00000000000000             4
   -0.22916666666666    0.08333333333334    0.00000000000000             4
   -0.20833333333333    0.08333333333334    0.00000000000000             4
   -0.18750000000000    0.08333333333334    0.00000000000000             4
   -0.16666666666666    0.08333333333334    0.00000000000000             4
   -0.14583333333333    0.08333333333334    0.00000000000000             4
   -0.12500000000000    0.08333333333334    0.00000000000000             4
   -0.10416666666666    0.08333333333334    0.00000000000000             4
   -0.08333333333333    0.08333333333334    0.00000000000000             4
   -0.06250000000000    0.08333333333334    0.00000000000000             4
   -0.04166666666666    0.08333333333334    0.00000000000000             4
   -0.02083333333333    0.08333333333334    0.00000000000000             4
    0.00000000000000    0.10416666666667    0.00000000000000             2
    0.20833333333334    0.10416666666667    0.00000000000000             2
    0.22916666666667    0.10416666666667    0.00000000000000             4
    0.25000000000000    0.10416666666667    0.00000000000000             4
    0.27083333333334    0.10416666666667    0.00000000000000             4
    0.29166666666667    0.10416666666667    0.00000000000000             4
    0.31250000000000    0.10416666666667    0.00000000000000             4
    0.33333333333334    0.10416666666667    0.00000000000000             4
    0.35416666666667    0.10416666666667    0.00000000000000             4
    0.37500000000000    0.10416666666667    0.00000000000000             4
    0.39583333333334    0.10416666666667    0.00000000000000             4
    0.41666666666667    0.10416666666667    0.00000000000000             4
    0.43750000000000    0.10416666666667    0.00000000000000             4
    0.45833333333334    0.10416666666667    0.00000000000000             4
    0.47916666666667    0.10416666666667    0.00000000000000             4
    0.50000000000000    0.10416666666667    0.00000000000000             4
   -0.47916666666666    0.10416666666667    0.00000000000000             4
   -0.45833333333333    0.10416666666667    0.00000000000000             4
   -0.43750000000000    0.10416666666667    0.00000000000000             4
   -0.41666666666666    0.10416666666667    0.00000000000000             4
   -0.39583333333333    0.10416666666667    0.00000000000000             4
   -0.37500000000000    0.10416666666667    0.00000000000000             4
   -0.35416666666666    0.10416666666667    0.00000000000000             4
   -0.33333333333333    0.10416666666667    0.00000000000000             4
   -0.31250000000000    0.10416666666667    0.00000000000000             4
   -0.29166666666666    0.10416666666667    0.00000000000000             4
   -0.27083333333333    0.10416666666667    0.00000000000000             4
   -0.25000000000000    0.10416666666667    0.00000000000000             4
   -0.22916666666666    0.10416666666667    0.00000000000000             4
   -0.20833333333333    0.10416666666667    0.00000000000000             4
   -0.18750000000000    0.10416666666667    0.00000000000000             4
   -0.16666666666666    0.10416666666667    0.00000000000000             4
   -0.14583333333333    0.10416666666667    0.00000000000000             4
   -0.12500000000000    0.10416666666667    0.00000000000000             4
   -0.10416666666666    0.10416666666667    0.00000000000000             4
   -0.08333333333333    0.10416666666667    0.00000000000000             4
   -0.06250000000000    0.10416666666667    0.00000000000000             4
   -0.04166666666666    0.10416666666667    0.00000000000000             4
   -0.02083333333333    0.10416666666667    0.00000000000000             4
    0.00000000000000    0.12500000000000    0.00000000000000             2
    0.25000000000000    0.12500000000000    0.00000000000000             2
    0.27083333333334    0.12500000000000    0.00000000000000             4
    0.29166666666667    0.12500000000000    0.00000000000000             4
    0.31250000000000    0.12500000000000    0.00000000000000             4
    0.33333333333334    0.12500000000000    0.00000000000000             4
    0.35416666666667    0.12500000000000    0.00000000000000             4
    0.37500000000000    0.12500000000000    0.00000000000000             4
    0.39583333333334    0.12500000000000    0.00000000000000             4
    0.41666666666667    0.12500000000000    0.00000000000000             4
    0.43750000000000    0.12500000000000    0.00000000000000             4
    0.45833333333334    0.12500000000000    0.00000000000000             4
    0.47916666666667    0.12500000000000    0.00000000000000             4
    0.50000000000000    0.12500000000000    0.00000000000000             4
   -0.47916666666666    0.12500000000000    0.00000000000000             4
   -0.45833333333333    0.12500000000000    0.00000000000000             4
   -0.43750000000000    0.12500000000000    0.00000000000000             4
   -0.41666666666666    0.12500000000000    0.00000000000000             4
   -0.39583333333333    0.12500000000000    0.00000000000000             4
   -0.37500000000000    0.12500000000000    0.00000000000000             4
   -0.35416666666666    0.12500000000000    0.00000000000000             4
   -0.33333333333333    0.12500000000000    0.00000000000000             4
   -0.31250000000000    0.12500000000000    0.00000000000000             4
   -0.29166666666666    0.12500000000000    0.00000000000000             4
   -0.27083333333333    0.12500000000000    0.00000000000000             4
   -0.25000000000000    0.12500000000000    0.00000000000000             4
   -0.22916666666666    0.12500000000000    0.00000000000000             4
   -0.20833333333333    0.12500000000000    0.00000000000000             4
   -0.18750000000000    0.12500000000000    0.00000000000000             4
   -0.16666666666666    0.12500000000000    0.00000000000000             4
   -0.14583333333333    0.12500000000000    0.00000000000000             4
   -0.12500000000000    0.12500000000000    0.00000000000000             4
   -0.10416666666666    0.12500000000000    0.00000000000000             4
   -0.08333333333333    0.12500000000000    0.00000000000000             4
   -0.06250000000000    0.12500000000000    0.00000000000000             4
   -0.04166666666666    0.12500000000000    0.00000000000000             4
   -0.02083333333333    0.12500000000000    0.00000000000000             4
    0.00000000000000    0.14583333333334    0.00000000000000             2
    0.29166666666667    0.14583333333334    0.00000000000000             2
    0.31250000000000    0.14583333333334    0.00000000000000             4
    0.33333333333334    0.14583333333334    0.00000000000000             4
    0.35416666666667    0.14583333333334    0.00000000000000             4
    0.37500000000000    0.14583333333334    0.00000000000000             4
    0.39583333333334    0.14583333333334    0.00000000000000             4
    0.41666666666667    0.14583333333334    0.00000000000000             4
    0.43750000000000    0.14583333333334    0.00000000000000             4
    0.45833333333334    0.14583333333334    0.00000000000000             4
    0.47916666666667    0.14583333333334    0.00000000000000             4
    0.50000000000000    0.14583333333334    0.00000000000000             4
   -0.47916666666666    0.14583333333334    0.00000000000000             4
   -0.45833333333333    0.14583333333334    0.00000000000000             4
   -0.43750000000000    0.14583333333334    0.00000000000000             4
   -0.41666666666666    0.14583333333334    0.00000000000000             4
   -0.39583333333333    0.14583333333334    0.00000000000000             4
   -0.37500000000000    0.14583333333334    0.00000000000000             4
   -0.35416666666666    0.14583333333334    0.00000000000000             4
   -0.33333333333333    0.14583333333334    0.00000000000000             4
   -0.31250000000000    0.14583333333334    0.00000000000000             4
   -0.29166666666666    0.14583333333334    0.00000000000000             4
   -0.27083333333333    0.14583333333334    0.00000000000000             4
   -0.25000000000000    0.14583333333334    0.00000000000000             4
   -0.22916666666666    0.14583333333334    0.00000000000000             4
   -0.20833333333333    0.14583333333334    0.00000000000000             4
   -0.18750000000000    0.14583333333334    0.00000000000000             4
   -0.16666666666666    0.14583333333334    0.00000000000000             4
   -0.14583333333333    0.14583333333334    0.00000000000000             4
   -0.12500000000000    0.14583333333334    0.00000000000000             4
   -0.10416666666666    0.14583333333334    0.00000000000000             4
   -0.08333333333333    0.14583333333334    0.00000000000000             4
   -0.06250000000000    0.14583333333334    0.00000000000000             4
   -0.04166666666666    0.14583333333334    0.00000000000000             4
   -0.02083333333333    0.14583333333334    0.00000000000000             4
    0.00000000000000    0.16666666666667    0.00000000000000             2
    0.33333333333334    0.16666666666667    0.00000000000000             2
    0.35416666666667    0.16666666666667    0.00000000000000             4
    0.37500000000000    0.16666666666667    0.00000000000000             4
    0.39583333333334    0.16666666666667    0.00000000000000             4
    0.41666666666667    0.16666666666667    0.00000000000000             4
    0.43750000000000    0.16666666666667    0.00000000000000             4
    0.45833333333334    0.16666666666667    0.00000000000000             4
    0.47916666666667    0.16666666666667    0.00000000000000             4
    0.50000000000000    0.16666666666667    0.00000000000000             4
   -0.47916666666666    0.16666666666667    0.00000000000000             4
   -0.45833333333333    0.16666666666667    0.00000000000000             4
   -0.43750000000000    0.16666666666667    0.00000000000000             4
   -0.41666666666666    0.16666666666667    0.00000000000000             4
   -0.39583333333333    0.16666666666667    0.00000000000000             4
   -0.37500000000000    0.16666666666667    0.00000000000000             4
   -0.35416666666666    0.16666666666667    0.00000000000000             4
   -0.33333333333333    0.16666666666667    0.00000000000000             4
   -0.31250000000000    0.16666666666667    0.00000000000000             4
   -0.29166666666666    0.16666666666667    0.00000000000000             4
   -0.27083333333333    0.16666666666667    0.00000000000000             4
   -0.25000000000000    0.16666666666667    0.00000000000000             4
   -0.22916666666666    0.16666666666667    0.00000000000000             4
   -0.20833333333333    0.16666666666667    0.00000000000000             4
   -0.18750000000000    0.16666666666667    0.00000000000000             4
   -0.16666666666666    0.16666666666667    0.00000000000000             4
   -0.14583333333333    0.16666666666667    0.00000000000000             4
   -0.12500000000000    0.16666666666667    0.00000000000000             4
   -0.10416666666666    0.16666666666667    0.00000000000000             4
   -0.08333333333333    0.16666666666667    0.00000000000000             4
   -0.06250000000000    0.16666666666667    0.00000000000000             4
   -0.04166666666666    0.16666666666667    0.00000000000000             4
   -0.02083333333333    0.16666666666667    0.00000000000000             4
    0.00000000000000    0.18750000000000    0.00000000000000             2
    0.37500000000000    0.18750000000000    0.00000000000000             2
    0.39583333333334    0.18750000000000    0.00000000000000             4
    0.41666666666667    0.18750000000000    0.00000000000000             4
    0.43750000000000    0.18750000000000    0.00000000000000             4
    0.45833333333334    0.18750000000000    0.00000000000000             4
    0.47916666666667    0.18750000000000    0.00000000000000             4
    0.50000000000000    0.18750000000000    0.00000000000000             4
   -0.47916666666666    0.18750000000000    0.00000000000000             4
   -0.45833333333333    0.18750000000000    0.00000000000000             4
   -0.43750000000000    0.18750000000000    0.00000000000000             4
   -0.41666666666666    0.18750000000000    0.00000000000000             4
   -0.39583333333333    0.18750000000000    0.00000000000000             4
   -0.37500000000000    0.18750000000000    0.00000000000000             4
   -0.35416666666666    0.18750000000000    0.00000000000000             4
   -0.33333333333333    0.18750000000000    0.00000000000000             4
   -0.31250000000000    0.18750000000000    0.00000000000000             4
   -0.29166666666666    0.18750000000000    0.00000000000000             4
   -0.27083333333333    0.18750000000000    0.00000000000000             4
   -0.25000000000000    0.18750000000000    0.00000000000000             4
   -0.22916666666666    0.18750000000000    0.00000000000000             4
   -0.20833333333333    0.18750000000000    0.00000000000000             4
   -0.18750000000000    0.18750000000000    0.00000000000000             4
   -0.16666666666666    0.18750000000000    0.00000000000000             4
   -0.14583333333333    0.18750000000000    0.00000000000000             4
   -0.12500000000000    0.18750000000000    0.00000000000000             4
   -0.10416666666666    0.18750000000000    0.00000000000000             4
   -0.08333333333333    0.18750000000000    0.00000000000000             4
   -0.06250000000000    0.18750000000000    0.00000000000000             4
   -0.04166666666666    0.18750000000000    0.00000000000000             4
   -0.02083333333333    0.18750000000000    0.00000000000000             4
    0.00000000000000    0.20833333333334    0.00000000000000             2
    0.41666666666667    0.20833333333334    0.00000000000000             2
    0.43750000000000    0.20833333333334    0.00000000000000             4
    0.45833333333334    0.20833333333334    0.00000000000000             4
    0.47916666666667    0.20833333333334    0.00000000000000             4
    0.50000000000000    0.20833333333334    0.00000000000000             4
   -0.47916666666666    0.20833333333334    0.00000000000000             4
   -0.45833333333333    0.20833333333334    0.00000000000000             4
   -0.43750000000000    0.20833333333334    0.00000000000000             4
   -0.41666666666666    0.20833333333334    0.00000000000000             4
   -0.39583333333333    0.20833333333334    0.00000000000000             4
   -0.37500000000000    0.20833333333334    0.00000000000000             4
   -0.35416666666666    0.20833333333334    0.00000000000000             4
   -0.33333333333333    0.20833333333334    0.00000000000000             4
   -0.31250000000000    0.20833333333334    0.00000000000000             4
   -0.29166666666666    0.20833333333334    0.00000000000000             4
   -0.27083333333333    0.20833333333334    0.00000000000000             4
   -0.25000000000000    0.20833333333334    0.00000000000000             4
   -0.22916666666666    0.20833333333334    0.00000000000000             4
   -0.20833333333333    0.20833333333334    0.00000000000000             4
   -0.18750000000000    0.20833333333334    0.00000000000000             4
   -0.16666666666666    0.20833333333334    0.00000000000000             4
   -0.14583333333333    0.20833333333334    0.00000000000000             4
   -0.12500000000000    0.20833333333334    0.00000000000000             4
   -0.10416666666666    0.20833333333334    0.00000000000000             4
   -0.08333333333333    0.20833333333334    0.00000000000000             4
   -0.06250000000000    0.20833333333334    0.00000000000000             4
   -0.04166666666666    0.20833333333334    0.00000000000000             4
   -0.02083333333333    0.20833333333334    0.00000000000000             4
    0.00000000000000    0.22916666666667    0.00000000000000             2
    0.45833333333334    0.22916666666667    0.00000000000000             2
    0.47916666666667    0.22916666666667    0.00000000000000             4
    0.50000000000000    0.22916666666667    0.00000000000000             4
   -0.47916666666666    0.22916666666667    0.00000000000000             4
   -0.45833333333333    0.22916666666667    0.00000000000000             4
   -0.43750000000000    0.22916666666667    0.00000000000000             4
   -0.41666666666666    0.22916666666667    0.00000000000000             4
   -0.39583333333333    0.22916666666667    0.00000000000000             4
   -0.37500000000000    0.22916666666667    0.00000000000000             4
   -0.35416666666666    0.22916666666667    0.00000000000000             4
   -0.33333333333333    0.22916666666667    0.00000000000000             4
   -0.31250000000000    0.22916666666667    0.00000000000000             4
   -0.29166666666666    0.22916666666667    0.00000000000000             4
   -0.27083333333333    0.22916666666667    0.00000000000000             4
   -0.25000000000000    0.22916666666667    0.00000000000000             4
   -0.22916666666666    0.22916666666667    0.00000000000000             4
   -0.20833333333333    0.22916666666667    0.00000000000000             4
   -0.18750000000000    0.22916666666667    0.00000000000000             4
   -0.16666666666666    0.22916666666667    0.00000000000000             4
   -0.14583333333333    0.22916666666667    0.00000000000000             4
   -0.12500000000000    0.22916666666667    0.00000000000000             4
   -0.10416666666666    0.22916666666667    0.00000000000000             4
   -0.08333333333333    0.22916666666667    0.00000000000000             4
   -0.06250000000000    0.22916666666667    0.00000000000000             4
   -0.04166666666666    0.22916666666667    0.00000000000000             4
   -0.02083333333333    0.22916666666667    0.00000000000000             4
    0.00000000000000    0.25000000000000    0.00000000000000             2
    0.50000000000000    0.25000000000000    0.00000000000000             2
   -0.47916666666666    0.25000000000000    0.00000000000000             4
   -0.45833333333333    0.25000000000000    0.00000000000000             4
   -0.43750000000000    0.25000000000000    0.00000000000000             4
   -0.41666666666666    0.25000000000000    0.00000000000000             4
   -0.39583333333333    0.25000000000000    0.00000000000000             4
   -0.37500000000000    0.25000000000000    0.00000000000000             4
   -0.35416666666666    0.25000000000000    0.00000000000000             4
   -0.33333333333333    0.25000000000000    0.00000000000000             4
   -0.31250000000000    0.25000000000000    0.00000000000000             4
   -0.29166666666666    0.25000000000000    0.00000000000000             4
   -0.27083333333333    0.25000000000000    0.00000000000000             4
   -0.25000000000000    0.25000000000000    0.00000000000000             4
   -0.22916666666666    0.25000000000000    0.00000000000000             4
   -0.20833333333333    0.25000000000000    0.00000000000000             4
   -0.18750000000000    0.25000000000000    0.00000000000000             4
   -0.16666666666666    0.25000000000000    0.00000000000000             4
   -0.14583333333333    0.25000000000000    0.00000000000000             4
   -0.12500000000000    0.25000000000000    0.00000000000000             4
   -0.10416666666666    0.25000000000000    0.00000000000000             4
   -0.08333333333333    0.25000000000000    0.00000000000000             4
   -0.06250000000000    0.25000000000000    0.00000000000000             4
   -0.04166666666666    0.25000000000000    0.00000000000000             4
   -0.02083333333333    0.25000000000000    0.00000000000000             4
    0.00000000000000    0.27083333333334    0.00000000000000             2
   -0.45833333333333    0.27083333333334    0.00000000000000             2
   -0.43750000000000    0.27083333333334    0.00000000000000             4
   -0.41666666666666    0.27083333333334    0.00000000000000             4
   -0.39583333333333    0.27083333333334    0.00000000000000             4
   -0.37500000000000    0.27083333333334    0.00000000000000             4
   -0.35416666666666    0.27083333333334    0.00000000000000             4
   -0.33333333333333    0.27083333333334    0.00000000000000             4
   -0.31250000000000    0.27083333333334    0.00000000000000             4
   -0.29166666666666    0.27083333333334    0.00000000000000             4
   -0.27083333333333    0.27083333333334    0.00000000000000             4
   -0.25000000000000    0.27083333333334    0.00000000000000             4
   -0.22916666666666    0.27083333333334    0.00000000000000             4
   -0.20833333333333    0.27083333333334    0.00000000000000             4
   -0.18750000000000    0.27083333333334    0.00000000000000             4
   -0.16666666666666    0.27083333333334    0.00000000000000             4
   -0.14583333333333    0.27083333333334    0.00000000000000             4
   -0.12500000000000    0.27083333333334    0.00000000000000             4
   -0.10416666666666    0.27083333333334    0.00000000000000             4
   -0.08333333333333    0.27083333333334    0.00000000000000             4
   -0.06250000000000    0.27083333333334    0.00000000000000             4
   -0.04166666666666    0.27083333333334    0.00000000000000             4
   -0.02083333333333    0.27083333333334    0.00000000000000             4
    0.00000000000000    0.29166666666667    0.00000000000000             2
   -0.41666666666666    0.29166666666667    0.00000000000000             2
   -0.39583333333333    0.29166666666667    0.00000000000000             4
   -0.37500000000000    0.29166666666667    0.00000000000000             4
   -0.35416666666666    0.29166666666667    0.00000000000000             4
   -0.33333333333333    0.29166666666667    0.00000000000000             4
   -0.31250000000000    0.29166666666667    0.00000000000000             4
   -0.29166666666666    0.29166666666667    0.00000000000000             4
   -0.27083333333333    0.29166666666667    0.00000000000000             4
   -0.25000000000000    0.29166666666667    0.00000000000000             4
   -0.22916666666666    0.29166666666667    0.00000000000000             4
   -0.20833333333333    0.29166666666667    0.00000000000000             4
   -0.18750000000000    0.29166666666667    0.00000000000000             4
   -0.16666666666666    0.29166666666667    0.00000000000000             4
   -0.14583333333333    0.29166666666667    0.00000000000000             4
   -0.12500000000000    0.29166666666667    0.00000000000000             4
   -0.10416666666666    0.29166666666667    0.00000000000000             4
   -0.08333333333333    0.29166666666667    0.00000000000000             4
   -0.06250000000000    0.29166666666667    0.00000000000000             4
   -0.04166666666666    0.29166666666667    0.00000000000000             4
   -0.02083333333333    0.29166666666667    0.00000000000000             4
    0.00000000000000    0.31250000000000    0.00000000000000             2
   -0.37500000000000    0.31250000000000    0.00000000000000             2
   -0.35416666666666    0.31250000000000    0.00000000000000             4
   -0.33333333333333    0.31250000000000    0.00000000000000             4
   -0.31250000000000    0.31250000000000    0.00000000000000             4
   -0.29166666666666    0.31250000000000    0.00000000000000             4
   -0.27083333333333    0.31250000000000    0.00000000000000             4
   -0.25000000000000    0.31250000000000    0.00000000000000             4
   -0.22916666666666    0.31250000000000    0.00000000000000             4
   -0.20833333333333    0.31250000000000    0.00000000000000             4
   -0.18750000000000    0.31250000000000    0.00000000000000             4
   -0.16666666666666    0.31250000000000    0.00000000000000             4
   -0.14583333333333    0.31250000000000    0.00000000000000             4
   -0.12500000000000    0.31250000000000    0.00000000000000             4
   -0.10416666666666    0.31250000000000    0.00000000000000             4
   -0.08333333333333    0.31250000000000    0.00000000000000             4
   -0.06250000000000    0.31250000000000    0.00000000000000             4
   -0.04166666666666    0.31250000000000    0.00000000000000             4
   -0.02083333333333    0.31250000000000    0.00000000000000             4
    0.00000000000000    0.33333333333334    0.00000000000000             2
   -0.33333333333333    0.33333333333334    0.00000000000000             2
   -0.31250000000000    0.33333333333334    0.00000000000000             4
   -0.29166666666666    0.33333333333334    0.00000000000000             4
   -0.27083333333333    0.33333333333334    0.00000000000000             4
   -0.25000000000000    0.33333333333334    0.00000000000000             4
   -0.22916666666666    0.33333333333334    0.00000000000000             4
   -0.20833333333333    0.33333333333334    0.00000000000000             4
   -0.18750000000000    0.33333333333334    0.00000000000000             4
   -0.16666666666666    0.33333333333334    0.00000000000000             4
   -0.14583333333333    0.33333333333334    0.00000000000000             4
   -0.12500000000000    0.33333333333334    0.00000000000000             4
   -0.10416666666666    0.33333333333334    0.00000000000000             4
   -0.08333333333333    0.33333333333334    0.00000000000000             4
   -0.06250000000000    0.33333333333334    0.00000000000000             4
   -0.04166666666666    0.33333333333334    0.00000000000000             4
   -0.02083333333333    0.33333333333334    0.00000000000000             4
    0.00000000000000    0.35416666666667    0.00000000000000             2
   -0.29166666666666    0.35416666666667    0.00000000000000             2
   -0.27083333333333    0.35416666666667    0.00000000000000             4
   -0.25000000000000    0.35416666666667    0.00000000000000             4
   -0.22916666666666    0.35416666666667    0.00000000000000             4
   -0.20833333333333    0.35416666666667    0.00000000000000             4
   -0.18750000000000    0.35416666666667    0.00000000000000             4
   -0.16666666666666    0.35416666666667    0.00000000000000             4
   -0.14583333333333    0.35416666666667    0.00000000000000             4
   -0.12500000000000    0.35416666666667    0.00000000000000             4
   -0.10416666666666    0.35416666666667    0.00000000000000             4
   -0.08333333333333    0.35416666666667    0.00000000000000             4
   -0.06250000000000    0.35416666666667    0.00000000000000             4
   -0.04166666666666    0.35416666666667    0.00000000000000             4
   -0.02083333333333    0.35416666666667    0.00000000000000             4
    0.00000000000000    0.37500000000000    0.00000000000000             2
   -0.25000000000000    0.37500000000000    0.00000000000000             2
   -0.22916666666666    0.37500000000000    0.00000000000000             4
   -0.20833333333333    0.37500000000000    0.00000000000000             4
   -0.18750000000000    0.37500000000000    0.00000000000000             4
   -0.16666666666666    0.37500000000000    0.00000000000000             4
   -0.14583333333333    0.37500000000000    0.00000000000000             4
   -0.12500000000000    0.37500000000000    0.00000000000000             4
   -0.10416666666666    0.37500000000000    0.00000000000000             4
   -0.08333333333333    0.37500000000000    0.00000000000000             4
   -0.06250000000000    0.37500000000000    0.00000000000000             4
   -0.04166666666666    0.37500000000000    0.00000000000000             4
   -0.02083333333333    0.37500000000000    0.00000000000000             4
    0.00000000000000    0.39583333333334    0.00000000000000             2
   -0.20833333333333    0.39583333333334    0.00000000000000             2
   -0.18750000000000    0.39583333333334    0.00000000000000             4
   -0.16666666666666    0.39583333333334    0.00000000000000             4
   -0.14583333333333    0.39583333333334    0.00000000000000             4
   -0.12500000000000    0.39583333333334    0.00000000000000             4
   -0.10416666666666    0.39583333333334    0.00000000000000             4
   -0.08333333333333    0.39583333333334    0.00000000000000             4
   -0.06250000000000    0.39583333333334    0.00000000000000             4
   -0.04166666666666    0.39583333333334    0.00000000000000             4
   -0.02083333333333    0.39583333333334    0.00000000000000             4
    0.00000000000000    0.41666666666667    0.00000000000000             2
   -0.16666666666666    0.41666666666667    0.00000000000000             2
   -0.14583333333333    0.41666666666667    0.00000000000000             4
   -0.12500000000000    0.41666666666667    0.00000000000000             4
   -0.10416666666666    0.41666666666667    0.00000000000000             4
   -0.08333333333333    0.41666666666667    0.00000000000000             4
   -0.06250000000000    0.41666666666667    0.00000000000000             4
   -0.04166666666666    0.41666666666667    0.00000000000000             4
   -0.02083333333333    0.41666666666667    0.00000000000000             4
    0.00000000000000    0.43750000000000    0.00000000000000             2
   -0.12500000000000    0.43750000000000    0.00000000000000             2
   -0.10416666666666    0.43750000000000    0.00000000000000             4
   -0.08333333333333    0.43750000000000    0.00000000000000             4
   -0.06250000000000    0.43750000000000    0.00000000000000             4
   -0.04166666666666    0.43750000000000    0.00000000000000             4
   -0.02083333333333    0.43750000000000    0.00000000000000             4
    0.00000000000000    0.45833333333334    0.00000000000000             2
   -0.08333333333333    0.45833333333334    0.00000000000000             2
   -0.06250000000000    0.45833333333334    0.00000000000000             4
   -0.04166666666666    0.45833333333334    0.00000000000000             4
   -0.02083333333333    0.45833333333334    0.00000000000000             4
    0.00000000000000    0.47916666666667    0.00000000000000             2
   -0.04166666666666    0.47916666666667    0.00000000000000             2
   -0.02083333333333    0.47916666666667    0.00000000000000             4
    0.00000000000000    0.50000000000000    0.00000000000000             1
