    1   64    4
  9.013
    1    1  0.0150  0.0000  0.0000
 -0.118522530549   0.000000000000  -0.000098629651
 -0.003342395780  -0.000001095410  -0.000106100803
  0.003049896033   0.000000000000  -0.000110554683
 -0.003342395780   0.000001095410  -0.000106100803
  0.041158503456   0.000000000000  -0.007167166612
 -0.004396754605  -0.003483325968   0.002242847633
 -0.003962992939   0.000000000000   0.001226016925
 -0.004396754605   0.003483325968   0.002242847633
  0.003089854264   0.000000000000  -0.000106079459
  0.001443906905  -0.000001687880  -0.000108544545
  0.003022151986   0.000000000000  -0.000108920841
  0.001443906905   0.000001687880  -0.000108544545
  0.041175001245   0.000000000000   0.006979180196
 -0.004389272825   0.003487552841  -0.002451632873
 -0.003968837389   0.000000000000  -0.001450229506
 -0.004389272825  -0.003487552841  -0.002451632873
  0.010181589933   0.003484467080   0.013080282170
  0.010181589933  -0.003484467080   0.013080282170
 -0.001236690994  -0.000262505601   0.000437218678
 -0.001236690994   0.000262505601   0.000437218678
  0.010173402601  -0.003487097985  -0.013022138569
  0.010173402601   0.003487097985  -0.013022138569
 -0.001230575662   0.000260693024  -0.000390561127
 -0.001230575662  -0.000260693024  -0.000390561127
  0.002149203263   0.000412609242   0.000221538957
  0.002149203263  -0.000412609242   0.000221538957
  0.001904682044   0.000267426477   0.000535470471
  0.001904682044  -0.000267426477   0.000535470471
  0.002140679273  -0.000413516192  -0.000171578085
  0.002140679273   0.000413516192  -0.000171578085
  0.001908869981  -0.000264923871  -0.000488070443
  0.001908869981   0.000264923871  -0.000488070443
  0.001733208906   0.000000000000   0.000112610882
  0.002160449115  -0.000001196738   0.000107787878
  0.002680166920   0.000000000000   0.000106747114
  0.002160449115   0.000001196738   0.000107787878
  0.001191571569   0.000000000000  -0.001583617900
 -0.001875128024  -0.003115573732   0.001249231171
 -0.001885304040   0.000000000000  -0.000049939550
 -0.001875128024   0.003115573732   0.001249231171
  0.000481863354   0.000000000000   0.000115182766
  0.000124140110   0.000000698992   0.000107977781
  0.002725885978   0.000000000000   0.000107103557
  0.000124140110  -0.000000698992   0.000107977781
  0.001190800333   0.000000000000   0.001816685987
 -0.001875745985   0.003114120110  -0.001023825741
 -0.001887583548   0.000000000000   0.000273099800
 -0.001875745985  -0.003114120110  -0.001023825741
 -0.000190907190  -0.000977603474  -0.001352992992
 -0.000190907190   0.000977603474  -0.001352992992
 -0.001224697532  -0.000519662956  -0.000784670394
 -0.001224697532   0.000519662956  -0.000784670394
 -0.000193505866   0.000973862893   0.001289028954
 -0.000193505866  -0.000973862893   0.001289028954
 -0.001227041500   0.000518034835   0.000723102996
 -0.001227041500  -0.000518034835   0.000723102996
  0.001300977979  -0.000523225915   0.000193079032
  0.001300977979   0.000523225915   0.000193079032
  0.000382710894  -0.002287868329  -0.001293469693
  0.000382710894   0.002287868329  -0.001293469693
  0.001299085912   0.000519619603  -0.000256215760
  0.001299085912  -0.000519619603  -0.000256215760
  0.000377190163   0.002283431784   0.001231490794
  0.000377190163  -0.002283431784   0.001231490794
    1    2  0.0000  0.0000  0.0150
  0.000000000000  -0.000000000000  -0.068325677876
  0.000000000000   0.007124022433   0.002245083669
  0.000000000000  -0.000000000000   0.001574754056
  0.000000000000  -0.007124022433   0.002245083669
  0.007124022433  -0.000000000000   0.002245083669
 -0.002375016156  -0.002375016156   0.004336130957
 -0.001332445938  -0.000000000000  -0.001073889892
 -0.002375016156   0.002375016156   0.004336130957
  0.000000000000  -0.000000000000   0.001574754056
  0.000000000000  -0.001332445938  -0.001073889892
  0.000000000000  -0.000000000000   0.004700798286
  0.000000000000   0.001332445938  -0.001073889892
 -0.007124022433  -0.000000000000   0.002245083669
  0.002375016156  -0.002375016156   0.004336130957
  0.001332445938  -0.000000000000  -0.001073889892
  0.002375016156   0.002375016156   0.004336130957
  0.009039009413   0.009039009413   0.011360108108
  0.009039009413  -0.009039009413   0.011360108108
  0.001029583562  -0.001403423351   0.001143807521
  0.001029583562   0.001403423351   0.001143807521
 -0.009039009413   0.009039009413   0.011360108108
 -0.009039009413  -0.009039009413   0.011360108108
 -0.001029583562  -0.001403423351   0.001143807521
 -0.001029583562   0.001403423351   0.001143807521
 -0.001403423351   0.001029583562   0.001143807521
 -0.001403423351  -0.001029583562   0.001143807521
 -0.001311960140  -0.001311960140   0.001539664955
 -0.001311960140   0.001311960140   0.001539664955
  0.001403423351   0.001029583562   0.001143807521
  0.001403423351  -0.001029583562   0.001143807521
  0.001311960140  -0.001311960140   0.001539664955
  0.001311960140   0.001311960140   0.001539664955
  0.000000000000  -0.000000000000  -0.002570180889
  0.000000000000   0.000448056844   0.002138881591
  0.000000000000  -0.000000000000  -0.000259789224
  0.000000000000  -0.000448056844   0.002138881591
  0.000448056844  -0.000000000000   0.002138881591
  0.000926389133   0.000926389133  -0.002398392080
 -0.002413257773  -0.000000000000  -0.000124090235
  0.000926389133  -0.000926389133  -0.002398392080
  0.000000000000  -0.000000000000  -0.000259789224
  0.000000000000  -0.002413257773  -0.000124090235
  0.000000000000  -0.000000000000  -0.003724938214
  0.000000000000   0.002413257773  -0.000124090235
 -0.000448056844  -0.000000000000   0.002138881591
 -0.000926389133   0.000926389133  -0.002398392080
  0.002413257773  -0.000000000000  -0.000124090235
 -0.000926389133  -0.000926389133  -0.002398392080
 -0.001318320558  -0.001318320558  -0.001225705751
 -0.001318320558   0.001318320558  -0.001225705751
 -0.000766284931   0.000229101631  -0.000361962121
 -0.000766284931  -0.000229101631  -0.000361962121
  0.001318320558  -0.001318320558  -0.001225705751
  0.001318320558   0.001318320558  -0.001225705751
  0.000766284931   0.000229101631  -0.000361962121
  0.000766284931  -0.000229101631  -0.000361962121
  0.000229101631  -0.000766284931  -0.000361962121
  0.000229101631   0.000766284931  -0.000361962121
 -0.001276104975  -0.001276104975  -0.001538964864
 -0.001276104975   0.001276104975  -0.001538964864
 -0.000229101631  -0.000766284931  -0.000361962121
 -0.000229101631   0.000766284931  -0.000361962121
  0.001276104975  -0.001276104975  -0.001538964864
  0.001276104975   0.001276104975  -0.001538964864
   17    1  0.0150  0.0000  0.0000
  0.010193056465   0.003421273237   0.009004070769
 -0.001246292433  -0.000398159831   0.001008240199
 -0.001246292433   0.000398159831   0.001008240199
  0.010193056465  -0.003421273237   0.009004070769
  0.002139250445   0.000281408501   0.001379867155
  0.001918474057   0.000287337374   0.001261205631
  0.001918474057  -0.000287337374   0.001261205631
  0.002139250445  -0.000281408501   0.001379867155
  0.002136145925  -0.000279113673  -0.001440102296
  0.001918499292  -0.000288344856  -0.001323716993
  0.001918499292   0.000288344856  -0.001323716993
  0.002136145925   0.000279113673  -0.001440102296
  0.010189563176  -0.003420994011  -0.009062209131
 -0.001246707256   0.000400928825  -0.001063058511
 -0.001246707256  -0.000400928825  -0.001063058511
  0.010189563176   0.003420994011  -0.009062209131
 -0.150359307428  -0.000000000000  -0.000048366390
  0.002002512505   0.000003659361  -0.000050151138
  0.000433154788  -0.000000000000  -0.000052189415
  0.002002512505  -0.000003659361  -0.000050151138
  0.030382004871  -0.000000000000  -0.001398203040
 -0.000645874849  -0.002769001897   0.000042602959
 -0.000827825864  -0.000000000000   0.002220274003
 -0.000645874849   0.002769001897   0.000042602959
 -0.011226072405  -0.000000000000  -0.000055687477
 -0.002027343796  -0.000001962848  -0.000051933364
  0.001463912064  -0.000000000000  -0.000047913730
 -0.002027343796   0.000001962848  -0.000051933364
  0.030384546696  -0.000000000000   0.001290575325
 -0.000652317433   0.002772779636  -0.000149650289
 -0.000827329236  -0.000000000000  -0.002316642141
 -0.000652317433  -0.002772779636  -0.000149650289
  0.010235155755   0.001414361838  -0.009981029021
 -0.005253973362  -0.001658249092   0.000435654017
 -0.005253973362   0.001658249092   0.000435654017
  0.010235155755  -0.001414361838  -0.009981029021
  0.002201194539  -0.001659783680  -0.001079072476
  0.004795503060  -0.002619328765  -0.001252176045
  0.004795503060   0.002619328765  -0.001252176045
  0.002201194539   0.001659783680  -0.001079072476
  0.002200803388   0.001657853502   0.001152847032
  0.004799944162   0.002615622986   0.001328517100
  0.004799944162  -0.002615622986   0.001328517100
  0.002200803388  -0.001657853502   0.001152847032
  0.010234216212  -0.001414910829   0.010040995190
 -0.005250114125   0.001657622741  -0.000361310622
 -0.005250114125  -0.001657622741  -0.000361310622
  0.010234216212   0.001414910829   0.010040995190
  0.001756797792  -0.000000000000   0.000051320762
  0.002135945085   0.000000513198   0.000049250262
  0.002677226627  -0.000000000000   0.000045034952
  0.002135945085  -0.000000513198   0.000049250262
  0.001202102255  -0.000000000000   0.000485415062
 -0.001841304600  -0.003121112821   0.000972716825
 -0.001888031907  -0.000000000000  -0.002364128372
 -0.001841304600   0.003121112821   0.000972716825
  0.000440451799  -0.000000000000   0.000042314953
  0.000075806821  -0.000000994328   0.000042835333
  0.002733078539  -0.000000000000   0.000041773071
  0.000075806821   0.000000994328   0.000042835333
  0.001199514316  -0.000000000000  -0.000389263242
 -0.001840943248   0.003119781554  -0.000881314969
 -0.001886622479  -0.000000000000   0.002449530448
 -0.001840943248  -0.003119781554  -0.000881314969
   17    2  0.0000  0.0000  0.0150
  0.013064157476   0.013064157476   0.011349968028
  0.000386414622  -0.000151966050   0.001118154570
  0.000386414622   0.000151966050   0.001118154570
  0.013064157476  -0.013064157476   0.011349968028
 -0.000151966050   0.000386414622   0.001118154570
 -0.000513527853  -0.000513527853   0.001552287288
 -0.000513527853   0.000513527853   0.001552287288
 -0.000151966050  -0.000386414622   0.001118154570
  0.000151966050   0.000386414622   0.001118154570
  0.000513527853  -0.000513527853   0.001552287288
  0.000513527853   0.000513527853   0.001552287288
  0.000151966050  -0.000386414622   0.001118154570
 -0.013064157476   0.013064157476   0.011349968028
 -0.000386414622  -0.000151966050   0.001118154570
 -0.000386414622   0.000151966050   0.001118154570
 -0.013064157476  -0.013064157476   0.011349968028
  0.000000000000   0.000000000000  -0.130631410625
  0.000000000000   0.001431796272   0.007850390450
  0.000000000000   0.000000000000   0.002918591997
  0.000000000000  -0.001431796272   0.007850390450
  0.001431796272   0.000000000000   0.007850390450
 -0.000083763654  -0.000083763654  -0.000953041723
 -0.002341778783   0.000000000000  -0.001990712766
 -0.000083763654   0.000083763654  -0.000953041723
  0.000000000000   0.000000000000   0.002918591997
  0.000000000000  -0.002341778783  -0.001990712766
  0.000000000000   0.000000000000  -0.002846247893
  0.000000000000   0.002341778783  -0.001990712766
 -0.001431796272   0.000000000000   0.007850390450
  0.000083763654  -0.000083763654  -0.000953041723
  0.002341778783   0.000000000000  -0.001990712766
  0.000083763654   0.000083763654  -0.000953041723
 -0.009966229285  -0.009966229285   0.008047727960
  0.000357657725  -0.001066563593   0.001929822779
  0.000357657725   0.001066563593   0.001929822779
 -0.009966229285   0.009966229285   0.008047727960
 -0.001066563593   0.000357657725   0.001929822779
 -0.001319909009  -0.001319909009   0.002049381636
 -0.001319909009   0.001319909009   0.002049381636
 -0.001066563593  -0.000357657725   0.001929822779
  0.001066563593   0.000357657725   0.001929822779
  0.001319909009  -0.001319909009   0.002049381636
  0.001319909009   0.001319909009   0.002049381636
  0.001066563593  -0.000357657725   0.001929822779
  0.009966229285  -0.009966229285   0.008047727960
 -0.000357657725  -0.001066563593   0.001929822779
 -0.000357657725   0.001066563593   0.001929822779
  0.009966229285   0.009966229285   0.008047727960
  0.000000000000   0.000000000000  -0.002600686537
  0.000000000000  -0.001657952213   0.002138818807
  0.000000000000   0.000000000000  -0.000222478050
  0.000000000000   0.001657952213   0.002138818807
 -0.001657952213   0.000000000000   0.002138818807
  0.001111804350   0.001111804350  -0.002399178388
 -0.000202516485   0.000000000000  -0.000131636688
  0.001111804350  -0.001111804350  -0.002399178388
  0.000000000000   0.000000000000  -0.000222478050
  0.000000000000  -0.000202516485  -0.000131636688
  0.000000000000   0.000000000000  -0.003753720041
  0.000000000000   0.000202516485  -0.000131636688
  0.001657952213   0.000000000000   0.002138818807
 -0.001111804350   0.001111804350  -0.002399178388
  0.000202516485   0.000000000000  -0.000131636688
 -0.001111804350  -0.001111804350  -0.002399178388
