    1  100    4
  9.013
    1    1  0.0150  0.0000  0.0000
 -0.217332558756   0.000000000000  -0.000000020142
  0.008433648326  -0.002468673322  -0.000000198894
 -0.000160619530   0.001290654351  -0.000000166518
 -0.000157446215   0.000608988842   0.000000060236
  0.008442058083  -0.005700236926   0.000000144491
  0.008442058083   0.005700236926   0.000000144491
  0.001369759322  -0.001623237102   0.000000028285
  0.000725865081   0.000381956920   0.000000060805
 -0.000065957079   0.000393034940  -0.000000050040
  0.000049445685   0.000000000000  -0.000000103885
 -0.000157446215  -0.000608988842   0.000000060236
  0.000720530319  -0.000386230655   0.000000085014
  0.001483417255  -0.000341490562   0.000000106993
  0.000608641954   0.000000000000   0.000000106682
 -0.000065957079  -0.000393034940  -0.000000050040
 -0.000160619530  -0.001290654351  -0.000000166518
 -0.000065088722  -0.000388269955   0.000000054605
  0.000607270921   0.000000000000  -0.000000133512
  0.001483417255   0.000341490562   0.000000106993
  0.000725865081  -0.000381956920   0.000000060805
  0.008433648326   0.002468673322  -0.000000198894
  0.000047638256   0.000000000000  -0.000000181832
 -0.000065088722   0.000388269955   0.000000054605
  0.000720530319   0.000386230655   0.000000085014
  0.001369759322   0.001623237102   0.000000028285
  0.009146532694   0.007252923126   0.002336589764
 -0.000133208106  -0.000116875024   0.000675963358
  0.000079385839  -0.000412955816   0.000298444362
  0.000291971726   0.000000240003   0.000036372048
  0.000075207100   0.000000000000  -0.001353080802
  0.000093747669  -0.000607387663  -0.000381839766
 -0.000092968351   0.000698113405  -0.000627449928
 -0.000168475863   0.000021009513  -0.000332592215
  0.000234512124   0.000000000000  -0.000001178942
  0.000291971726  -0.000000240003   0.000036372048
  0.000244479376   0.000159190838   0.000263457627
  0.000044762748   0.000056157464  -0.000186910236
 -0.000031373839   0.000000000000  -0.000529355908
 -0.000168475863  -0.000021009513  -0.000332592215
  0.000079385839   0.000412955816   0.000298444362
  0.000081618785   0.000816496006   0.001011939822
  0.000140661559   0.000000000000   0.000376386495
  0.000044762748  -0.000056157464  -0.000186910236
 -0.000092968351  -0.000698113405  -0.000627449928
 -0.000133208106   0.000116875024   0.000675963358
  0.021728826538   0.000000000000  -0.004690166269
  0.000081618785  -0.000816496006   0.001011939822
  0.000244479376  -0.000159190838   0.000263457627
  0.000093747669   0.000607387663  -0.000381839766
  0.009146532694  -0.007252923126   0.002336589764
  0.016935801212  -0.030966053753  -0.000003876948
 -0.000068523550  -0.000141484860   0.000000033834
  0.000339108468  -0.000613005300   0.000000037091
 -0.000740916666  -0.000530596399  -0.000000050108
  0.070634016598   0.000000000000   0.000007742875
 -0.000223935982  -0.002280456229  -0.000000118378
 -0.000991835032   0.000384970685  -0.000000007407
 -0.000450763511  -0.000042324745  -0.000000181640
 -0.000378074700   0.000000000000   0.000000349511
 -0.000740916666   0.000530596399  -0.000000050108
 -0.000187192030   0.000445083350  -0.000000067971
 -0.001017843127  -0.000035435086  -0.000000100748
 -0.000719513814   0.000000000000  -0.000000056161
 -0.000450763511   0.000042324745  -0.000000181640
  0.000339108468   0.000613005300   0.000000037091
 -0.000246273338   0.000474540057   0.000000170329
 -0.000183812282   0.000000000000  -0.000000004881
 -0.001017843127   0.000035435086  -0.000000100748
 -0.000991835032  -0.000384970685  -0.000000007407
 -0.000068523550   0.000141484860   0.000000033834
 -0.004151454787   0.000000000000   0.000000209097
 -0.000246273338  -0.000474540057   0.000000170329
 -0.000187192030  -0.000445083350  -0.000000067971
 -0.000223935982   0.002280456229  -0.000000118378
  0.016935801212   0.030966053753  -0.000003876948
  0.009149672291   0.007261095650  -0.002339812143
 -0.000133101335  -0.000117436555  -0.000675630170
  0.000079396965  -0.000412810187  -0.000298450874
  0.000291739476   0.000000215750  -0.000036457762
  0.000076304183   0.000000000000   0.001352424819
  0.000093695556  -0.000607641785   0.000381713153
 -0.000093037515   0.000697984185   0.000627552410
 -0.000168463358   0.000021121600   0.000332695006
  0.000234496899   0.000000000000   0.000001192911
  0.000291739476  -0.000000215750  -0.000036457762
  0.000244545265   0.000159225493  -0.000263431376
  0.000044801731   0.000056207276   0.000186872953
 -0.000031356870   0.000000000000   0.000529287740
 -0.000168463358  -0.000021121600   0.000332695006
  0.000079396965   0.000412810187  -0.000298450874
  0.000081229658   0.000816536321  -0.001011892779
  0.000140760582   0.000000000000  -0.000376288522
  0.000044801731  -0.000056207276   0.000186872953
 -0.000093037515  -0.000697984185   0.000627552410
 -0.000133101335   0.000117436555  -0.000675630170
  0.021746125578   0.000000000000   0.004696678156
  0.000081229658  -0.000816536321  -0.001011892779
  0.000244545265  -0.000159225493  -0.000263431376
  0.000093695556   0.000607641785   0.000381713153
  0.009149672291  -0.007261095650  -0.002339812143
    1    2  0.0000  0.0000  0.0150
 -0.000000000000   0.000000000000  -0.044557194180
 -0.000001595117   0.000002589849  -0.003036805491
 -0.000002037286   0.000004102239   0.000821966913
  0.000004571286   0.000000286779   0.000821966913
  0.000003040433  -0.000000086487  -0.003036805491
  0.000003040433   0.000000086487  -0.003036805491
 -0.000001445317   0.000002676336  -0.003036805491
 -0.000003029736   0.000005247657  -0.000598781568
  0.000001198848   0.000002076465   0.000039325488
  0.000006059472   0.000000000000  -0.000598781568
  0.000004571286  -0.000000286779   0.000821966913
  0.000003556340   0.000006159762  -0.000595985062
 -0.000002534001   0.000003815461   0.000821966913
 -0.000002397696   0.000000000000   0.000039325488
  0.000001198848  -0.000002076465   0.000039325488
 -0.000002037286  -0.000004102239   0.000821966913
 -0.000000438601   0.000000759680   0.000039116426
  0.000000877203   0.000000000000   0.000039116426
 -0.000002534001  -0.000003815461   0.000821966913
 -0.000003029736  -0.000005247657  -0.000598781568
 -0.000001595117  -0.000002589849  -0.003036805491
 -0.000007112681   0.000000000000  -0.000595985062
 -0.000000438601  -0.000000759680   0.000039116426
  0.000003556340  -0.000006159762  -0.000595985062
 -0.000001445317  -0.000002676336  -0.003036805491
  0.005180823266   0.008973449122   0.007527748135
 -0.001732345222   0.003000509941  -0.000318182847
  0.000864504950  -0.000467662761  -0.000074302021
 -0.000837260307   0.000514851868  -0.000074302021
  0.003464690444   0.000000000000  -0.000318182847
 -0.000425376820  -0.000396012330  -0.000005063005
 -0.000130268329  -0.000566393297  -0.000005063005
 -0.000027244643  -0.000982514629  -0.000074302021
 -0.000000000000   0.000000000000   0.000199243966
 -0.000837260307  -0.000514851868  -0.000074302021
 -0.000148794574   0.000257719763   0.000342149560
  0.000408334002   0.000707255237  -0.000240162605
  0.000297589149   0.000000000000   0.000342149560
 -0.000027244643   0.000982514629  -0.000074302021
  0.000864504950   0.000467662761  -0.000074302021
  0.000555645148   0.000170380967  -0.000005063005
 -0.000816668003   0.000000000000  -0.000240162605
  0.000408334002  -0.000707255237  -0.000240162605
 -0.000130268329   0.000566393297  -0.000005063005
 -0.001732345222  -0.003000509941  -0.000318182847
 -0.010361646532   0.000000000000   0.007527748135
  0.000555645148  -0.000170380967  -0.000005063005
 -0.000148794574  -0.000257719763   0.000342149560
 -0.000425376820   0.000396012330  -0.000005063005
  0.005180823266  -0.008973449122   0.007527748135
 -0.000003550293   0.000006149287   0.005045891406
  0.000001950819  -0.000000172233  -0.001054040634
  0.000000510656   0.000000884481   0.000416149668
 -0.000001124567   0.000001603343  -0.001054040634
  0.000007100585   0.000000000000   0.005045891406
 -0.000001918299  -0.000003322591   0.002825676227
 -0.000000826252  -0.000001775575  -0.001054040634
  0.000000789550  -0.000001367540   0.000134013320
 -0.000001579099   0.000000000000   0.000134013320
 -0.000001124567  -0.000001603343  -0.001054040634
 -0.000000523202  -0.000000298402   0.000082369491
  0.000000003177  -0.000000602308   0.000082369491
 -0.000001021311   0.000000000000   0.000416149668
  0.000000789550   0.000001367540   0.000134013320
  0.000000510656  -0.000000884481   0.000416149668
  0.000000520025   0.000000303905   0.000082369491
 -0.000000000000   0.000000000000  -0.001551107405
  0.000000003177   0.000000602308   0.000082369491
 -0.000000826252   0.000001775575  -0.001054040634
  0.000001950819   0.000000172233  -0.001054040634
  0.000003836598   0.000000000000   0.002825676227
  0.000000520025  -0.000000303905   0.000082369491
 -0.000000523202   0.000000298402   0.000082369491
 -0.000001918299   0.000003322591   0.002825676227
 -0.000003550293  -0.000006149287   0.005045891406
 -0.005185739612  -0.008981964483   0.007530254381
  0.001727147544  -0.002991507299  -0.000324368625
 -0.000862471105   0.000471250990  -0.000080153098
  0.000839350881  -0.000511296392  -0.000080153098
 -0.003454295089   0.000000000000  -0.000324368625
  0.000430016012   0.000391574735  -0.000002140549
  0.000124105662   0.000568192158  -0.000002140549
  0.000023120224   0.000982547382  -0.000080153098
 -0.000000000000   0.000000000000   0.000192580964
  0.000839350881   0.000511296392  -0.000080153098
  0.000150427978  -0.000260548901   0.000345414376
 -0.000408050910  -0.000706764908  -0.000233095940
 -0.000300855956   0.000000000000   0.000345414376
  0.000023120224  -0.000982547382  -0.000080153098
 -0.000862471105  -0.000471250990  -0.000080153098
 -0.000554121674  -0.000176617422  -0.000002140549
  0.000816101820   0.000000000000  -0.000233095940
 -0.000408050910   0.000706764908  -0.000233095940
  0.000124105662  -0.000568192158  -0.000002140549
  0.001727147544   0.002991507299  -0.000324368625
  0.010371479224   0.000000000000   0.007530254381
 -0.000554121674   0.000176617422  -0.000002140549
  0.000150427978   0.000260548901   0.000345414376
  0.000430016012  -0.000391574735  -0.000002140549
 -0.005185739612   0.008981964483   0.007530254381
   26    1  0.0150  0.0000  0.0000
  0.009114622508   0.007249493812   0.005193819757
  0.000169582401  -0.000000000000   0.003447388268
  0.000292208158  -0.000283982718  -0.000831992951
  0.000074681138  -0.000117637932   0.000869074667
 -0.000115295304  -0.000162640527  -0.001736570211
  0.021689383969  -0.000000000000  -0.010434798489
  0.009114622508  -0.007249493812   0.005193819757
  0.000102706913  -0.000810740595  -0.000427844445
  0.000242549477  -0.000158603621  -0.000146208196
  0.000086709545   0.000589866715   0.000553976503
  0.000086709545  -0.000589866715   0.000553976503
 -0.000115295304   0.000162640527  -0.001736570211
 -0.000099333734   0.000718206733  -0.000135354826
  0.000054367719  -0.000053824784   0.000412228947
  0.000142923399  -0.000000000000  -0.000810869642
  0.000242549477   0.000158603621  -0.000146208196
  0.000074681138   0.000117637932   0.000869074667
 -0.000166590289   0.000272519096  -0.000022838300
 -0.000029068387  -0.000000000000   0.000306713830
  0.000054367719   0.000053824784   0.000412228947
  0.000102706913   0.000810740595  -0.000427844445
  0.000292208158   0.000283982718  -0.000831992951
  0.000239016968  -0.000000000000   0.000003082668
 -0.000166590289  -0.000272519096  -0.000022838300
 -0.000099333734  -0.000718206733  -0.000135354826
 -0.070441566887  -0.000000000000  -0.000000687524
 -0.003246963973   0.001717528154  -0.001215621691
 -0.000000511948   0.000349057898  -0.000591343428
  0.000000918841   0.000348304128   0.000593009134
 -0.003255960318   0.001716293926   0.001219347506
 -0.003255960318  -0.001716293926   0.001219347506
 -0.000284704145  -0.000000181689  -0.000001192409
  0.000181175674  -0.000036296103  -0.000320355393
 -0.000305852207  -0.000065883444  -0.000064141678
  0.000245027849  -0.000000000000   0.000641822381
  0.000000918841  -0.000348304128   0.000593009134
  0.000182122859   0.000037370175   0.000324055754
  0.000608200585   0.000001300862   0.000000957375
 -0.000417668986  -0.000000000000   0.000131322598
 -0.000305852207   0.000065883444  -0.000064141678
 -0.000000511948  -0.000349057898  -0.000591343428
 -0.000305563061   0.000064517305   0.000065967714
 -0.000419124025  -0.000000000000  -0.000130129157
  0.000608200585  -0.000001300862   0.000000957375
  0.000181175674   0.000036296103  -0.000320355393
 -0.003246963973  -0.001717528154  -0.001215621691
  0.000241325780  -0.000000000000  -0.000638454325
 -0.000305563061  -0.000064517305   0.000065967714
  0.000182122859  -0.000037370175   0.000324055754
 -0.000284704145   0.000000181689  -0.000001192409
  0.021705944858  -0.000000000000   0.010423156242
  0.000079887457   0.000590036271  -0.000559623418
  0.000243101369  -0.000158086760   0.000156171550
  0.000105947150  -0.000816432057   0.000424028220
  0.009120349306  -0.007259135814  -0.005226251370
  0.009120349306   0.007259135814  -0.005226251370
 -0.000111506123  -0.000163823910   0.001728871850
  0.000075116042  -0.000117903663  -0.000861837810
  0.000291025433  -0.000283405685   0.000841842909
  0.000168294085  -0.000000000000  -0.003459249310
  0.000105947150   0.000816432057   0.000424028220
 -0.000100254533  -0.000719446682   0.000123329759
 -0.000166568202  -0.000272994237   0.000029046986
  0.000239322858  -0.000000000000   0.000006294324
  0.000291025433   0.000283405685   0.000841842909
  0.000243101369   0.000158086760   0.000156171550
  0.000053615302   0.000053384595  -0.000403406358
 -0.000029762745  -0.000000000000  -0.000297071137
 -0.000166568202   0.000272994237   0.000029046986
  0.000075116042   0.000117903663  -0.000861837810
  0.000079887457  -0.000590036271  -0.000559623418
  0.000144123016  -0.000000000000   0.000821642133
  0.000053615302  -0.000053384595  -0.000403406358
 -0.000100254533   0.000719446682   0.000123329759
 -0.000111506123   0.000163823910   0.001728871850
 -0.011601740960  -0.000000000000  -0.000005531546
  0.004114980843  -0.001614061386   0.001846872290
 -0.000661724703   0.000174615048  -0.000172056444
 -0.000664968883   0.000175861392   0.000174242881
  0.004106928480  -0.001608625923  -0.001849862136
  0.004106928480   0.001608625923  -0.001849862136
  0.001328715030   0.000000991306  -0.000001292128
 -0.000111964856   0.000781960195   0.000336947752
 -0.000144240039   0.000279498632  -0.000112964892
 -0.001465834116  -0.000000000000  -0.000667929395
 -0.000664968883  -0.000175861392   0.000174242881
 -0.000113138615  -0.000783410106  -0.000334499647
 -0.000357091455  -0.000001854744   0.000001455546
  0.000338304794  -0.000000000000   0.000228874983
 -0.000144240039  -0.000279498632  -0.000112964892
 -0.000661724703  -0.000174615048  -0.000172056444
 -0.000144310388  -0.000278467229   0.000115195394
  0.000339611015  -0.000000000000  -0.000227673488
 -0.000357091455   0.000001854744   0.000001455546
 -0.000111964856  -0.000781960195   0.000336947752
  0.004114980843   0.001614061386   0.001846872290
 -0.001464868994  -0.000000000000   0.000671727063
 -0.000144310388   0.000278467229   0.000115195394
 -0.000113138615   0.000783410106  -0.000334499647
  0.001328715030  -0.000000991306  -0.000001292128
   26    2  0.0000  0.0000  0.0150
  0.002339201463   0.004051615783   0.007515786384
 -0.001356123553   0.000000000000  -0.000321240229
  0.000036735293   0.000371903516  -0.000073845640
  0.000303710246   0.000217765455  -0.000073845640
  0.000678061777  -0.001174437448  -0.000321240229
 -0.004678402925  -0.000000000000   0.007515786384
  0.002339201463  -0.004051615783   0.007515786384
 -0.000409809247   0.000992060851   0.000003144882
  0.000266952960   0.000462376090   0.000349174670
  0.001064054522   0.000141125207   0.000003144882
  0.001064054522  -0.000141125207   0.000003144882
  0.000678061777   0.001174437448  -0.000321240229
 -0.000654245275   0.000850935644   0.000003144882
 -0.000192313413   0.000333096602  -0.000236471488
  0.000384626825   0.000000000000  -0.000236471488
  0.000266952960  -0.000462376090   0.000349174670
  0.000303710246  -0.000217765455  -0.000073845640
 -0.000340445539   0.000154138061  -0.000073845640
 -0.000533905920   0.000000000000   0.000349174670
 -0.000192313413  -0.000333096602  -0.000236471488
 -0.000409809247  -0.000992060851   0.000003144882
  0.000036735293  -0.000371903516  -0.000073845640
 -0.000000000000   0.000000000000   0.000194248126
 -0.000340445539  -0.000154138061  -0.000073845640
 -0.000654245275  -0.000850935644   0.000003144882
  0.000000000000   0.000000000000  -0.160812292282
  0.001227059952  -0.000704504706   0.001787088749
  0.000604033384  -0.000347579638   0.000342072129
 -0.000603029489   0.000349318436   0.000342072129
 -0.001223648949   0.000710412737   0.001787088749
 -0.001223648949  -0.000710412737   0.001787088749
 -0.000003411003  -0.001414917443   0.001787088749
  0.000329196717  -0.000570185440   0.000105547347
  0.000066849422   0.000115786595  -0.000070733727
 -0.000658393434   0.000000000000   0.000105547347
 -0.000603029489  -0.000349318436   0.000342072129
 -0.000330458893  -0.000572371593   0.000098676106
 -0.000001003895  -0.000696898074   0.000342072129
 -0.000133698843   0.000000000000  -0.000070733727
  0.000066849422  -0.000115786595  -0.000070733727
  0.000604033384   0.000347579638   0.000342072129
 -0.000064455314   0.000111639879  -0.000076307699
  0.000128910628   0.000000000000  -0.000076307699
 -0.000001003895   0.000696898074   0.000342072129
  0.000329196717   0.000570185440   0.000105547347
  0.001227059952   0.000704504706   0.001787088749
  0.000660917787   0.000000000000   0.000098676106
 -0.000064455314  -0.000111639879  -0.000076307699
 -0.000330458893   0.000572371593   0.000098676106
 -0.000003411003   0.001414917443   0.001787088749
  0.004691156903   0.000000000000   0.007518381869
 -0.001055817744  -0.000141691548   0.000003947030
 -0.000266412764  -0.000461440443   0.000349925113
  0.000405200392  -0.000985210762   0.000003947030
 -0.002345578452   0.004062661051   0.007518381869
 -0.002345578452  -0.004062661051   0.007518381869
 -0.000674024157   0.001167444086  -0.000321003587
 -0.000296239784  -0.000221861890  -0.000073678518
 -0.000044018141  -0.000367482123  -0.000073678518
  0.001348048314   0.000000000000  -0.000321003587
  0.000405200392   0.000985210762   0.000003947030
  0.000650617352   0.000843519214   0.000003947030
  0.000340257925   0.000145620233  -0.000073678518
 -0.000000000000   0.000000000000   0.000194102011
 -0.000044018141   0.000367482123  -0.000073678518
 -0.000266412764   0.000461440443   0.000349925113
  0.000190802467   0.000330479568  -0.000236819618
  0.000532825528   0.000000000000   0.000349925113
  0.000340257925  -0.000145620233  -0.000073678518
 -0.000296239784   0.000221861890  -0.000073678518
 -0.001055817744   0.000141691548   0.000003947030
 -0.000381604935   0.000000000000  -0.000236819618
  0.000190802467  -0.000330479568  -0.000236819618
  0.000650617352  -0.000843519214   0.000003947030
 -0.000674024157  -0.001167444086  -0.000321003587
  0.000000000000   0.000000000000   0.108480439920
  0.001869118114  -0.001075345682  -0.000322829087
 -0.000161126595   0.000094250564  -0.000034410515
  0.000162186681  -0.000092414443  -0.000034410515
 -0.001865835735   0.001081030928  -0.000322829087
 -0.001865835735  -0.001081030928  -0.000322829087
 -0.000003282379  -0.002156376610  -0.000322829087
  0.000342648051  -0.000593483833  -0.000313650231
 -0.000112139024  -0.000194230487  -0.000004392058
 -0.000685296102   0.000000000000  -0.000313650231
  0.000162186681   0.000092414443  -0.000034410515
 -0.000343739322  -0.000595373970  -0.000306542314
 -0.000001060085   0.000186665007  -0.000034410515
  0.000224278048   0.000000000000  -0.000004392058
 -0.000112139024   0.000194230487  -0.000004392058
 -0.000161126595  -0.000094250564  -0.000034410515
  0.000114491377  -0.000198304881   0.000001192145
 -0.000228982753   0.000000000000   0.000001192145
 -0.000001060085  -0.000186665007  -0.000034410515
  0.000342648051   0.000593483833  -0.000313650231
  0.001869118114   0.001075345682  -0.000322829087
  0.000687478644   0.000000000000  -0.000306542314
  0.000114491377   0.000198304881   0.000001192145
 -0.000343739322   0.000595373970  -0.000306542314
 -0.000003282379   0.002156376610  -0.000322829087
