Automatically generated mesh
     550
Reciprocal lattice
    0.00000000000000    0.00000000000000    0.00000000000000             1
    0.05263157894737    0.00000000000000    0.00000000000000             4
    0.10526315789474    0.00000000000000    0.00000000000000             4
    0.15789473684210    0.00000000000000    0.00000000000000             4
    0.21052631578947    0.00000000000000    0.00000000000000             4
    0.26315789473684    0.00000000000000    0.00000000000000             4
    0.31578947368421    0.00000000000000    0.00000000000000             4
    0.36842105263158    0.00000000000000    0.00000000000000             4
    0.42105263157895    0.00000000000000    0.00000000000000             4
    0.47368421052632    0.00000000000000    0.00000000000000             4
    0.05263157894737    0.05263157894737    0.00000000000000             4
    0.10526315789474    0.05263157894737    0.00000000000000             8
    0.15789473684210    0.05263157894737    0.00000000000000             8
    0.21052631578947    0.05263157894737    0.00000000000000             8
    0.26315789473684    0.05263157894737    0.00000000000000             8
    0.31578947368421    0.05263157894737    0.00000000000000             8
    0.36842105263158    0.05263157894737    0.00000000000000             8
    0.42105263157895    0.05263157894737    0.00000000000000             8
    0.47368421052632    0.05263157894737    0.00000000000000             8
    0.10526315789474    0.10526315789474    0.00000000000000             4
    0.15789473684210    0.10526315789474    0.00000000000000             8
    0.21052631578947    0.10526315789474    0.00000000000000             8
    0.26315789473684    0.10526315789474    0.00000000000000             8
    0.31578947368421    0.10526315789474    0.00000000000000             8
    0.36842105263158    0.10526315789474    0.00000000000000             8
    0.42105263157895    0.10526315789474    0.00000000000000             8
    0.47368421052632    0.10526315789474    0.00000000000000             8
    0.15789473684210    0.15789473684210    0.00000000000000             4
    0.21052631578947    0.15789473684210    0.00000000000000             8
    0.26315789473684    0.15789473684210    0.00000000000000             8
    0.31578947368421    0.15789473684210    0.00000000000000             8
    0.36842105263158    0.15789473684210    0.00000000000000             8
    0.42105263157895    0.15789473684210    0.00000000000000             8
    0.47368421052632    0.15789473684210    0.00000000000000             8
    0.21052631578947    0.21052631578947    0.00000000000000             4
    0.26315789473684    0.21052631578947    0.00000000000000             8
    0.31578947368421    0.21052631578947    0.00000000000000             8
    0.36842105263158    0.21052631578947    0.00000000000000             8
    0.42105263157895    0.21052631578947    0.00000000000000             8
    0.47368421052632    0.21052631578947    0.00000000000000             8
    0.26315789473684    0.26315789473684    0.00000000000000             4
    0.31578947368421    0.26315789473684    0.00000000000000             8
    0.36842105263158    0.26315789473684    0.00000000000000             8
    0.42105263157895    0.26315789473684    0.00000000000000             8
    0.47368421052632    0.26315789473684    0.00000000000000             8
    0.31578947368421    0.31578947368421    0.00000000000000             4
    0.36842105263158    0.31578947368421    0.00000000000000             8
    0.42105263157895    0.31578947368421    0.00000000000000             8
    0.47368421052632    0.31578947368421    0.00000000000000             8
    0.36842105263158    0.36842105263158    0.00000000000000             4
    0.42105263157895    0.36842105263158    0.00000000000000             8
    0.47368421052632    0.36842105263158    0.00000000000000             8
    0.42105263157895    0.42105263157895    0.00000000000000             4
    0.47368421052632    0.42105263157895    0.00000000000000             8
    0.47368421052632    0.47368421052632    0.00000000000000             4
    0.00000000000000    0.00000000000000    0.05263157894737             2
    0.05263157894737    0.00000000000000    0.05263157894737             8
    0.10526315789474    0.00000000000000    0.05263157894737             8
    0.15789473684210    0.00000000000000    0.05263157894737             8
    0.21052631578947    0.00000000000000    0.05263157894737             8
    0.26315789473684    0.00000000000000    0.05263157894737             8
    0.31578947368421    0.00000000000000    0.05263157894737             8
    0.36842105263158    0.00000000000000    0.05263157894737             8
    0.42105263157895    0.00000000000000    0.05263157894737             8
    0.47368421052632    0.00000000000000    0.05263157894737             8
    0.05263157894737    0.05263157894737    0.05263157894737             8
    0.10526315789474    0.05263157894737    0.05263157894737            16
    0.15789473684210    0.05263157894737    0.05263157894737            16
    0.21052631578947    0.05263157894737    0.05263157894737            16
    0.26315789473684    0.05263157894737    0.05263157894737            16
    0.31578947368421    0.05263157894737    0.05263157894737            16
    0.36842105263158    0.05263157894737    0.05263157894737            16
    0.42105263157895    0.05263157894737    0.05263157894737            16
    0.47368421052632    0.05263157894737    0.05263157894737            16
    0.10526315789474    0.10526315789474    0.05263157894737             8
    0.15789473684210    0.10526315789474    0.05263157894737            16
    0.21052631578947    0.10526315789474    0.05263157894737            16
    0.26315789473684    0.10526315789474    0.05263157894737            16
    0.31578947368421    0.10526315789474    0.05263157894737            16
    0.36842105263158    0.10526315789474    0.05263157894737            16
    0.42105263157895    0.10526315789474    0.05263157894737            16
    0.47368421052632    0.10526315789474    0.05263157894737            16
    0.15789473684210    0.15789473684210    0.05263157894737             8
    0.21052631578947    0.15789473684210    0.05263157894737            16
    0.26315789473684    0.15789473684210    0.05263157894737            16
    0.31578947368421    0.15789473684210    0.05263157894737            16
    0.36842105263158    0.15789473684210    0.05263157894737            16
    0.42105263157895    0.15789473684210    0.05263157894737            16
    0.47368421052632    0.15789473684210    0.05263157894737            16
    0.21052631578947    0.21052631578947    0.05263157894737             8
    0.26315789473684    0.21052631578947    0.05263157894737            16
    0.31578947368421    0.21052631578947    0.05263157894737            16
    0.36842105263158    0.21052631578947    0.05263157894737            16
    0.42105263157895    0.21052631578947    0.05263157894737            16
    0.47368421052632    0.21052631578947    0.05263157894737            16
    0.26315789473684    0.26315789473684    0.05263157894737             8
    0.31578947368421    0.26315789473684    0.05263157894737            16
    0.36842105263158    0.26315789473684    0.05263157894737            16
    0.42105263157895    0.26315789473684    0.05263157894737            16
    0.47368421052632    0.26315789473684    0.05263157894737            16
    0.31578947368421    0.31578947368421    0.05263157894737             8
    0.36842105263158    0.31578947368421    0.05263157894737            16
    0.42105263157895    0.31578947368421    0.05263157894737            16
    0.47368421052632    0.31578947368421    0.05263157894737            16
    0.36842105263158    0.36842105263158    0.05263157894737             8
    0.42105263157895    0.36842105263158    0.05263157894737            16
    0.47368421052632    0.36842105263158    0.05263157894737            16
    0.42105263157895    0.42105263157895    0.05263157894737             8
    0.47368421052632    0.42105263157895    0.05263157894737            16
    0.47368421052632    0.47368421052632    0.05263157894737             8
    0.00000000000000    0.00000000000000    0.10526315789474             2
    0.05263157894737    0.00000000000000    0.10526315789474             8
    0.10526315789474    0.00000000000000    0.10526315789474             8
    0.15789473684210    0.00000000000000    0.10526315789474             8
    0.21052631578947    0.00000000000000    0.10526315789474             8
    0.26315789473684    0.00000000000000    0.10526315789474             8
    0.31578947368421    0.00000000000000    0.10526315789474             8
    0.36842105263158    0.00000000000000    0.10526315789474             8
    0.42105263157895    0.00000000000000    0.10526315789474             8
    0.47368421052632    0.00000000000000    0.10526315789474             8
    0.05263157894737    0.05263157894737    0.10526315789474             8
    0.10526315789474    0.05263157894737    0.10526315789474            16
    0.15789473684210    0.05263157894737    0.10526315789474            16
    0.21052631578947    0.05263157894737    0.10526315789474            16
    0.26315789473684    0.05263157894737    0.10526315789474            16
    0.31578947368421    0.05263157894737    0.10526315789474            16
    0.36842105263158    0.05263157894737    0.10526315789474            16
    0.42105263157895    0.05263157894737    0.10526315789474            16
    0.47368421052632    0.05263157894737    0.10526315789474            16
    0.10526315789474    0.10526315789474    0.10526315789474             8
    0.15789473684210    0.10526315789474    0.10526315789474            16
    0.21052631578947    0.10526315789474    0.10526315789474            16
    0.26315789473684    0.10526315789474    0.10526315789474            16
    0.31578947368421    0.10526315789474    0.10526315789474            16
    0.36842105263158    0.10526315789474    0.10526315789474            16
    0.42105263157895    0.10526315789474    0.10526315789474            16
    0.47368421052632    0.10526315789474    0.10526315789474            16
    0.15789473684210    0.15789473684210    0.10526315789474             8
    0.21052631578947    0.15789473684210    0.10526315789474            16
    0.26315789473684    0.15789473684210    0.10526315789474            16
    0.31578947368421    0.15789473684210    0.10526315789474            16
    0.36842105263158    0.15789473684210    0.10526315789474            16
    0.42105263157895    0.15789473684210    0.10526315789474            16
    0.47368421052632    0.15789473684210    0.10526315789474            16
    0.21052631578947    0.21052631578947    0.10526315789474             8
    0.26315789473684    0.21052631578947    0.10526315789474            16
    0.31578947368421    0.21052631578947    0.10526315789474            16
    0.36842105263158    0.21052631578947    0.10526315789474            16
    0.42105263157895    0.21052631578947    0.10526315789474            16
    0.47368421052632    0.21052631578947    0.10526315789474            16
    0.26315789473684    0.26315789473684    0.10526315789474             8
    0.31578947368421    0.26315789473684    0.10526315789474            16
    0.36842105263158    0.26315789473684    0.10526315789474            16
    0.42105263157895    0.26315789473684    0.10526315789474            16
    0.47368421052632    0.26315789473684    0.10526315789474            16
    0.31578947368421    0.31578947368421    0.10526315789474             8
    0.36842105263158    0.31578947368421    0.10526315789474            16
    0.42105263157895    0.31578947368421    0.10526315789474            16
    0.47368421052632    0.31578947368421    0.10526315789474            16
    0.36842105263158    0.36842105263158    0.10526315789474             8
    0.42105263157895    0.36842105263158    0.10526315789474            16
    0.47368421052632    0.36842105263158    0.10526315789474            16
    0.42105263157895    0.42105263157895    0.10526315789474             8
    0.47368421052632    0.42105263157895    0.10526315789474            16
    0.47368421052632    0.47368421052632    0.10526315789474             8
    0.00000000000000    0.00000000000000    0.15789473684210             2
    0.05263157894737    0.00000000000000    0.15789473684210             8
    0.10526315789474    0.00000000000000    0.15789473684210             8
    0.15789473684210    0.00000000000000    0.15789473684210             8
    0.21052631578947    0.00000000000000    0.15789473684210             8
    0.26315789473684    0.00000000000000    0.15789473684210             8
    0.31578947368421    0.00000000000000    0.15789473684210             8
    0.36842105263158    0.00000000000000    0.15789473684210             8
    0.42105263157895    0.00000000000000    0.15789473684210             8
    0.47368421052632    0.00000000000000    0.15789473684210             8
    0.05263157894737    0.05263157894737    0.15789473684210             8
    0.10526315789474    0.05263157894737    0.15789473684210            16
    0.15789473684210    0.05263157894737    0.15789473684210            16
    0.21052631578947    0.05263157894737    0.15789473684210            16
    0.26315789473684    0.05263157894737    0.15789473684210            16
    0.31578947368421    0.05263157894737    0.15789473684210            16
    0.36842105263158    0.05263157894737    0.15789473684210            16
    0.42105263157895    0.05263157894737    0.15789473684210            16
    0.47368421052632    0.05263157894737    0.15789473684210            16
    0.10526315789474    0.10526315789474    0.15789473684210             8
    0.15789473684210    0.10526315789474    0.15789473684210            16
    0.21052631578947    0.10526315789474    0.15789473684210            16
    0.26315789473684    0.10526315789474    0.15789473684210            16
    0.31578947368421    0.10526315789474    0.15789473684210            16
    0.36842105263158    0.10526315789474    0.15789473684210            16
    0.42105263157895    0.10526315789474    0.15789473684210            16
    0.47368421052632    0.10526315789474    0.15789473684210            16
    0.15789473684210    0.15789473684210    0.15789473684210             8
    0.21052631578947    0.15789473684210    0.15789473684210            16
    0.26315789473684    0.15789473684210    0.15789473684210            16
    0.31578947368421    0.15789473684210    0.15789473684210            16
    0.36842105263158    0.15789473684210    0.15789473684210            16
    0.42105263157895    0.15789473684210    0.15789473684210            16
    0.47368421052632    0.15789473684210    0.15789473684210            16
    0.21052631578947    0.21052631578947    0.15789473684210             8
    0.26315789473684    0.21052631578947    0.15789473684210            16
    0.31578947368421    0.21052631578947    0.15789473684210            16
    0.36842105263158    0.21052631578947    0.15789473684210            16
    0.42105263157895    0.21052631578947    0.15789473684210            16
    0.47368421052632    0.21052631578947    0.15789473684210            16
    0.26315789473684    0.26315789473684    0.15789473684210             8
    0.31578947368421    0.26315789473684    0.15789473684210            16
    0.36842105263158    0.26315789473684    0.15789473684210            16
    0.42105263157895    0.26315789473684    0.15789473684210            16
    0.47368421052632    0.26315789473684    0.15789473684210            16
    0.31578947368421    0.31578947368421    0.15789473684210             8
    0.36842105263158    0.31578947368421    0.15789473684210            16
    0.42105263157895    0.31578947368421    0.15789473684210            16
    0.47368421052632    0.31578947368421    0.15789473684210            16
    0.36842105263158    0.36842105263158    0.15789473684210             8
    0.42105263157895    0.36842105263158    0.15789473684210            16
    0.47368421052632    0.36842105263158    0.15789473684210            16
    0.42105263157895    0.42105263157895    0.15789473684210             8
    0.47368421052632    0.42105263157895    0.15789473684210            16
    0.47368421052632    0.47368421052632    0.15789473684210             8
    0.00000000000000    0.00000000000000    0.21052631578947             2
    0.05263157894737    0.00000000000000    0.21052631578947             8
    0.10526315789474    0.00000000000000    0.21052631578947             8
    0.15789473684210    0.00000000000000    0.21052631578947             8
    0.21052631578947    0.00000000000000    0.21052631578947             8
    0.26315789473684    0.00000000000000    0.21052631578947             8
    0.31578947368421    0.00000000000000    0.21052631578947             8
    0.36842105263158    0.00000000000000    0.21052631578947             8
    0.42105263157895    0.00000000000000    0.21052631578947             8
    0.47368421052632    0.00000000000000    0.21052631578947             8
    0.05263157894737    0.05263157894737    0.21052631578947             8
    0.10526315789474    0.05263157894737    0.21052631578947            16
    0.15789473684210    0.05263157894737    0.21052631578947            16
    0.21052631578947    0.05263157894737    0.21052631578947            16
    0.26315789473684    0.05263157894737    0.21052631578947            16
    0.31578947368421    0.05263157894737    0.21052631578947            16
    0.36842105263158    0.05263157894737    0.21052631578947            16
    0.42105263157895    0.05263157894737    0.21052631578947            16
    0.47368421052632    0.05263157894737    0.21052631578947            16
    0.10526315789474    0.10526315789474    0.21052631578947             8
    0.15789473684210    0.10526315789474    0.21052631578947            16
    0.21052631578947    0.10526315789474    0.21052631578947            16
    0.26315789473684    0.10526315789474    0.21052631578947            16
    0.31578947368421    0.10526315789474    0.21052631578947            16
    0.36842105263158    0.10526315789474    0.21052631578947            16
    0.42105263157895    0.10526315789474    0.21052631578947            16
    0.47368421052632    0.10526315789474    0.21052631578947            16
    0.15789473684210    0.15789473684210    0.21052631578947             8
    0.21052631578947    0.15789473684210    0.21052631578947            16
    0.26315789473684    0.15789473684210    0.21052631578947            16
    0.31578947368421    0.15789473684210    0.21052631578947            16
    0.36842105263158    0.15789473684210    0.21052631578947            16
    0.42105263157895    0.15789473684210    0.21052631578947            16
    0.47368421052632    0.15789473684210    0.21052631578947            16
    0.21052631578947    0.21052631578947    0.21052631578947             8
    0.26315789473684    0.21052631578947    0.21052631578947            16
    0.31578947368421    0.21052631578947    0.21052631578947            16
    0.36842105263158    0.21052631578947    0.21052631578947            16
    0.42105263157895    0.21052631578947    0.21052631578947            16
    0.47368421052632    0.21052631578947    0.21052631578947            16
    0.26315789473684    0.26315789473684    0.21052631578947             8
    0.31578947368421    0.26315789473684    0.21052631578947            16
    0.36842105263158    0.26315789473684    0.21052631578947            16
    0.42105263157895    0.26315789473684    0.21052631578947            16
    0.47368421052632    0.26315789473684    0.21052631578947            16
    0.31578947368421    0.31578947368421    0.21052631578947             8
    0.36842105263158    0.31578947368421    0.21052631578947            16
    0.42105263157895    0.31578947368421    0.21052631578947            16
    0.47368421052632    0.31578947368421    0.21052631578947            16
    0.36842105263158    0.36842105263158    0.21052631578947             8
    0.42105263157895    0.36842105263158    0.21052631578947            16
    0.47368421052632    0.36842105263158    0.21052631578947            16
    0.42105263157895    0.42105263157895    0.21052631578947             8
    0.47368421052632    0.42105263157895    0.21052631578947            16
    0.47368421052632    0.47368421052632    0.21052631578947             8
    0.00000000000000    0.00000000000000    0.26315789473684             2
    0.05263157894737    0.00000000000000    0.26315789473684             8
    0.10526315789474    0.00000000000000    0.26315789473684             8
    0.15789473684210    0.00000000000000    0.26315789473684             8
    0.21052631578947    0.00000000000000    0.26315789473684             8
    0.26315789473684    0.00000000000000    0.26315789473684             8
    0.31578947368421    0.00000000000000    0.26315789473684             8
    0.36842105263158    0.00000000000000    0.26315789473684             8
    0.42105263157895    0.00000000000000    0.26315789473684             8
    0.47368421052632    0.00000000000000    0.26315789473684             8
    0.05263157894737    0.05263157894737    0.26315789473684             8
    0.10526315789474    0.05263157894737    0.26315789473684            16
    0.15789473684210    0.05263157894737    0.26315789473684            16
    0.21052631578947    0.05263157894737    0.26315789473684            16
    0.26315789473684    0.05263157894737    0.26315789473684            16
    0.31578947368421    0.05263157894737    0.26315789473684            16
    0.36842105263158    0.05263157894737    0.26315789473684            16
    0.42105263157895    0.05263157894737    0.26315789473684            16
    0.47368421052632    0.05263157894737    0.26315789473684            16
    0.10526315789474    0.10526315789474    0.26315789473684             8
    0.15789473684210    0.10526315789474    0.26315789473684            16
    0.21052631578947    0.10526315789474    0.26315789473684            16
    0.26315789473684    0.10526315789474    0.26315789473684            16
    0.31578947368421    0.10526315789474    0.26315789473684            16
    0.36842105263158    0.10526315789474    0.26315789473684            16
    0.42105263157895    0.10526315789474    0.26315789473684            16
    0.47368421052632    0.10526315789474    0.26315789473684            16
    0.15789473684210    0.15789473684210    0.26315789473684             8
    0.21052631578947    0.15789473684210    0.26315789473684            16
    0.26315789473684    0.15789473684210    0.26315789473684            16
    0.31578947368421    0.15789473684210    0.26315789473684            16
    0.36842105263158    0.15789473684210    0.26315789473684            16
    0.42105263157895    0.15789473684210    0.26315789473684            16
    0.47368421052632    0.15789473684210    0.26315789473684            16
    0.21052631578947    0.21052631578947    0.26315789473684             8
    0.26315789473684    0.21052631578947    0.26315789473684            16
    0.31578947368421    0.21052631578947    0.26315789473684            16
    0.36842105263158    0.21052631578947    0.26315789473684            16
    0.42105263157895    0.21052631578947    0.26315789473684            16
    0.47368421052632    0.21052631578947    0.26315789473684            16
    0.26315789473684    0.26315789473684    0.26315789473684             8
    0.31578947368421    0.26315789473684    0.26315789473684            16
    0.36842105263158    0.26315789473684    0.26315789473684            16
    0.42105263157895    0.26315789473684    0.26315789473684            16
    0.47368421052632    0.26315789473684    0.26315789473684            16
    0.31578947368421    0.31578947368421    0.26315789473684             8
    0.36842105263158    0.31578947368421    0.26315789473684            16
    0.42105263157895    0.31578947368421    0.26315789473684            16
    0.47368421052632    0.31578947368421    0.26315789473684            16
    0.36842105263158    0.36842105263158    0.26315789473684             8
    0.42105263157895    0.36842105263158    0.26315789473684            16
    0.47368421052632    0.36842105263158    0.26315789473684            16
    0.42105263157895    0.42105263157895    0.26315789473684             8
    0.47368421052632    0.42105263157895    0.26315789473684            16
    0.47368421052632    0.47368421052632    0.26315789473684             8
    0.00000000000000    0.00000000000000    0.31578947368421             2
    0.05263157894737    0.00000000000000    0.31578947368421             8
    0.10526315789474    0.00000000000000    0.31578947368421             8
    0.15789473684210    0.00000000000000    0.31578947368421             8
    0.21052631578947    0.00000000000000    0.31578947368421             8
    0.26315789473684    0.00000000000000    0.31578947368421             8
    0.31578947368421    0.00000000000000    0.31578947368421             8
    0.36842105263158    0.00000000000000    0.31578947368421             8
    0.42105263157895    0.00000000000000    0.31578947368421             8
    0.47368421052632    0.00000000000000    0.31578947368421             8
    0.05263157894737    0.05263157894737    0.31578947368421             8
    0.10526315789474    0.05263157894737    0.31578947368421            16
    0.15789473684210    0.05263157894737    0.31578947368421            16
    0.21052631578947    0.05263157894737    0.31578947368421            16
    0.26315789473684    0.05263157894737    0.31578947368421            16
    0.31578947368421    0.05263157894737    0.31578947368421            16
    0.36842105263158    0.05263157894737    0.31578947368421            16
    0.42105263157895    0.05263157894737    0.31578947368421            16
    0.47368421052632    0.05263157894737    0.31578947368421            16
    0.10526315789474    0.10526315789474    0.31578947368421             8
    0.15789473684210    0.10526315789474    0.31578947368421            16
    0.21052631578947    0.10526315789474    0.31578947368421            16
    0.26315789473684    0.10526315789474    0.31578947368421            16
    0.31578947368421    0.10526315789474    0.31578947368421            16
    0.36842105263158    0.10526315789474    0.31578947368421            16
    0.42105263157895    0.10526315789474    0.31578947368421            16
    0.47368421052632    0.10526315789474    0.31578947368421            16
    0.15789473684210    0.15789473684210    0.31578947368421             8
    0.21052631578947    0.15789473684210    0.31578947368421            16
    0.26315789473684    0.15789473684210    0.31578947368421            16
    0.31578947368421    0.15789473684210    0.31578947368421            16
    0.36842105263158    0.15789473684210    0.31578947368421            16
    0.42105263157895    0.15789473684210    0.31578947368421            16
    0.47368421052632    0.15789473684210    0.31578947368421            16
    0.21052631578947    0.21052631578947    0.31578947368421             8
    0.26315789473684    0.21052631578947    0.31578947368421            16
    0.31578947368421    0.21052631578947    0.31578947368421            16
    0.36842105263158    0.21052631578947    0.31578947368421            16
    0.42105263157895    0.21052631578947    0.31578947368421            16
    0.47368421052632    0.21052631578947    0.31578947368421            16
    0.26315789473684    0.26315789473684    0.31578947368421             8
    0.31578947368421    0.26315789473684    0.31578947368421            16
    0.36842105263158    0.26315789473684    0.31578947368421            16
    0.42105263157895    0.26315789473684    0.31578947368421            16
    0.47368421052632    0.26315789473684    0.31578947368421            16
    0.31578947368421    0.31578947368421    0.31578947368421             8
    0.36842105263158    0.31578947368421    0.31578947368421            16
    0.42105263157895    0.31578947368421    0.31578947368421            16
    0.47368421052632    0.31578947368421    0.31578947368421            16
    0.36842105263158    0.36842105263158    0.31578947368421             8
    0.42105263157895    0.36842105263158    0.31578947368421            16
    0.47368421052632    0.36842105263158    0.31578947368421            16
    0.42105263157895    0.42105263157895    0.31578947368421             8
    0.47368421052632    0.42105263157895    0.31578947368421            16
    0.47368421052632    0.47368421052632    0.31578947368421             8
    0.00000000000000    0.00000000000000    0.36842105263158             2
    0.05263157894737    0.00000000000000    0.36842105263158             8
    0.10526315789474    0.00000000000000    0.36842105263158             8
    0.15789473684210    0.00000000000000    0.36842105263158             8
    0.21052631578947    0.00000000000000    0.36842105263158             8
    0.26315789473684    0.00000000000000    0.36842105263158             8
    0.31578947368421    0.00000000000000    0.36842105263158             8
    0.36842105263158    0.00000000000000    0.36842105263158             8
    0.42105263157895    0.00000000000000    0.36842105263158             8
    0.47368421052632    0.00000000000000    0.36842105263158             8
    0.05263157894737    0.05263157894737    0.36842105263158             8
    0.10526315789474    0.05263157894737    0.36842105263158            16
    0.15789473684210    0.05263157894737    0.36842105263158            16
    0.21052631578947    0.05263157894737    0.36842105263158            16
    0.26315789473684    0.05263157894737    0.36842105263158            16
    0.31578947368421    0.05263157894737    0.36842105263158            16
    0.36842105263158    0.05263157894737    0.36842105263158            16
    0.42105263157895    0.05263157894737    0.36842105263158            16
    0.47368421052632    0.05263157894737    0.36842105263158            16
    0.10526315789474    0.10526315789474    0.36842105263158             8
    0.15789473684210    0.10526315789474    0.36842105263158            16
    0.21052631578947    0.10526315789474    0.36842105263158            16
    0.26315789473684    0.10526315789474    0.36842105263158            16
    0.31578947368421    0.10526315789474    0.36842105263158            16
    0.36842105263158    0.10526315789474    0.36842105263158            16
    0.42105263157895    0.10526315789474    0.36842105263158            16
    0.47368421052632    0.10526315789474    0.36842105263158            16
    0.15789473684210    0.15789473684210    0.36842105263158             8
    0.21052631578947    0.15789473684210    0.36842105263158            16
    0.26315789473684    0.15789473684210    0.36842105263158            16
    0.31578947368421    0.15789473684210    0.36842105263158            16
    0.36842105263158    0.15789473684210    0.36842105263158            16
    0.42105263157895    0.15789473684210    0.36842105263158            16
    0.47368421052632    0.15789473684210    0.36842105263158            16
    0.21052631578947    0.21052631578947    0.36842105263158             8
    0.26315789473684    0.21052631578947    0.36842105263158            16
    0.31578947368421    0.21052631578947    0.36842105263158            16
    0.36842105263158    0.21052631578947    0.36842105263158            16
    0.42105263157895    0.21052631578947    0.36842105263158            16
    0.47368421052632    0.21052631578947    0.36842105263158            16
    0.26315789473684    0.26315789473684    0.36842105263158             8
    0.31578947368421    0.26315789473684    0.36842105263158            16
    0.36842105263158    0.26315789473684    0.36842105263158            16
    0.42105263157895    0.26315789473684    0.36842105263158            16
    0.47368421052632    0.26315789473684    0.36842105263158            16
    0.31578947368421    0.31578947368421    0.36842105263158             8
    0.36842105263158    0.31578947368421    0.36842105263158            16
    0.42105263157895    0.31578947368421    0.36842105263158            16
    0.47368421052632    0.31578947368421    0.36842105263158            16
    0.36842105263158    0.36842105263158    0.36842105263158             8
    0.42105263157895    0.36842105263158    0.36842105263158            16
    0.47368421052632    0.36842105263158    0.36842105263158            16
    0.42105263157895    0.42105263157895    0.36842105263158             8
    0.47368421052632    0.42105263157895    0.36842105263158            16
    0.47368421052632    0.47368421052632    0.36842105263158             8
    0.00000000000000    0.00000000000000    0.42105263157895             2
    0.05263157894737    0.00000000000000    0.42105263157895             8
    0.10526315789474    0.00000000000000    0.42105263157895             8
    0.15789473684210    0.00000000000000    0.42105263157895             8
    0.21052631578947    0.00000000000000    0.42105263157895             8
    0.26315789473684    0.00000000000000    0.42105263157895             8
    0.31578947368421    0.00000000000000    0.42105263157895             8
    0.36842105263158    0.00000000000000    0.42105263157895             8
    0.42105263157895    0.00000000000000    0.42105263157895             8
    0.47368421052632    0.00000000000000    0.42105263157895             8
    0.05263157894737    0.05263157894737    0.42105263157895             8
    0.10526315789474    0.05263157894737    0.42105263157895            16
    0.15789473684210    0.05263157894737    0.42105263157895            16
    0.21052631578947    0.05263157894737    0.42105263157895            16
    0.26315789473684    0.05263157894737    0.42105263157895            16
    0.31578947368421    0.05263157894737    0.42105263157895            16
    0.36842105263158    0.05263157894737    0.42105263157895            16
    0.42105263157895    0.05263157894737    0.42105263157895            16
    0.47368421052632    0.05263157894737    0.42105263157895            16
    0.10526315789474    0.10526315789474    0.42105263157895             8
    0.15789473684210    0.10526315789474    0.42105263157895            16
    0.21052631578947    0.10526315789474    0.42105263157895            16
    0.26315789473684    0.10526315789474    0.42105263157895            16
    0.31578947368421    0.10526315789474    0.42105263157895            16
    0.36842105263158    0.10526315789474    0.42105263157895            16
    0.42105263157895    0.10526315789474    0.42105263157895            16
    0.47368421052632    0.10526315789474    0.42105263157895            16
    0.15789473684210    0.15789473684210    0.42105263157895             8
    0.21052631578947    0.15789473684210    0.42105263157895            16
    0.26315789473684    0.15789473684210    0.42105263157895            16
    0.31578947368421    0.15789473684210    0.42105263157895            16
    0.36842105263158    0.15789473684210    0.42105263157895            16
    0.42105263157895    0.15789473684210    0.42105263157895            16
    0.47368421052632    0.15789473684210    0.42105263157895            16
    0.21052631578947    0.21052631578947    0.42105263157895             8
    0.26315789473684    0.21052631578947    0.42105263157895            16
    0.31578947368421    0.21052631578947    0.42105263157895            16
    0.36842105263158    0.21052631578947    0.42105263157895            16
    0.42105263157895    0.21052631578947    0.42105263157895            16
    0.47368421052632    0.21052631578947    0.42105263157895            16
    0.26315789473684    0.26315789473684    0.42105263157895             8
    0.31578947368421    0.26315789473684    0.42105263157895            16
    0.36842105263158    0.26315789473684    0.42105263157895            16
    0.42105263157895    0.26315789473684    0.42105263157895            16
    0.47368421052632    0.26315789473684    0.42105263157895            16
    0.31578947368421    0.31578947368421    0.42105263157895             8
    0.36842105263158    0.31578947368421    0.42105263157895            16
    0.42105263157895    0.31578947368421    0.42105263157895            16
    0.47368421052632    0.31578947368421    0.42105263157895            16
    0.36842105263158    0.36842105263158    0.42105263157895             8
    0.42105263157895    0.36842105263158    0.42105263157895            16
    0.47368421052632    0.36842105263158    0.42105263157895            16
    0.42105263157895    0.42105263157895    0.42105263157895             8
    0.47368421052632    0.42105263157895    0.42105263157895            16
    0.47368421052632    0.47368421052632    0.42105263157895             8
    0.00000000000000    0.00000000000000    0.47368421052632             2
    0.05263157894737    0.00000000000000    0.47368421052632             8
    0.10526315789474    0.00000000000000    0.47368421052632             8
    0.15789473684210    0.00000000000000    0.47368421052632             8
    0.21052631578947    0.00000000000000    0.47368421052632             8
    0.26315789473684    0.00000000000000    0.47368421052632             8
    0.31578947368421    0.00000000000000    0.47368421052632             8
    0.36842105263158    0.00000000000000    0.47368421052632             8
    0.42105263157895    0.00000000000000    0.47368421052632             8
    0.47368421052632    0.00000000000000    0.47368421052632             8
    0.05263157894737    0.05263157894737    0.47368421052632             8
    0.10526315789474    0.05263157894737    0.47368421052632            16
    0.15789473684210    0.05263157894737    0.47368421052632            16
    0.21052631578947    0.05263157894737    0.47368421052632            16
    0.26315789473684    0.05263157894737    0.47368421052632            16
    0.31578947368421    0.05263157894737    0.47368421052632            16
    0.36842105263158    0.05263157894737    0.47368421052632            16
    0.42105263157895    0.05263157894737    0.47368421052632            16
    0.47368421052632    0.05263157894737    0.47368421052632            16
    0.10526315789474    0.10526315789474    0.47368421052632             8
    0.15789473684210    0.10526315789474    0.47368421052632            16
    0.21052631578947    0.10526315789474    0.47368421052632            16
    0.26315789473684    0.10526315789474    0.47368421052632            16
    0.31578947368421    0.10526315789474    0.47368421052632            16
    0.36842105263158    0.10526315789474    0.47368421052632            16
    0.42105263157895    0.10526315789474    0.47368421052632            16
    0.47368421052632    0.10526315789474    0.47368421052632            16
    0.15789473684210    0.15789473684210    0.47368421052632             8
    0.21052631578947    0.15789473684210    0.47368421052632            16
    0.26315789473684    0.15789473684210    0.47368421052632            16
    0.31578947368421    0.15789473684210    0.47368421052632            16
    0.36842105263158    0.15789473684210    0.47368421052632            16
    0.42105263157895    0.15789473684210    0.47368421052632            16
    0.47368421052632    0.15789473684210    0.47368421052632            16
    0.21052631578947    0.21052631578947    0.47368421052632             8
    0.26315789473684    0.21052631578947    0.47368421052632            16
    0.31578947368421    0.21052631578947    0.47368421052632            16
    0.36842105263158    0.21052631578947    0.47368421052632            16
    0.42105263157895    0.21052631578947    0.47368421052632            16
    0.47368421052632    0.21052631578947    0.47368421052632            16
    0.26315789473684    0.26315789473684    0.47368421052632             8
    0.31578947368421    0.26315789473684    0.47368421052632            16
    0.36842105263158    0.26315789473684    0.47368421052632            16
    0.42105263157895    0.26315789473684    0.47368421052632            16
    0.47368421052632    0.26315789473684    0.47368421052632            16
    0.31578947368421    0.31578947368421    0.47368421052632             8
    0.36842105263158    0.31578947368421    0.47368421052632            16
    0.42105263157895    0.31578947368421    0.47368421052632            16
    0.47368421052632    0.31578947368421    0.47368421052632            16
    0.36842105263158    0.36842105263158    0.47368421052632             8
    0.42105263157895    0.36842105263158    0.47368421052632            16
    0.47368421052632    0.36842105263158    0.47368421052632            16
    0.42105263157895    0.42105263157895    0.47368421052632             8
    0.47368421052632    0.42105263157895    0.47368421052632            16
    0.47368421052632    0.47368421052632    0.47368421052632             8
