Automatically generated mesh
     105
Reciprocal lattice
    0.00000000000000    0.00000000000000    0.00000000000000             1
    0.03846153846154    0.00000000000000    0.00000000000000             4
    0.07692307692308    0.00000000000000    0.00000000000000             4
    0.11538461538461    0.00000000000000    0.00000000000000             4
    0.15384615384615    0.00000000000000    0.00000000000000             4
    0.19230769230769    0.00000000000000    0.00000000000000             4
    0.23076923076923    0.00000000000000    0.00000000000000             4
    0.26923076923077    0.00000000000000    0.00000000000000             4
    0.30769230769231    0.00000000000000    0.00000000000000             4
    0.34615384615385    0.00000000000000    0.00000000000000             4
    0.38461538461539    0.00000000000000    0.00000000000000             4
    0.42307692307692    0.00000000000000    0.00000000000000             4
    0.46153846153846    0.00000000000000    0.00000000000000             4
    0.50000000000000    0.00000000000000    0.00000000000000             2
    0.03846153846154    0.03846153846154    0.00000000000000             4
    0.07692307692308    0.03846153846154    0.00000000000000             8
    0.11538461538461    0.03846153846154    0.00000000000000             8
    0.15384615384615    0.03846153846154    0.00000000000000             8
    0.19230769230769    0.03846153846154    0.00000000000000             8
    0.23076923076923    0.03846153846154    0.00000000000000             8
    0.26923076923077    0.03846153846154    0.00000000000000             8
    0.30769230769231    0.03846153846154    0.00000000000000             8
    0.34615384615385    0.03846153846154    0.00000000000000             8
    0.38461538461539    0.03846153846154    0.00000000000000             8
    0.42307692307692    0.03846153846154    0.00000000000000             8
    0.46153846153846    0.03846153846154    0.00000000000000             8
    0.50000000000000    0.03846153846154    0.00000000000000             4
    0.07692307692308    0.07692307692308    0.00000000000000             4
    0.11538461538461    0.07692307692308    0.00000000000000             8
    0.15384615384615    0.07692307692308    0.00000000000000             8
    0.19230769230769    0.07692307692308    0.00000000000000             8
    0.23076923076923    0.07692307692308    0.00000000000000             8
    0.26923076923077    0.07692307692308    0.00000000000000             8
    0.30769230769231    0.07692307692308    0.00000000000000             8
    0.34615384615385    0.07692307692308    0.00000000000000             8
    0.38461538461539    0.07692307692308    0.00000000000000             8
    0.42307692307692    0.07692307692308    0.00000000000000             8
    0.46153846153846    0.07692307692308    0.00000000000000             8
    0.50000000000000    0.07692307692308    0.00000000000000             4
    0.11538461538461    0.11538461538461    0.00000000000000             4
    0.15384615384615    0.11538461538461    0.00000000000000             8
    0.19230769230769    0.11538461538461    0.00000000000000             8
    0.23076923076923    0.11538461538461    0.00000000000000             8
    0.26923076923077    0.11538461538461    0.00000000000000             8
    0.30769230769231    0.11538461538461    0.00000000000000             8
    0.34615384615385    0.11538461538461    0.00000000000000             8
    0.38461538461539    0.11538461538461    0.00000000000000             8
    0.42307692307692    0.11538461538461    0.00000000000000             8
    0.46153846153846    0.11538461538461    0.00000000000000             8
    0.50000000000000    0.11538461538461    0.00000000000000             4
    0.15384615384615    0.15384615384615    0.00000000000000             4
    0.19230769230769    0.15384615384615    0.00000000000000             8
    0.23076923076923    0.15384615384615    0.00000000000000             8
    0.26923076923077    0.15384615384615    0.00000000000000             8
    0.30769230769231    0.15384615384615    0.00000000000000             8
    0.34615384615385    0.15384615384615    0.00000000000000             8
    0.38461538461539    0.15384615384615    0.00000000000000             8
    0.42307692307692    0.15384615384615    0.00000000000000             8
    0.46153846153846    0.15384615384615    0.00000000000000             8
    0.50000000000000    0.15384615384615    0.00000000000000             4
    0.19230769230769    0.19230769230769    0.00000000000000             4
    0.23076923076923    0.19230769230769    0.00000000000000             8
    0.26923076923077    0.19230769230769    0.00000000000000             8
    0.30769230769231    0.19230769230769    0.00000000000000             8
    0.34615384615385    0.19230769230769    0.00000000000000             8
    0.38461538461539    0.19230769230769    0.00000000000000             8
    0.42307692307692    0.19230769230769    0.00000000000000             8
    0.46153846153846    0.19230769230769    0.00000000000000             8
    0.50000000000000    0.19230769230769    0.00000000000000             4
    0.23076923076923    0.23076923076923    0.00000000000000             4
    0.26923076923077    0.23076923076923    0.00000000000000             8
    0.30769230769231    0.23076923076923    0.00000000000000             8
    0.34615384615385    0.23076923076923    0.00000000000000             8
    0.38461538461539    0.23076923076923    0.00000000000000             8
    0.42307692307692    0.23076923076923    0.00000000000000             8
    0.46153846153846    0.23076923076923    0.00000000000000             8
    0.50000000000000    0.23076923076923    0.00000000000000             4
    0.26923076923077    0.26923076923077    0.00000000000000             4
    0.30769230769231    0.26923076923077    0.00000000000000             8
    0.34615384615385    0.26923076923077    0.00000000000000             8
    0.38461538461539    0.26923076923077    0.00000000000000             8
    0.42307692307692    0.26923076923077    0.00000000000000             8
    0.46153846153846    0.26923076923077    0.00000000000000             8
    0.50000000000000    0.26923076923077    0.00000000000000             4
    0.30769230769231    0.30769230769231    0.00000000000000             4
    0.34615384615385    0.30769230769231    0.00000000000000             8
    0.38461538461539    0.30769230769231    0.00000000000000             8
    0.42307692307692    0.30769230769231    0.00000000000000             8
    0.46153846153846    0.30769230769231    0.00000000000000             8
    0.50000000000000    0.30769230769231    0.00000000000000             4
    0.34615384615385    0.34615384615385    0.00000000000000             4
    0.38461538461539    0.34615384615385    0.00000000000000             8
    0.42307692307692    0.34615384615385    0.00000000000000             8
    0.46153846153846    0.34615384615385    0.00000000000000             8
    0.50000000000000    0.34615384615385    0.00000000000000             4
    0.38461538461539    0.38461538461539    0.00000000000000             4
    0.42307692307692    0.38461538461539    0.00000000000000             8
    0.46153846153846    0.38461538461539    0.00000000000000             8
    0.50000000000000    0.38461538461539    0.00000000000000             4
    0.42307692307692    0.42307692307692    0.00000000000000             4
    0.46153846153846    0.42307692307692    0.00000000000000             8
    0.50000000000000    0.42307692307692    0.00000000000000             4
    0.46153846153846    0.46153846153846    0.00000000000000             4
    0.50000000000000    0.46153846153846    0.00000000000000             4
    0.50000000000000    0.50000000000000    0.00000000000000             1
