    2   45    6
  9.013  1.000
    1    1  0.0150  0.0000  0.0000
 -0.079204662675   0.000000000000  -0.000022100983
 -0.002588890075  -0.000000427271  -0.000022217876
 -0.002588890075   0.000000427271  -0.000022217876
  0.036465114458   0.000000000000  -0.012386855619
 -0.003466215841  -0.000902203995   0.001494826082
 -0.003466215841   0.000902203995   0.001494826082
  0.036456347976   0.000000000000   0.012325724982
 -0.003466075731   0.000899578482  -0.001541985350
 -0.003466075731  -0.000899578482  -0.001541985350
  0.005675048402   0.001938675466  -0.004018154938
  0.000788638721   0.000000000000  -0.001189321784
  0.005675048402  -0.001938675466  -0.004018154938
  0.006693531979   0.000001301557  -0.000017692366
  0.001046596750   0.000000000000  -0.000016636123
  0.006693531979  -0.000001301557  -0.000017692366
  0.005679826805  -0.001936433643   0.003983987616
  0.000790546510   0.000000000000   0.001154499621
  0.005679826805   0.001936433643   0.003983987616
  0.000241990442   0.000000000000  -0.000011093871
 -0.000379357673   0.000000728520  -0.000012450465
 -0.000379357673  -0.000000728520  -0.000012450465
  0.001608043878   0.000000000000  -0.001357935053
 -0.000271515113   0.000723021532   0.001082842733
 -0.000271515113  -0.000723021532   0.001082842733
  0.001607666393   0.000000000000   0.001332703547
 -0.000269906036  -0.000717642400  -0.001102620985
 -0.000269906036   0.000717642400  -0.001102620985
 -0.008852448240   0.000000000000   0.000034303664
  0.000472244728  -0.000001358829   0.000024191603
  0.000472244728   0.000001358829   0.000024191603
 -0.008303432368   0.000000000000  -0.002084262754
  0.002280573108   0.000253299935  -0.001100587454
  0.002280573108  -0.000253299935  -0.001100587454
 -0.008322024783   0.000000000000   0.002147562578
  0.002285818286  -0.000268605078   0.001161167904
  0.002285818286   0.000268605078   0.001161167904
 -0.001007623671   0.000000000000   0.000022316964
  0.000324158547  -0.000000091177   0.000023354986
  0.000324158547   0.000000091177   0.000023354986
 -0.000004174523   0.000000000000   0.000962534278
  0.000188609118   0.000026422595   0.000278133179
  0.000188609118  -0.000026422595   0.000278133179
 -0.000001655807   0.000000000000  -0.000911297862
  0.000187687967  -0.000027176970  -0.000232865462
  0.000187687967   0.000027176970  -0.000232865462
    1    2  0.0000  0.0000  0.0150
 -0.000000000000  -0.000000000000  -0.196817471916
 -0.000000000000   0.012442024799  -0.002327396941
 -0.000000000000  -0.012442024799  -0.002327396941
  0.012442024799  -0.000000000000  -0.002327396941
 -0.001553606758  -0.001553606758   0.000271757866
 -0.001553606758   0.001553606758   0.000271757866
 -0.012442024799  -0.000000000000  -0.002327396941
  0.001553606758  -0.001553606758   0.000271757866
  0.001553606758   0.001553606758   0.000271757866
 -0.008278417002  -0.008278417002   0.013579734200
 -0.001031278492  -0.000000000000   0.001245691058
 -0.008278417002   0.008278417002   0.013579734200
 -0.000000000000  -0.001031278492   0.001245691058
 -0.000000000000  -0.000000000000   0.000507188161
 -0.000000000000   0.001031278492   0.001245691058
  0.008278417002  -0.008278417002   0.013579734200
  0.001031278492  -0.000000000000   0.001245691058
  0.008278417002   0.008278417002   0.013579734200
 -0.000000000000  -0.000000000000  -0.003485202910
 -0.000000000000  -0.001386299256   0.002255494451
 -0.000000000000   0.001386299256   0.002255494451
 -0.001386299256  -0.000000000000   0.002255494451
  0.001052115306   0.001052115306  -0.001841834467
  0.001052115306  -0.001052115306  -0.001841834467
  0.001386299256  -0.000000000000   0.002255494451
 -0.001052115306   0.001052115306  -0.001841834467
 -0.001052115306  -0.001052115306  -0.001841834467
 -0.000000000000  -0.000000000000   0.149880317075
 -0.000000000000   0.000489469459  -0.001918899420
 -0.000000000000  -0.000489469459  -0.001918899420
  0.000489469459  -0.000000000000  -0.001918899420
  0.000844055784   0.000844055784   0.000521749634
  0.000844055784  -0.000844055784   0.000521749634
 -0.000489469459  -0.000000000000  -0.001918899420
 -0.000844055784   0.000844055784   0.000521749634
 -0.000844055784  -0.000844055784   0.000521749634
 -0.000000000000  -0.000000000000   0.000465005076
 -0.000000000000  -0.000994512801   0.000495773927
 -0.000000000000   0.000994512801   0.000495773927
 -0.000994512801  -0.000000000000   0.000495773927
  0.000571671026   0.000571671026   0.000080470821
  0.000571671026  -0.000571671026   0.000080470821
  0.000994512801  -0.000000000000   0.000495773927
 -0.000571671026   0.000571671026   0.000080470821
 -0.000571671026  -0.000571671026   0.000080470821
   10    1  0.0150  0.0000  0.0000
  0.005718365178   0.001920961430  -0.008271163965
  0.005718365178  -0.001920961430  -0.008271163965
  0.000775244102  -0.000000000000  -0.000971956416
  0.005719907448  -0.001921473605   0.008275667952
  0.005719907448   0.001921473605   0.008275667952
  0.000774908291  -0.000000000000   0.000973946822
  0.006610984740   0.000000113431   0.000001347683
  0.006610984740  -0.000000113431   0.000001347683
  0.001073029313  -0.000000000000   0.000001842504
 -0.119638763414  -0.000000000000  -0.000000000000
  0.000082644639   0.000001909677  -0.000000000000
  0.000082644639  -0.000001909677  -0.000000000000
  0.017947888607  -0.000000000000  -0.000000000000
 -0.000008903863  -0.000345131717  -0.000000000000
 -0.000008903863   0.000345131717  -0.000000000000
  0.017948368716  -0.000000000000  -0.000000000000
 -0.000009419088   0.000346071007  -0.000000000000
 -0.000009419088  -0.000346071007  -0.000000000000
  0.005718365178   0.001920961430   0.008271163965
  0.005718365178  -0.001920961430   0.008271163965
  0.000775244102  -0.000000000000   0.000971956416
  0.005719907448  -0.001921473605  -0.008275667952
  0.005719907448   0.001921473605  -0.008275667952
  0.000774908291  -0.000000000000  -0.000973946822
  0.006610984740   0.000000113431  -0.000001347683
  0.006610984740  -0.000000113431  -0.000001347683
  0.001073029313  -0.000000000000  -0.000001842504
  0.001164656879   0.000325167047   0.000070731834
  0.001164656879  -0.000325167047   0.000070731834
  0.000073113387  -0.000000000000  -0.000152517094
  0.001165346523  -0.000325775657  -0.000072128456
  0.001165346523   0.000325775657  -0.000072128456
  0.000073890714  -0.000000000000   0.000151111652
 -0.000057251085   0.000000043681  -0.000000611154
 -0.000057251085  -0.000000043681  -0.000000611154
 -0.001607273815  -0.000000000000  -0.000000190592
  0.001164656879   0.000325167047  -0.000070731834
  0.001164656879  -0.000325167047  -0.000070731834
  0.000073113387  -0.000000000000   0.000152517094
  0.001165346523  -0.000325775657   0.000072128456
  0.001165346523   0.000325775657   0.000072128456
  0.000073890714  -0.000000000000  -0.000151111652
 -0.000057251085   0.000000043681   0.000000611154
 -0.000057251085  -0.000000043681   0.000000611154
 -0.001607273815  -0.000000000000   0.000000190592
   10    2  0.0000  0.0000  0.0150
 -0.003941142153  -0.003941142153   0.013534029632
 -0.003941142153   0.003941142153   0.013534029632
 -0.001192720600  -0.000000000000   0.001203979722
  0.003941142153  -0.003941142153   0.013534029632
  0.003941142153   0.003941142153   0.013534029632
  0.001192720600  -0.000000000000   0.001203979722
  0.000000000000  -0.001192720600   0.001203979722
  0.000000000000   0.001192720600   0.001203979722
  0.000000000000  -0.000000000000   0.000440296458
  0.000000000000  -0.000000000000  -0.151403290325
  0.000000000000  -0.000000078734   0.006616383505
  0.000000000000   0.000000078734   0.006616383505
 -0.000000078734  -0.000000000000   0.006616383505
  0.000000010904   0.000000010904  -0.001913528517
  0.000000010904  -0.000000010904  -0.001913528517
  0.000000078734  -0.000000000000   0.006616383505
 -0.000000010904   0.000000010904  -0.001913528517
 -0.000000010904  -0.000000010904  -0.001913528517
  0.003941903726   0.003941903726   0.013542615735
  0.003941903726  -0.003941903726   0.013542615735
  0.001192601284  -0.000000000000   0.001212783746
 -0.003941903726   0.003941903726   0.013542615735
 -0.003941903726  -0.003941903726   0.013542615735
 -0.001192601284  -0.000000000000   0.001212783746
  0.000000000000   0.001192601284   0.001212783746
  0.000000000000  -0.001192601284   0.001212783746
  0.000000000000  -0.000000000000   0.000447765141
 -0.001219116294  -0.001219116294   0.002024473235
 -0.001219116294   0.001219116294   0.002024473235
 -0.000566291525  -0.000000000000  -0.000380525404
  0.001219116294  -0.001219116294   0.002024473235
  0.001219116294   0.001219116294   0.002024473235
  0.000566291525  -0.000000000000  -0.000380525404
  0.000000000000  -0.000566291525  -0.000380525404
  0.000000000000   0.000566291525  -0.000380525404
  0.000000000000  -0.000000000000   0.000304030275
  0.001218680664   0.001218680664   0.002021560172
  0.001218680664  -0.001218680664   0.002021560172
  0.000565986791  -0.000000000000  -0.000384582819
 -0.001218680664   0.001218680664   0.002021560172
 -0.001218680664  -0.001218680664   0.002021560172
 -0.000565986791  -0.000000000000  -0.000384582819
  0.000000000000   0.000565986791  -0.000384582819
  0.000000000000  -0.000565986791  -0.000384582819
  0.000000000000  -0.000000000000   0.000302442423
   28    1  0.0150  0.0000  0.0000
 -0.008867848850   0.000000000000  -0.000000896249
  0.000478058888  -0.000005839097  -0.000002262978
  0.000478058888   0.000005839097  -0.000002262978
 -0.008288360936   0.000000000000  -0.000539187955
  0.002262103504   0.000222778583  -0.000852952522
  0.002262103504  -0.000222778583  -0.000852952522
 -0.008280888596   0.000000000000   0.000539080018
  0.002270115214  -0.000230988768   0.000851831198
  0.002270115214   0.000230988768   0.000851831198
  0.001163362628   0.000307265872  -0.001195690365
  0.000063225711   0.000000000000  -0.000549117563
  0.001163362628  -0.000307265872  -0.001195690365
 -0.000041283477  -0.000001267891   0.000007845425
 -0.001608080944   0.000000000000   0.000007393779
 -0.000041283477   0.000001267891   0.000007845425
  0.001163781932  -0.000310446088   0.001229110810
  0.000063109511   0.000000000000   0.000564201491
  0.001163781932   0.000310446088   0.001229110810
 -0.001026662444   0.000000000000   0.000000329392
  0.000307944118   0.000003460938   0.000002102218
  0.000307944118  -0.000003460938   0.000002102218
  0.000015906710   0.000000000000  -0.000985648417
  0.000192187529   0.000036226227   0.000582480759
  0.000192187529  -0.000036226227   0.000582480759
  0.000008128366   0.000000000000   0.000990243131
  0.000189920659  -0.000032418482  -0.000576643239
  0.000189920659   0.000032418482  -0.000576643239
  0.006479576323   0.000000000000  -0.000000977140
  0.002263133403  -0.000002401846  -0.000003376641
  0.002263133403   0.000002401846  -0.000003376641
  0.003647511942   0.000000000000   0.006317621705
 -0.001616342051  -0.001731674387   0.000439385725
 -0.001616342051   0.001731674387   0.000439385725
  0.003677076428   0.000000000000  -0.006307522564
 -0.001602521488   0.001722500173  -0.000449776570
 -0.001602521488  -0.001722500173  -0.000449776570
 -0.000454135458   0.000000000000  -0.000008006712
 -0.000017932103   0.000002514582  -0.000010243330
 -0.000017932103  -0.000002514582  -0.000010243330
  0.000452695656   0.000000000000   0.000492946668
 -0.000088317587   0.000286935248  -0.000150740831
 -0.000088317587  -0.000286935248  -0.000150740831
  0.000451472515   0.000000000000  -0.000507476045
 -0.000090574135  -0.000281582333   0.000122438572
 -0.000090574135   0.000281582333   0.000122438572
   28    2  0.0000  0.0000  0.0150
 -0.000000000000   0.000000000000   0.149946934086
 -0.000000000000   0.002193389008  -0.001893733231
 -0.000000000000  -0.002193389008  -0.001893733231
  0.002193389008   0.000000000000  -0.001893733231
  0.001147577318   0.001147577318   0.000587658743
  0.001147577318  -0.001147577318   0.000587658743
 -0.002193389008   0.000000000000  -0.001893733231
 -0.001147577318   0.001147577318   0.000587658743
 -0.001147577318  -0.001147577318   0.000587658743
  0.000128453337   0.000128453337   0.001980040720
 -0.000144056086   0.000000000000  -0.000308863947
  0.000128453337  -0.000128453337   0.001980040720
 -0.000000000000  -0.000144056086  -0.000308863947
 -0.000000000000   0.000000000000   0.000364631037
 -0.000000000000   0.000144056086  -0.000308863947
 -0.000128453337   0.000128453337   0.001980040720
  0.000144056086   0.000000000000  -0.000308863947
 -0.000128453337  -0.000128453337   0.001980040720
 -0.000000000000   0.000000000000   0.000560811146
 -0.000000000000   0.000937747271   0.000622536827
 -0.000000000000  -0.000937747271   0.000622536827
  0.000937747271   0.000000000000   0.000622536827
  0.000257409220   0.000257409220   0.000136460434
  0.000257409220  -0.000257409220   0.000136460434
 -0.000937747271   0.000000000000   0.000622536827
 -0.000257409220   0.000257409220   0.000136460434
 -0.000257409220  -0.000257409220   0.000136460434
 -0.000000000000   0.000000000000  -0.155619245720
 -0.000000000000  -0.006379173878   0.001729885572
 -0.000000000000   0.006379173878   0.001729885572
 -0.006379173878   0.000000000000   0.001729885572
 -0.000451703332  -0.000451703332  -0.002020240166
 -0.000451703332   0.000451703332  -0.002020240166
  0.006379173878   0.000000000000   0.001729885572
  0.000451703332  -0.000451703332  -0.002020240166
  0.000451703332   0.000451703332  -0.002020240166
 -0.000000000000   0.000000000000   0.001102793982
 -0.000000000000   0.000494744329   0.000051130883
 -0.000000000000  -0.000494744329   0.000051130883
  0.000494744329   0.000000000000   0.000051130883
 -0.000134770126  -0.000134770126   0.000026143033
 -0.000134770126   0.000134770126   0.000026143033
 -0.000494744329   0.000000000000   0.000051130883
  0.000134770126  -0.000134770126   0.000026143033
  0.000134770126   0.000134770126   0.000026143033
