Automatically generated mesh
     529
Reciprocal lattice
    0.00000000000000    0.00000000000000    0.00000000000000             1
    0.02222222222223    0.00000000000000    0.00000000000000             4
    0.04444444444445    0.00000000000000    0.00000000000000             4
    0.06666666666667    0.00000000000000    0.00000000000000             4
    0.08888888888889    0.00000000000000    0.00000000000000             4
    0.11111111111112    0.00000000000000    0.00000000000000             4
    0.13333333333333    0.00000000000000    0.00000000000000             4
    0.15555555555556    0.00000000000000    0.00000000000000             4
    0.17777777777778    0.00000000000000    0.00000000000000             4
    0.20000000000000    0.00000000000000    0.00000000000000             4
    0.22222222222222    0.00000000000000    0.00000000000000             4
    0.24444444444445    0.00000000000000    0.00000000000000             4
    0.26666666666667    0.00000000000000    0.00000000000000             4
    0.28888888888889    0.00000000000000    0.00000000000000             4
    0.31111111111111    0.00000000000000    0.00000000000000             4
    0.33333333333334    0.00000000000000    0.00000000000000             4
    0.35555555555556    0.00000000000000    0.00000000000000             4
    0.37777777777778    0.00000000000000    0.00000000000000             4
    0.40000000000000    0.00000000000000    0.00000000000000             4
    0.42222222222223    0.00000000000000    0.00000000000000             4
    0.44444444444444    0.00000000000000    0.00000000000000             4
    0.46666666666667    0.00000000000000    0.00000000000000             4
    0.48888888888889    0.00000000000000    0.00000000000000             4
    0.02222222222223    0.02222222222223    0.00000000000000             2
    0.04444444444445    0.02222222222223    0.00000000000000             4
    0.06666666666667    0.02222222222223    0.00000000000000             4
    0.08888888888889    0.02222222222223    0.00000000000000             4
    0.11111111111112    0.02222222222223    0.00000000000000             4
    0.13333333333333    0.02222222222223    0.00000000000000             4
    0.15555555555556    0.02222222222223    0.00000000000000             4
    0.17777777777778    0.02222222222223    0.00000000000000             4
    0.20000000000000    0.02222222222223    0.00000000000000             4
    0.22222222222222    0.02222222222223    0.00000000000000             4
    0.24444444444445    0.02222222222223    0.00000000000000             4
    0.26666666666667    0.02222222222223    0.00000000000000             4
    0.28888888888889    0.02222222222223    0.00000000000000             4
    0.31111111111111    0.02222222222223    0.00000000000000             4
    0.33333333333334    0.02222222222223    0.00000000000000             4
    0.35555555555556    0.02222222222223    0.00000000000000             4
    0.37777777777778    0.02222222222223    0.00000000000000             4
    0.40000000000000    0.02222222222223    0.00000000000000             4
    0.42222222222223    0.02222222222223    0.00000000000000             4
    0.44444444444444    0.02222222222223    0.00000000000000             4
    0.46666666666667    0.02222222222223    0.00000000000000             4
    0.48888888888889    0.02222222222223    0.00000000000000             4
   -0.48888888888889    0.02222222222223    0.00000000000000             4
   -0.46666666666667    0.02222222222223    0.00000000000000             4
   -0.44444444444444    0.02222222222223    0.00000000000000             4
   -0.42222222222222    0.02222222222223    0.00000000000000             4
   -0.40000000000000    0.02222222222223    0.00000000000000             4
   -0.37777777777778    0.02222222222223    0.00000000000000             4
   -0.35555555555555    0.02222222222223    0.00000000000000             4
   -0.33333333333333    0.02222222222223    0.00000000000000             4
   -0.31111111111111    0.02222222222223    0.00000000000000             4
   -0.28888888888889    0.02222222222223    0.00000000000000             4
   -0.26666666666666    0.02222222222223    0.00000000000000             4
   -0.24444444444445    0.02222222222223    0.00000000000000             4
   -0.22222222222222    0.02222222222223    0.00000000000000             4
   -0.20000000000000    0.02222222222223    0.00000000000000             4
   -0.17777777777778    0.02222222222223    0.00000000000000             4
   -0.15555555555556    0.02222222222223    0.00000000000000             4
   -0.13333333333333    0.02222222222223    0.00000000000000             4
   -0.11111111111111    0.02222222222223    0.00000000000000             4
   -0.08888888888889    0.02222222222223    0.00000000000000             4
   -0.06666666666666    0.02222222222223    0.00000000000000             4
   -0.04444444444444    0.02222222222223    0.00000000000000             4
   -0.02222222222222    0.02222222222223    0.00000000000000             2
    0.04444444444445    0.04444444444445    0.00000000000000             2
    0.06666666666667    0.04444444444445    0.00000000000000             4
    0.08888888888889    0.04444444444445    0.00000000000000             4
    0.11111111111112    0.04444444444445    0.00000000000000             4
    0.13333333333333    0.04444444444445    0.00000000000000             4
    0.15555555555556    0.04444444444445    0.00000000000000             4
    0.17777777777778    0.04444444444445    0.00000000000000             4
    0.20000000000000    0.04444444444445    0.00000000000000             4
    0.22222222222222    0.04444444444445    0.00000000000000             4
    0.24444444444445    0.04444444444445    0.00000000000000             4
    0.26666666666667    0.04444444444445    0.00000000000000             4
    0.28888888888889    0.04444444444445    0.00000000000000             4
    0.31111111111111    0.04444444444445    0.00000000000000             4
    0.33333333333334    0.04444444444445    0.00000000000000             4
    0.35555555555556    0.04444444444445    0.00000000000000             4
    0.37777777777778    0.04444444444445    0.00000000000000             4
    0.40000000000000    0.04444444444445    0.00000000000000             4
    0.42222222222223    0.04444444444445    0.00000000000000             4
    0.44444444444444    0.04444444444445    0.00000000000000             4
    0.46666666666667    0.04444444444445    0.00000000000000             4
    0.48888888888889    0.04444444444445    0.00000000000000             4
   -0.48888888888889    0.04444444444445    0.00000000000000             4
   -0.46666666666667    0.04444444444445    0.00000000000000             4
   -0.44444444444444    0.04444444444445    0.00000000000000             4
   -0.42222222222222    0.04444444444445    0.00000000000000             4
   -0.40000000000000    0.04444444444445    0.00000000000000             4
   -0.37777777777778    0.04444444444445    0.00000000000000             4
   -0.35555555555555    0.04444444444445    0.00000000000000             4
   -0.33333333333333    0.04444444444445    0.00000000000000             4
   -0.31111111111111    0.04444444444445    0.00000000000000             4
   -0.28888888888889    0.04444444444445    0.00000000000000             4
   -0.26666666666666    0.04444444444445    0.00000000000000             4
   -0.24444444444445    0.04444444444445    0.00000000000000             4
   -0.22222222222222    0.04444444444445    0.00000000000000             4
   -0.20000000000000    0.04444444444445    0.00000000000000             4
   -0.17777777777778    0.04444444444445    0.00000000000000             4
   -0.15555555555556    0.04444444444445    0.00000000000000             4
   -0.13333333333333    0.04444444444445    0.00000000000000             4
   -0.11111111111111    0.04444444444445    0.00000000000000             4
   -0.08888888888889    0.04444444444445    0.00000000000000             4
   -0.06666666666666    0.04444444444445    0.00000000000000             4
   -0.04444444444444    0.04444444444445    0.00000000000000             2
    0.06666666666667    0.06666666666667    0.00000000000000             2
    0.08888888888889    0.06666666666667    0.00000000000000             4
    0.11111111111112    0.06666666666667    0.00000000000000             4
    0.13333333333333    0.06666666666667    0.00000000000000             4
    0.15555555555556    0.06666666666667    0.00000000000000             4
    0.17777777777778    0.06666666666667    0.00000000000000             4
    0.20000000000000    0.06666666666667    0.00000000000000             4
    0.22222222222222    0.06666666666667    0.00000000000000             4
    0.24444444444445    0.06666666666667    0.00000000000000             4
    0.26666666666667    0.06666666666667    0.00000000000000             4
    0.28888888888889    0.06666666666667    0.00000000000000             4
    0.31111111111111    0.06666666666667    0.00000000000000             4
    0.33333333333334    0.06666666666667    0.00000000000000             4
    0.35555555555556    0.06666666666667    0.00000000000000             4
    0.37777777777778    0.06666666666667    0.00000000000000             4
    0.40000000000000    0.06666666666667    0.00000000000000             4
    0.42222222222223    0.06666666666667    0.00000000000000             4
    0.44444444444444    0.06666666666667    0.00000000000000             4
    0.46666666666667    0.06666666666667    0.00000000000000             4
    0.48888888888889    0.06666666666667    0.00000000000000             4
   -0.48888888888889    0.06666666666667    0.00000000000000             4
   -0.46666666666667    0.06666666666667    0.00000000000000             4
   -0.44444444444444    0.06666666666667    0.00000000000000             4
   -0.42222222222222    0.06666666666667    0.00000000000000             4
   -0.40000000000000    0.06666666666667    0.00000000000000             4
   -0.37777777777778    0.06666666666667    0.00000000000000             4
   -0.35555555555555    0.06666666666667    0.00000000000000             4
   -0.33333333333333    0.06666666666667    0.00000000000000             4
   -0.31111111111111    0.06666666666667    0.00000000000000             4
   -0.28888888888889    0.06666666666667    0.00000000000000             4
   -0.26666666666666    0.06666666666667    0.00000000000000             4
   -0.24444444444445    0.06666666666667    0.00000000000000             4
   -0.22222222222222    0.06666666666667    0.00000000000000             4
   -0.20000000000000    0.06666666666667    0.00000000000000             4
   -0.17777777777778    0.06666666666667    0.00000000000000             4
   -0.15555555555556    0.06666666666667    0.00000000000000             4
   -0.13333333333333    0.06666666666667    0.00000000000000             4
   -0.11111111111111    0.06666666666667    0.00000000000000             4
   -0.08888888888889    0.06666666666667    0.00000000000000             4
   -0.06666666666666    0.06666666666667    0.00000000000000             2
    0.08888888888889    0.08888888888889    0.00000000000000             2
    0.11111111111112    0.08888888888889    0.00000000000000             4
    0.13333333333333    0.08888888888889    0.00000000000000             4
    0.15555555555556    0.08888888888889    0.00000000000000             4
    0.17777777777778    0.08888888888889    0.00000000000000             4
    0.20000000000000    0.08888888888889    0.00000000000000             4
    0.22222222222222    0.08888888888889    0.00000000000000             4
    0.24444444444445    0.08888888888889    0.00000000000000             4
    0.26666666666667    0.08888888888889    0.00000000000000             4
    0.28888888888889    0.08888888888889    0.00000000000000             4
    0.31111111111111    0.08888888888889    0.00000000000000             4
    0.33333333333334    0.08888888888889    0.00000000000000             4
    0.35555555555556    0.08888888888889    0.00000000000000             4
    0.37777777777778    0.08888888888889    0.00000000000000             4
    0.40000000000000    0.08888888888889    0.00000000000000             4
    0.42222222222223    0.08888888888889    0.00000000000000             4
    0.44444444444444    0.08888888888889    0.00000000000000             4
    0.46666666666667    0.08888888888889    0.00000000000000             4
    0.48888888888889    0.08888888888889    0.00000000000000             4
   -0.48888888888889    0.08888888888889    0.00000000000000             4
   -0.46666666666667    0.08888888888889    0.00000000000000             4
   -0.44444444444444    0.08888888888889    0.00000000000000             4
   -0.42222222222222    0.08888888888889    0.00000000000000             4
   -0.40000000000000    0.08888888888889    0.00000000000000             4
   -0.37777777777778    0.08888888888889    0.00000000000000             4
   -0.35555555555555    0.08888888888889    0.00000000000000             4
   -0.33333333333333    0.08888888888889    0.00000000000000             4
   -0.31111111111111    0.08888888888889    0.00000000000000             4
   -0.28888888888889    0.08888888888889    0.00000000000000             4
   -0.26666666666666    0.08888888888889    0.00000000000000             4
   -0.24444444444445    0.08888888888889    0.00000000000000             4
   -0.22222222222222    0.08888888888889    0.00000000000000             4
   -0.20000000000000    0.08888888888889    0.00000000000000             4
   -0.17777777777778    0.08888888888889    0.00000000000000             4
   -0.15555555555556    0.08888888888889    0.00000000000000             4
   -0.13333333333333    0.08888888888889    0.00000000000000             4
   -0.11111111111111    0.08888888888889    0.00000000000000             4
   -0.08888888888889    0.08888888888889    0.00000000000000             2
    0.11111111111112    0.11111111111112    0.00000000000000             2
    0.13333333333333    0.11111111111112    0.00000000000000             4
    0.15555555555556    0.11111111111112    0.00000000000000             4
    0.17777777777778    0.11111111111112    0.00000000000000             4
    0.20000000000000    0.11111111111112    0.00000000000000             4
    0.22222222222222    0.11111111111112    0.00000000000000             4
    0.24444444444445    0.11111111111112    0.00000000000000             4
    0.26666666666667    0.11111111111112    0.00000000000000             4
    0.28888888888889    0.11111111111112    0.00000000000000             4
    0.31111111111111    0.11111111111112    0.00000000000000             4
    0.33333333333334    0.11111111111112    0.00000000000000             4
    0.35555555555556    0.11111111111112    0.00000000000000             4
    0.37777777777778    0.11111111111112    0.00000000000000             4
    0.40000000000000    0.11111111111112    0.00000000000000             4
    0.42222222222223    0.11111111111112    0.00000000000000             4
    0.44444444444444    0.11111111111112    0.00000000000000             4
    0.46666666666667    0.11111111111112    0.00000000000000             4
    0.48888888888889    0.11111111111112    0.00000000000000             4
   -0.48888888888889    0.11111111111112    0.00000000000000             4
   -0.46666666666667    0.11111111111112    0.00000000000000             4
   -0.44444444444444    0.11111111111112    0.00000000000000             4
   -0.42222222222222    0.11111111111112    0.00000000000000             4
   -0.40000000000000    0.11111111111112    0.00000000000000             4
   -0.37777777777778    0.11111111111112    0.00000000000000             4
   -0.35555555555555    0.11111111111112    0.00000000000000             4
   -0.33333333333333    0.11111111111112    0.00000000000000             4
   -0.31111111111111    0.11111111111112    0.00000000000000             4
   -0.28888888888889    0.11111111111112    0.00000000000000             4
   -0.26666666666666    0.11111111111112    0.00000000000000             4
   -0.24444444444445    0.11111111111112    0.00000000000000             4
   -0.22222222222222    0.11111111111112    0.00000000000000             4
   -0.20000000000000    0.11111111111112    0.00000000000000             4
   -0.17777777777778    0.11111111111112    0.00000000000000             4
   -0.15555555555556    0.11111111111112    0.00000000000000             4
   -0.13333333333333    0.11111111111112    0.00000000000000             4
   -0.11111111111111    0.11111111111112    0.00000000000000             2
    0.13333333333333    0.13333333333333    0.00000000000000             2
    0.15555555555556    0.13333333333333    0.00000000000000             4
    0.17777777777778    0.13333333333333    0.00000000000000             4
    0.20000000000000    0.13333333333333    0.00000000000000             4
    0.22222222222222    0.13333333333333    0.00000000000000             4
    0.24444444444445    0.13333333333333    0.00000000000000             4
    0.26666666666667    0.13333333333333    0.00000000000000             4
    0.28888888888889    0.13333333333333    0.00000000000000             4
    0.31111111111111    0.13333333333333    0.00000000000000             4
    0.33333333333334    0.13333333333333    0.00000000000000             4
    0.35555555555556    0.13333333333333    0.00000000000000             4
    0.37777777777778    0.13333333333333    0.00000000000000             4
    0.40000000000000    0.13333333333333    0.00000000000000             4
    0.42222222222223    0.13333333333333    0.00000000000000             4
    0.44444444444444    0.13333333333333    0.00000000000000             4
    0.46666666666667    0.13333333333333    0.00000000000000             4
    0.48888888888889    0.13333333333333    0.00000000000000             4
   -0.48888888888889    0.13333333333333    0.00000000000000             4
   -0.46666666666667    0.13333333333333    0.00000000000000             4
   -0.44444444444444    0.13333333333333    0.00000000000000             4
   -0.42222222222222    0.13333333333333    0.00000000000000             4
   -0.40000000000000    0.13333333333333    0.00000000000000             4
   -0.37777777777778    0.13333333333333    0.00000000000000             4
   -0.35555555555555    0.13333333333333    0.00000000000000             4
   -0.33333333333333    0.13333333333333    0.00000000000000             4
   -0.31111111111111    0.13333333333333    0.00000000000000             4
   -0.28888888888889    0.13333333333333    0.00000000000000             4
   -0.26666666666666    0.13333333333333    0.00000000000000             4
   -0.24444444444445    0.13333333333333    0.00000000000000             4
   -0.22222222222222    0.13333333333333    0.00000000000000             4
   -0.20000000000000    0.13333333333333    0.00000000000000             4
   -0.17777777777778    0.13333333333333    0.00000000000000             4
   -0.15555555555556    0.13333333333333    0.00000000000000             4
   -0.13333333333333    0.13333333333333    0.00000000000000             2
    0.15555555555556    0.15555555555556    0.00000000000000             2
    0.17777777777778    0.15555555555556    0.00000000000000             4
    0.20000000000000    0.15555555555556    0.00000000000000             4
    0.22222222222222    0.15555555555556    0.00000000000000             4
    0.24444444444445    0.15555555555556    0.00000000000000             4
    0.26666666666667    0.15555555555556    0.00000000000000             4
    0.28888888888889    0.15555555555556    0.00000000000000             4
    0.31111111111111    0.15555555555556    0.00000000000000             4
    0.33333333333334    0.15555555555556    0.00000000000000             4
    0.35555555555556    0.15555555555556    0.00000000000000             4
    0.37777777777778    0.15555555555556    0.00000000000000             4
    0.40000000000000    0.15555555555556    0.00000000000000             4
    0.42222222222223    0.15555555555556    0.00000000000000             4
    0.44444444444444    0.15555555555556    0.00000000000000             4
    0.46666666666667    0.15555555555556    0.00000000000000             4
    0.48888888888889    0.15555555555556    0.00000000000000             4
   -0.48888888888889    0.15555555555556    0.00000000000000             4
   -0.46666666666667    0.15555555555556    0.00000000000000             4
   -0.44444444444444    0.15555555555556    0.00000000000000             4
   -0.42222222222222    0.15555555555556    0.00000000000000             4
   -0.40000000000000    0.15555555555556    0.00000000000000             4
   -0.37777777777778    0.15555555555556    0.00000000000000             4
   -0.35555555555555    0.15555555555556    0.00000000000000             4
   -0.33333333333333    0.15555555555556    0.00000000000000             4
   -0.31111111111111    0.15555555555556    0.00000000000000             4
   -0.28888888888889    0.15555555555556    0.00000000000000             4
   -0.26666666666666    0.15555555555556    0.00000000000000             4
   -0.24444444444445    0.15555555555556    0.00000000000000             4
   -0.22222222222222    0.15555555555556    0.00000000000000             4
   -0.20000000000000    0.15555555555556    0.00000000000000             4
   -0.17777777777778    0.15555555555556    0.00000000000000             4
   -0.15555555555556    0.15555555555556    0.00000000000000             2
    0.17777777777778    0.17777777777778    0.00000000000000             2
    0.20000000000000    0.17777777777778    0.00000000000000             4
    0.22222222222222    0.17777777777778    0.00000000000000             4
    0.24444444444445    0.17777777777778    0.00000000000000             4
    0.26666666666667    0.17777777777778    0.00000000000000             4
    0.28888888888889    0.17777777777778    0.00000000000000             4
    0.31111111111111    0.17777777777778    0.00000000000000             4
    0.33333333333334    0.17777777777778    0.00000000000000             4
    0.35555555555556    0.17777777777778    0.00000000000000             4
    0.37777777777778    0.17777777777778    0.00000000000000             4
    0.40000000000000    0.17777777777778    0.00000000000000             4
    0.42222222222223    0.17777777777778    0.00000000000000             4
    0.44444444444444    0.17777777777778    0.00000000000000             4
    0.46666666666667    0.17777777777778    0.00000000000000             4
    0.48888888888889    0.17777777777778    0.00000000000000             4
   -0.48888888888889    0.17777777777778    0.00000000000000             4
   -0.46666666666667    0.17777777777778    0.00000000000000             4
   -0.44444444444444    0.17777777777778    0.00000000000000             4
   -0.42222222222222    0.17777777777778    0.00000000000000             4
   -0.40000000000000    0.17777777777778    0.00000000000000             4
   -0.37777777777778    0.17777777777778    0.00000000000000             4
   -0.35555555555555    0.17777777777778    0.00000000000000             4
   -0.33333333333333    0.17777777777778    0.00000000000000             4
   -0.31111111111111    0.17777777777778    0.00000000000000             4
   -0.28888888888889    0.17777777777778    0.00000000000000             4
   -0.26666666666666    0.17777777777778    0.00000000000000             4
   -0.24444444444445    0.17777777777778    0.00000000000000             4
   -0.22222222222222    0.17777777777778    0.00000000000000             4
   -0.20000000000000    0.17777777777778    0.00000000000000             4
   -0.17777777777778    0.17777777777778    0.00000000000000             2
    0.20000000000000    0.20000000000000    0.00000000000000             2
    0.22222222222222    0.20000000000000    0.00000000000000             4
    0.24444444444445    0.20000000000000    0.00000000000000             4
    0.26666666666667    0.20000000000000    0.00000000000000             4
    0.28888888888889    0.20000000000000    0.00000000000000             4
    0.31111111111111    0.20000000000000    0.00000000000000             4
    0.33333333333334    0.20000000000000    0.00000000000000             4
    0.35555555555556    0.20000000000000    0.00000000000000             4
    0.37777777777778    0.20000000000000    0.00000000000000             4
    0.40000000000000    0.20000000000000    0.00000000000000             4
    0.42222222222223    0.20000000000000    0.00000000000000             4
    0.44444444444444    0.20000000000000    0.00000000000000             4
    0.46666666666667    0.20000000000000    0.00000000000000             4
    0.48888888888889    0.20000000000000    0.00000000000000             4
   -0.48888888888889    0.20000000000000    0.00000000000000             4
   -0.46666666666667    0.20000000000000    0.00000000000000             4
   -0.44444444444444    0.20000000000000    0.00000000000000             4
   -0.42222222222222    0.20000000000000    0.00000000000000             4
   -0.40000000000000    0.20000000000000    0.00000000000000             4
   -0.37777777777778    0.20000000000000    0.00000000000000             4
   -0.35555555555555    0.20000000000000    0.00000000000000             4
   -0.33333333333333    0.20000000000000    0.00000000000000             4
   -0.31111111111111    0.20000000000000    0.00000000000000             4
   -0.28888888888889    0.20000000000000    0.00000000000000             4
   -0.26666666666666    0.20000000000000    0.00000000000000             4
   -0.24444444444445    0.20000000000000    0.00000000000000             4
   -0.22222222222222    0.20000000000000    0.00000000000000             4
   -0.20000000000000    0.20000000000000    0.00000000000000             2
    0.22222222222222    0.22222222222222    0.00000000000000             2
    0.24444444444445    0.22222222222222    0.00000000000000             4
    0.26666666666667    0.22222222222222    0.00000000000000             4
    0.28888888888889    0.22222222222222    0.00000000000000             4
    0.31111111111111    0.22222222222222    0.00000000000000             4
    0.33333333333334    0.22222222222222    0.00000000000000             4
    0.35555555555556    0.22222222222222    0.00000000000000             4
    0.37777777777778    0.22222222222222    0.00000000000000             4
    0.40000000000000    0.22222222222222    0.00000000000000             4
    0.42222222222223    0.22222222222222    0.00000000000000             4
    0.44444444444444    0.22222222222222    0.00000000000000             4
    0.46666666666667    0.22222222222222    0.00000000000000             4
    0.48888888888889    0.22222222222222    0.00000000000000             4
   -0.48888888888889    0.22222222222222    0.00000000000000             4
   -0.46666666666667    0.22222222222222    0.00000000000000             4
   -0.44444444444444    0.22222222222222    0.00000000000000             4
   -0.42222222222222    0.22222222222222    0.00000000000000             4
   -0.40000000000000    0.22222222222222    0.00000000000000             4
   -0.37777777777778    0.22222222222222    0.00000000000000             4
   -0.35555555555555    0.22222222222222    0.00000000000000             4
   -0.33333333333333    0.22222222222222    0.00000000000000             4
   -0.31111111111111    0.22222222222222    0.00000000000000             4
   -0.28888888888889    0.22222222222222    0.00000000000000             4
   -0.26666666666666    0.22222222222222    0.00000000000000             4
   -0.24444444444445    0.22222222222222    0.00000000000000             4
   -0.22222222222222    0.22222222222222    0.00000000000000             2
    0.24444444444445    0.24444444444445    0.00000000000000             2
    0.26666666666667    0.24444444444445    0.00000000000000             4
    0.28888888888889    0.24444444444445    0.00000000000000             4
    0.31111111111111    0.24444444444445    0.00000000000000             4
    0.33333333333334    0.24444444444445    0.00000000000000             4
    0.35555555555556    0.24444444444445    0.00000000000000             4
    0.37777777777778    0.24444444444445    0.00000000000000             4
    0.40000000000000    0.24444444444445    0.00000000000000             4
    0.42222222222223    0.24444444444445    0.00000000000000             4
    0.44444444444444    0.24444444444445    0.00000000000000             4
    0.46666666666667    0.24444444444445    0.00000000000000             4
    0.48888888888889    0.24444444444445    0.00000000000000             4
   -0.48888888888889    0.24444444444445    0.00000000000000             4
   -0.46666666666667    0.24444444444445    0.00000000000000             4
   -0.44444444444444    0.24444444444445    0.00000000000000             4
   -0.42222222222222    0.24444444444445    0.00000000000000             4
   -0.40000000000000    0.24444444444445    0.00000000000000             4
   -0.37777777777778    0.24444444444445    0.00000000000000             4
   -0.35555555555555    0.24444444444445    0.00000000000000             4
   -0.33333333333333    0.24444444444445    0.00000000000000             4
   -0.31111111111111    0.24444444444445    0.00000000000000             4
   -0.28888888888889    0.24444444444445    0.00000000000000             4
   -0.26666666666666    0.24444444444445    0.00000000000000             4
   -0.24444444444445    0.24444444444445    0.00000000000000             2
    0.26666666666667    0.26666666666667    0.00000000000000             2
    0.28888888888889    0.26666666666667    0.00000000000000             4
    0.31111111111111    0.26666666666667    0.00000000000000             4
    0.33333333333334    0.26666666666667    0.00000000000000             4
    0.35555555555556    0.26666666666667    0.00000000000000             4
    0.37777777777778    0.26666666666667    0.00000000000000             4
    0.40000000000000    0.26666666666667    0.00000000000000             4
    0.42222222222223    0.26666666666667    0.00000000000000             4
    0.44444444444444    0.26666666666667    0.00000000000000             4
    0.46666666666667    0.26666666666667    0.00000000000000             4
    0.48888888888889    0.26666666666667    0.00000000000000             4
   -0.48888888888889    0.26666666666667    0.00000000000000             4
   -0.46666666666667    0.26666666666667    0.00000000000000             4
   -0.44444444444444    0.26666666666667    0.00000000000000             4
   -0.42222222222222    0.26666666666667    0.00000000000000             4
   -0.40000000000000    0.26666666666667    0.00000000000000             4
   -0.37777777777778    0.26666666666667    0.00000000000000             4
   -0.35555555555555    0.26666666666667    0.00000000000000             4
   -0.33333333333333    0.26666666666667    0.00000000000000             4
   -0.31111111111111    0.26666666666667    0.00000000000000             4
   -0.28888888888889    0.26666666666667    0.00000000000000             4
   -0.26666666666666    0.26666666666667    0.00000000000000             2
    0.28888888888889    0.28888888888889    0.00000000000000             2
    0.31111111111111    0.28888888888889    0.00000000000000             4
    0.33333333333334    0.28888888888889    0.00000000000000             4
    0.35555555555556    0.28888888888889    0.00000000000000             4
    0.37777777777778    0.28888888888889    0.00000000000000             4
    0.40000000000000    0.28888888888889    0.00000000000000             4
    0.42222222222223    0.28888888888889    0.00000000000000             4
    0.44444444444444    0.28888888888889    0.00000000000000             4
    0.46666666666667    0.28888888888889    0.00000000000000             4
    0.48888888888889    0.28888888888889    0.00000000000000             4
   -0.48888888888889    0.28888888888889    0.00000000000000             4
   -0.46666666666667    0.28888888888889    0.00000000000000             4
   -0.44444444444444    0.28888888888889    0.00000000000000             4
   -0.42222222222222    0.28888888888889    0.00000000000000             4
   -0.40000000000000    0.28888888888889    0.00000000000000             4
   -0.37777777777778    0.28888888888889    0.00000000000000             4
   -0.35555555555555    0.28888888888889    0.00000000000000             4
   -0.33333333333333    0.28888888888889    0.00000000000000             4
   -0.31111111111111    0.28888888888889    0.00000000000000             4
   -0.28888888888889    0.28888888888889    0.00000000000000             2
    0.31111111111111    0.31111111111111    0.00000000000000             2
    0.33333333333334    0.31111111111111    0.00000000000000             4
    0.35555555555556    0.31111111111111    0.00000000000000             4
    0.37777777777778    0.31111111111111    0.00000000000000             4
    0.40000000000000    0.31111111111111    0.00000000000000             4
    0.42222222222223    0.31111111111111    0.00000000000000             4
    0.44444444444444    0.31111111111111    0.00000000000000             4
    0.46666666666667    0.31111111111111    0.00000000000000             4
    0.48888888888889    0.31111111111111    0.00000000000000             4
   -0.48888888888889    0.31111111111111    0.00000000000000             4
   -0.46666666666667    0.31111111111111    0.00000000000000             4
   -0.44444444444444    0.31111111111111    0.00000000000000             4
   -0.42222222222222    0.31111111111111    0.00000000000000             4
   -0.40000000000000    0.31111111111111    0.00000000000000             4
   -0.37777777777778    0.31111111111111    0.00000000000000             4
   -0.35555555555555    0.31111111111111    0.00000000000000             4
   -0.33333333333333    0.31111111111111    0.00000000000000             4
   -0.31111111111111    0.31111111111111    0.00000000000000             2
    0.33333333333334    0.33333333333334    0.00000000000000             2
    0.35555555555556    0.33333333333334    0.00000000000000             4
    0.37777777777778    0.33333333333334    0.00000000000000             4
    0.40000000000000    0.33333333333334    0.00000000000000             4
    0.42222222222223    0.33333333333334    0.00000000000000             4
    0.44444444444444    0.33333333333334    0.00000000000000             4
    0.46666666666667    0.33333333333334    0.00000000000000             4
    0.48888888888889    0.33333333333334    0.00000000000000             4
   -0.48888888888889    0.33333333333334    0.00000000000000             4
   -0.46666666666667    0.33333333333334    0.00000000000000             4
   -0.44444444444444    0.33333333333334    0.00000000000000             4
   -0.42222222222222    0.33333333333334    0.00000000000000             4
   -0.40000000000000    0.33333333333334    0.00000000000000             4
   -0.37777777777778    0.33333333333334    0.00000000000000             4
   -0.35555555555555    0.33333333333334    0.00000000000000             4
   -0.33333333333333    0.33333333333334    0.00000000000000             2
    0.35555555555556    0.35555555555556    0.00000000000000             2
    0.37777777777778    0.35555555555556    0.00000000000000             4
    0.40000000000000    0.35555555555556    0.00000000000000             4
    0.42222222222223    0.35555555555556    0.00000000000000             4
    0.44444444444444    0.35555555555556    0.00000000000000             4
    0.46666666666667    0.35555555555556    0.00000000000000             4
    0.48888888888889    0.35555555555556    0.00000000000000             4
   -0.48888888888889    0.35555555555556    0.00000000000000             4
   -0.46666666666667    0.35555555555556    0.00000000000000             4
   -0.44444444444444    0.35555555555556    0.00000000000000             4
   -0.42222222222222    0.35555555555556    0.00000000000000             4
   -0.40000000000000    0.35555555555556    0.00000000000000             4
   -0.37777777777778    0.35555555555556    0.00000000000000             4
   -0.35555555555555    0.35555555555556    0.00000000000000             2
    0.37777777777778    0.37777777777778    0.00000000000000             2
    0.40000000000000    0.37777777777778    0.00000000000000             4
    0.42222222222223    0.37777777777778    0.00000000000000             4
    0.44444444444444    0.37777777777778    0.00000000000000             4
    0.46666666666667    0.37777777777778    0.00000000000000             4
    0.48888888888889    0.37777777777778    0.00000000000000             4
   -0.48888888888889    0.37777777777778    0.00000000000000             4
   -0.46666666666667    0.37777777777778    0.00000000000000             4
   -0.44444444444444    0.37777777777778    0.00000000000000             4
   -0.42222222222222    0.37777777777778    0.00000000000000             4
   -0.40000000000000    0.37777777777778    0.00000000000000             4
   -0.37777777777778    0.37777777777778    0.00000000000000             2
    0.40000000000000    0.40000000000000    0.00000000000000             2
    0.42222222222223    0.40000000000000    0.00000000000000             4
    0.44444444444444    0.40000000000000    0.00000000000000             4
    0.46666666666667    0.40000000000000    0.00000000000000             4
    0.48888888888889    0.40000000000000    0.00000000000000             4
   -0.48888888888889    0.40000000000000    0.00000000000000             4
   -0.46666666666667    0.40000000000000    0.00000000000000             4
   -0.44444444444444    0.40000000000000    0.00000000000000             4
   -0.42222222222222    0.40000000000000    0.00000000000000             4
   -0.40000000000000    0.40000000000000    0.00000000000000             2
    0.42222222222223    0.42222222222223    0.00000000000000             2
    0.44444444444444    0.42222222222223    0.00000000000000             4
    0.46666666666667    0.42222222222223    0.00000000000000             4
    0.48888888888889    0.42222222222223    0.00000000000000             4
   -0.48888888888889    0.42222222222223    0.00000000000000             4
   -0.46666666666667    0.42222222222223    0.00000000000000             4
   -0.44444444444444    0.42222222222223    0.00000000000000             4
   -0.42222222222222    0.42222222222223    0.00000000000000             2
    0.44444444444444    0.44444444444444    0.00000000000000             2
    0.46666666666667    0.44444444444444    0.00000000000000             4
    0.48888888888889    0.44444444444444    0.00000000000000             4
   -0.48888888888889    0.44444444444444    0.00000000000000             4
   -0.46666666666667    0.44444444444444    0.00000000000000             4
   -0.44444444444444    0.44444444444444    0.00000000000000             2
    0.46666666666667    0.46666666666667    0.00000000000000             2
    0.48888888888889    0.46666666666667    0.00000000000000             4
   -0.48888888888889    0.46666666666667    0.00000000000000             4
   -0.46666666666667    0.46666666666667    0.00000000000000             2
    0.48888888888889    0.48888888888889    0.00000000000000             2
   -0.48888888888889    0.48888888888889    0.00000000000000             2
