    2   36    6
  9.013  1.000
    1    1  0.0150  0.0000  0.0000
 -0.069219023218  -0.074505451992  -0.005946650989
 -0.000477782361  -0.003048128949   0.002127208206
 -0.000480003443   0.000570839069  -0.001063740685
  0.001132444614  -0.001625548671  -0.002875016045
  0.009982220535   0.020983919832   0.003616484964
 -0.000917517560   0.003156565942   0.000278453552
  0.001122567390   0.001999759943   0.004438423088
 -0.000918348459   0.003157121738  -0.000105452000
  0.009986022888   0.016178686792  -0.000050550498
  0.008253663828  -0.002099782309  -0.010822905604
  0.002218703887  -0.001483314037   0.004468613505
  0.001745406948  -0.000285808156  -0.000076843073
  0.000696868179  -0.001255113468  -0.000207495907
 -0.001829729771  -0.000774372811   0.000634067325
  0.000289386600   0.004240035945   0.000662463591
  0.003665353328  -0.000102903546   0.002571314965
  0.003569187541  -0.000986558661   0.000422767742
 -0.002521932483  -0.001395398655  -0.000961391665
  0.002943670404  -0.000765194034   0.003199552403
  0.013423908142   0.020953144670   0.016070771938
  0.000843636132  -0.000316339478   0.000355281048
  0.001086098846  -0.000309910450   0.000160265554
  0.000407381518  -0.000117419194  -0.000149795785
  0.000003927047   0.000867191463  -0.000444392390
  0.009474559568   0.018649966522  -0.014357551649
  0.000179224468   0.000450845979  -0.002457486117
  0.000826100912  -0.000159292992  -0.000280321943
  0.000471076606  -0.000950044839   0.000642025428
  0.000004821001  -0.000118283454  -0.000088262473
  0.000234711261  -0.001062842463   0.000643052501
  0.001816642065  -0.000485949345   0.001021036489
  0.000734923460  -0.001289354988  -0.000005145312
  0.000561884117  -0.000016652938  -0.000042514874
 -0.000052853673   0.000009476873   0.000012680064
  0.000361885637   0.000748899962  -0.000073896476
  0.000380914044   0.001187210700  -0.001315048879
    1    2  0.0000  0.0150  0.0000
 -0.074535176721  -0.207109555877   0.002627661922
  0.000586875047   0.000036117317  -0.004040955371
 -0.003074297518   0.000049613536   0.002908287652
  0.002026710924  -0.001517715508  -0.001195529375
  0.016127465204   0.044342867068   0.003601626838
  0.003190328458   0.004982232542  -0.000124513714
 -0.001645038702  -0.001506763874   0.001190684821
  0.003185478532   0.004980718082   0.000053610597
  0.020976192076   0.044333592917  -0.005154443909
 -0.002099164202   0.004354410399   0.004732477769
 -0.001499281381   0.002245704225   0.000470984132
 -0.000344114609  -0.000686446155   0.000178473669
 -0.001255964159   0.000308249851  -0.000050597450
 -0.000752305308  -0.004534137288   0.001888518135
  0.004301477438   0.008315177167  -0.000312952568
 -0.000137093386   0.000683955008  -0.003648431893
 -0.001005269582   0.001730683719  -0.000202481346
 -0.001388125599  -0.003697649204  -0.001652484754
 -0.000742230606   0.001536869283  -0.001404117675
  0.022310674045   0.046197022527   0.034428550524
 -0.000475243390   0.000452721098   0.000138485535
 -0.000132919405   0.000267439913  -0.000357399753
 -0.000584863755   0.000561267369   0.000251298046
  0.000832616693   0.001538940046   0.000194548725
  0.017315618449   0.050143239609  -0.035180207736
  0.000468647899   0.001004578766   0.001077655504
  0.000323281433   0.000095321690  -0.000075969156
 -0.000935174033  -0.001294610958  -0.000257453116
  0.000059757919  -0.000154891068  -0.000107087496
 -0.001935224703   0.000334292609  -0.000805308984
  0.000375061566  -0.001228485415   0.000056968041
  0.001523999641   0.000282794957   0.001785379763
 -0.000023608931   0.000559536056   0.000024362348
 -0.000181081752  -0.000107461790   0.000129769499
  0.000775557854   0.001841916221   0.000039091958
 -0.001633565435   0.000658455160  -0.001208501183
    1    3  0.0000  0.0000  0.0150
 -0.005945607067   0.002567290415  -0.169571977238
 -0.001040043066   0.002907681396  -0.002074337878
  0.002098442555  -0.004036071364  -0.002083256559
  0.004410708019   0.001201906538  -0.002083876802
 -0.000096220988  -0.005117139552  -0.003881229165
 -0.000098431301   0.000056277940   0.000531833303
 -0.002844311675  -0.001205012937  -0.002085048500
  0.000255977379  -0.000124682744   0.000529691814
  0.003697680762   0.003606632861  -0.003893589385
 -0.010854177908   0.004738279193   0.026373477903
  0.004476748332   0.000437666632   0.014877748484
 -0.000083260742   0.000192952853   0.000550976773
 -0.000203048548  -0.000066217944   0.000565558535
  0.000619721344   0.001913140812   0.001740045565
  0.000676537228  -0.000315714417  -0.000371073857
  0.002586632688  -0.003637167950   0.014688819595
  0.000447554072  -0.000193558777   0.001188370058
 -0.000969837115  -0.001654061398   0.001731132913
 -0.001450379403   0.000636538303   0.001777767179
  0.019827422502   0.039857726832   0.055882323243
 -0.000318088902  -0.000432026518   0.000703238151
  0.000103519619   0.000528349630   0.000716737599
 -0.000375064072  -0.000547604480   0.000631129586
  0.000604548933  -0.000288407576  -0.001627291918
 -0.015776450772  -0.041647588017   0.055915544861
  0.001721919483  -0.000753749087   0.002233818683
  0.000127803200   0.000659913488   0.000640863941
  0.005121309593  -0.002239529497   0.006788101922
  0.000008147809  -0.000082195276  -0.000320114839
 -0.002437303888   0.000524036211   0.001333414937
 -0.002073321438   0.001440593756   0.001364999525
 -0.001207961635  -0.000201690626  -0.000932262586
 -0.000529770095   0.000242463545  -0.000261063064
  0.000062792084   0.000042259999  -0.000318517172
  0.000126573978  -0.000044626249  -0.000308582178
 -0.000670760964   0.001033334003  -0.000953373432
   19    1  0.0150  0.0000  0.0000
  0.002887604877  -0.000730942088  -0.001546611450
  0.000846388693  -0.000460097258  -0.000270827393
  0.013478582591   0.022333968230   0.019836433114
  0.009536699742   0.017333950897  -0.015739026117
  0.000813423859   0.000325617719   0.000134355896
  0.000135937721   0.000474473364   0.001791309606
  0.001028638828  -0.000165312518   0.000166962688
 -0.000002158537   0.000788611952   0.000630064643
  0.000358381844  -0.000601104568  -0.000405927794
  0.000447343237  -0.000927080713   0.005117101563
  0.000016264161   0.000039709461   0.000036083525
  0.000226838710  -0.001928341566  -0.002427792963
  0.001757973021   0.000358337056  -0.002051076866
  0.000741436238   0.001520646820  -0.001215579211
  0.000581624301  -0.000026283320  -0.000560281269
  0.000004758461  -0.000184513478   0.000091040828
  0.000377946043   0.000783716905   0.000106930530
  0.000358903760  -0.001635649285  -0.000681298883
 -0.038261979638  -0.040863288951  -0.003336851463
  0.000060591620  -0.000921840213   0.000520214398
  0.000037101515  -0.000972610550  -0.000564524766
  0.001799976789   0.000664269505  -0.001018689337
  0.000360634339   0.002553648789  -0.001225181673
 -0.000204795090   0.000241831695   0.000052394881
  0.001800085151   0.000606142818   0.000891995666
 -0.000221610281   0.000249844632  -0.000116749682
  0.000365200261   0.001556908075   0.001151222148
 -0.000177509839   0.000107447267   0.000060966866
  0.000541572649   0.000128344095  -0.000021213890
 -0.000129666279  -0.000307985038   0.000143100134
  0.000478270540   0.000265207945   0.000933114529
  0.000255434635  -0.000072399295   0.000000661948
 -0.000120047820   0.000097619943  -0.000388335465
 -0.000044939195  -0.000422128894   0.000123994395
 -0.000253876484   0.000003757656  -0.000230301215
  0.000118969576  -0.000214477089   0.000012322080
   19    2  0.0000  0.0150  0.0000
 -0.000714069046   0.001551077875   0.000652029891
 -0.000308130058   0.000430489416  -0.000476745000
  0.020974475747   0.046262244431   0.039841842372
  0.018685570142   0.050209343878  -0.041620676605
 -0.000169970181   0.000077386307   0.000695267774
  0.000490859428   0.001014825803  -0.000777535474
 -0.000314352620   0.000265664216   0.000551232931
  0.000787835377   0.001472912558  -0.000269031005
 -0.000111316651   0.000554118037  -0.000570392736
 -0.000943688690  -0.001291243829  -0.002236631992
 -0.000171972760  -0.000145563648  -0.000085493791
 -0.001058025210   0.000304160069   0.000518918911
 -0.000528814436  -0.001235544072   0.001447305721
 -0.001278582395   0.000267252430  -0.000209350430
 -0.000012358646   0.000560800826   0.000237984837
  0.000035435477  -0.000124698342   0.000047358387
  0.000800066347   0.001855595104  -0.000051953323
  0.001176510448   0.000659526167   0.001040552528
 -0.040919518561  -0.113919267884   0.001460713283
 -0.000969032118   0.001501240135  -0.000731433214
 -0.000949333194   0.001501593893   0.000854764571
  0.000659093082  -0.000249240246  -0.000182296653
  0.001534208417   0.004169212068  -0.002716504462
  0.000243100047   0.000246126390  -0.000032122627
  0.000677241630  -0.000250997273   0.000118102676
  0.000241110375   0.000245389478   0.000044044225
  0.002560516400   0.004167294165   0.002742158091
  0.000110255453   0.000022059612  -0.000025619385
  0.000134562333  -0.000315067989  -0.000196803383
 -0.000306861217   0.000432064470  -0.001148136997
  0.000257351646  -0.000164867056   0.000678309013
 -0.000092141236  -0.000136250617  -0.000018993295
  0.000094549010   0.000048650713   0.000163295589
 -0.000427972204   0.000283113733   0.000150116084
  0.000007555167  -0.000249986427   0.000101609046
 -0.000194157303  -0.000019414393   0.000004114441
   19    3  0.0000  0.0000  0.0150
  0.003199908941  -0.001397392848   0.001818640737
  0.000364336274   0.000160982523   0.000746313573
  0.016095902471   0.034498739361   0.056004690088
 -0.014371935110  -0.035220764241   0.055993514912
 -0.000279368921  -0.000105669995   0.000695388683
 -0.002459198486   0.001086043017   0.002278028092
  0.000128481945  -0.000383601535   0.000768992118
 -0.000466060063   0.000161325469  -0.001538162224
 -0.000114290073   0.000271418802   0.000673649976
  0.000602531803  -0.000253192916   0.006775338782
 -0.000085755025  -0.000116739657  -0.000313705301
  0.000653991256  -0.000806317291   0.001317170367
  0.000998133391   0.000038074332   0.001376955074
 -0.000002865781   0.001724262650  -0.000907481640
 -0.000062887054   0.000040920414  -0.000263994326
  0.000044337598   0.000121897892  -0.000319573140
 -0.000089236039   0.000068096687  -0.000295219171
 -0.001275711698  -0.001154452494  -0.000928999660
 -0.003326258064   0.001405750655  -0.122122622308
 -0.000548135204   0.000842386110  -0.000584659960
  0.000502477870  -0.000707782567  -0.000574185673
  0.000879017374   0.000108596890  -0.000582296437
  0.001158433517   0.002727196878  -0.000402663865
 -0.000101518163   0.000044778258  -0.000364365147
 -0.000986555356  -0.000172070789  -0.000581023977
  0.000073808322  -0.000031319641  -0.000365083027
 -0.001195202528  -0.002658787204  -0.000369877590
  0.000055885733  -0.000023334543  -0.000232121291
 -0.000012348810  -0.000183610946  -0.000256703236
  0.000140736669  -0.001148362910   0.000963892788
  0.000927379988   0.000652625841   0.000967353632
  0.000011507861  -0.000017974762  -0.000224401098
 -0.000387797865   0.000150336498   0.001332841347
  0.000124854382   0.000151697835  -0.000262711559
 -0.000221739001   0.000124677577  -0.000001694089
  0.000025137845   0.000001566650  -0.000221225447
