Automatically generated mesh
    1140
Reciprocal lattice
    0.00000000000000    0.00000000000000    0.00000000000000             1
    0.02857142857143    0.00000000000000    0.00000000000000             6
    0.05714285714286    0.00000000000000    0.00000000000000             6
    0.08571428571429    0.00000000000000    0.00000000000000             6
    0.11428571428572    0.00000000000000    0.00000000000000             6
    0.14285714285715    0.00000000000000    0.00000000000000             6
    0.17142857142857    0.00000000000000    0.00000000000000             6
    0.20000000000000    0.00000000000000    0.00000000000000             6
    0.22857142857143    0.00000000000000    0.00000000000000             6
    0.25714285714286    0.00000000000000    0.00000000000000             6
    0.28571428571429    0.00000000000000    0.00000000000000             6
    0.31428571428572    0.00000000000000    0.00000000000000             6
    0.34285714285714    0.00000000000000    0.00000000000000             6
    0.37142857142857    0.00000000000000    0.00000000000000             6
    0.40000000000000    0.00000000000000    0.00000000000000             6
    0.42857142857143    0.00000000000000    0.00000000000000             6
    0.45714285714286    0.00000000000000    0.00000000000000             6
    0.48571428571429    0.00000000000000    0.00000000000000             6
    0.02857142857143    0.02857142857143    0.00000000000000            12
    0.05714285714286    0.02857142857143    0.00000000000000            24
    0.08571428571429    0.02857142857143    0.00000000000000            24
    0.11428571428572    0.02857142857143    0.00000000000000            24
    0.14285714285715    0.02857142857143    0.00000000000000            24
    0.17142857142857    0.02857142857143    0.00000000000000            24
    0.20000000000000    0.02857142857143    0.00000000000000            24
    0.22857142857143    0.02857142857143    0.00000000000000            24
    0.25714285714286    0.02857142857143    0.00000000000000            24
    0.28571428571429    0.02857142857143    0.00000000000000            24
    0.31428571428572    0.02857142857143    0.00000000000000            24
    0.34285714285714    0.02857142857143    0.00000000000000            24
    0.37142857142857    0.02857142857143    0.00000000000000            24
    0.40000000000000    0.02857142857143    0.00000000000000            24
    0.42857142857143    0.02857142857143    0.00000000000000            24
    0.45714285714286    0.02857142857143    0.00000000000000            24
    0.48571428571429    0.02857142857143    0.00000000000000            24
    0.05714285714286    0.05714285714286    0.00000000000000            12
    0.08571428571429    0.05714285714286    0.00000000000000            24
    0.11428571428572    0.05714285714286    0.00000000000000            24
    0.14285714285715    0.05714285714286    0.00000000000000            24
    0.17142857142857    0.05714285714286    0.00000000000000            24
    0.20000000000000    0.05714285714286    0.00000000000000            24
    0.22857142857143    0.05714285714286    0.00000000000000            24
    0.25714285714286    0.05714285714286    0.00000000000000            24
    0.28571428571429    0.05714285714286    0.00000000000000            24
    0.31428571428572    0.05714285714286    0.00000000000000            24
    0.34285714285714    0.05714285714286    0.00000000000000            24
    0.37142857142857    0.05714285714286    0.00000000000000            24
    0.40000000000000    0.05714285714286    0.00000000000000            24
    0.42857142857143    0.05714285714286    0.00000000000000            24
    0.45714285714286    0.05714285714286    0.00000000000000            24
    0.48571428571429    0.05714285714286    0.00000000000000            24
    0.08571428571429    0.08571428571429    0.00000000000000            12
    0.11428571428572    0.08571428571429    0.00000000000000            24
    0.14285714285715    0.08571428571429    0.00000000000000            24
    0.17142857142857    0.08571428571429    0.00000000000000            24
    0.20000000000000    0.08571428571429    0.00000000000000            24
    0.22857142857143    0.08571428571429    0.00000000000000            24
    0.25714285714286    0.08571428571429    0.00000000000000            24
    0.28571428571429    0.08571428571429    0.00000000000000            24
    0.31428571428572    0.08571428571429    0.00000000000000            24
    0.34285714285714    0.08571428571429    0.00000000000000            24
    0.37142857142857    0.08571428571429    0.00000000000000            24
    0.40000000000000    0.08571428571429    0.00000000000000            24
    0.42857142857143    0.08571428571429    0.00000000000000            24
    0.45714285714286    0.08571428571429    0.00000000000000            24
    0.48571428571429    0.08571428571429    0.00000000000000            24
    0.11428571428572    0.11428571428572    0.00000000000000            12
    0.14285714285715    0.11428571428572    0.00000000000000            24
    0.17142857142857    0.11428571428572    0.00000000000000            24
    0.20000000000000    0.11428571428572    0.00000000000000            24
    0.22857142857143    0.11428571428572    0.00000000000000            24
    0.25714285714286    0.11428571428572    0.00000000000000            24
    0.28571428571429    0.11428571428572    0.00000000000000            24
    0.31428571428572    0.11428571428572    0.00000000000000            24
    0.34285714285714    0.11428571428572    0.00000000000000            24
    0.37142857142857    0.11428571428572    0.00000000000000            24
    0.40000000000000    0.11428571428572    0.00000000000000            24
    0.42857142857143    0.11428571428572    0.00000000000000            24
    0.45714285714286    0.11428571428572    0.00000000000000            24
    0.48571428571429    0.11428571428572    0.00000000000000            24
    0.14285714285715    0.14285714285715    0.00000000000000            12
    0.17142857142857    0.14285714285715    0.00000000000000            24
    0.20000000000000    0.14285714285715    0.00000000000000            24
    0.22857142857143    0.14285714285715    0.00000000000000            24
    0.25714285714286    0.14285714285715    0.00000000000000            24
    0.28571428571429    0.14285714285715    0.00000000000000            24
    0.31428571428572    0.14285714285715    0.00000000000000            24
    0.34285714285714    0.14285714285715    0.00000000000000            24
    0.37142857142857    0.14285714285715    0.00000000000000            24
    0.40000000000000    0.14285714285715    0.00000000000000            24
    0.42857142857143    0.14285714285715    0.00000000000000            24
    0.45714285714286    0.14285714285715    0.00000000000000            24
    0.48571428571429    0.14285714285715    0.00000000000000            24
    0.17142857142857    0.17142857142857    0.00000000000000            12
    0.20000000000000    0.17142857142857    0.00000000000000            24
    0.22857142857143    0.17142857142857    0.00000000000000            24
    0.25714285714286    0.17142857142857    0.00000000000000            24
    0.28571428571429    0.17142857142857    0.00000000000000            24
    0.31428571428572    0.17142857142857    0.00000000000000            24
    0.34285714285714    0.17142857142857    0.00000000000000            24
    0.37142857142857    0.17142857142857    0.00000000000000            24
    0.40000000000000    0.17142857142857    0.00000000000000            24
    0.42857142857143    0.17142857142857    0.00000000000000            24
    0.45714285714286    0.17142857142857    0.00000000000000            24
    0.48571428571429    0.17142857142857    0.00000000000000            24
    0.20000000000000    0.20000000000000    0.00000000000000            12
    0.22857142857143    0.20000000000000    0.00000000000000            24
    0.25714285714286    0.20000000000000    0.00000000000000            24
    0.28571428571429    0.20000000000000    0.00000000000000            24
    0.31428571428572    0.20000000000000    0.00000000000000            24
    0.34285714285714    0.20000000000000    0.00000000000000            24
    0.37142857142857    0.20000000000000    0.00000000000000            24
    0.40000000000000    0.20000000000000    0.00000000000000            24
    0.42857142857143    0.20000000000000    0.00000000000000            24
    0.45714285714286    0.20000000000000    0.00000000000000            24
    0.48571428571429    0.20000000000000    0.00000000000000            24
    0.22857142857143    0.22857142857143    0.00000000000000            12
    0.25714285714286    0.22857142857143    0.00000000000000            24
    0.28571428571429    0.22857142857143    0.00000000000000            24
    0.31428571428572    0.22857142857143    0.00000000000000            24
    0.34285714285714    0.22857142857143    0.00000000000000            24
    0.37142857142857    0.22857142857143    0.00000000000000            24
    0.40000000000000    0.22857142857143    0.00000000000000            24
    0.42857142857143    0.22857142857143    0.00000000000000            24
    0.45714285714286    0.22857142857143    0.00000000000000            24
    0.48571428571429    0.22857142857143    0.00000000000000            24
    0.25714285714286    0.25714285714286    0.00000000000000            12
    0.28571428571429    0.25714285714286    0.00000000000000            24
    0.31428571428572    0.25714285714286    0.00000000000000            24
    0.34285714285714    0.25714285714286    0.00000000000000            24
    0.37142857142857    0.25714285714286    0.00000000000000            24
    0.40000000000000    0.25714285714286    0.00000000000000            24
    0.42857142857143    0.25714285714286    0.00000000000000            24
    0.45714285714286    0.25714285714286    0.00000000000000            24
    0.48571428571429    0.25714285714286    0.00000000000000            24
    0.28571428571429    0.28571428571429    0.00000000000000            12
    0.31428571428572    0.28571428571429    0.00000000000000            24
    0.34285714285714    0.28571428571429    0.00000000000000            24
    0.37142857142857    0.28571428571429    0.00000000000000            24
    0.40000000000000    0.28571428571429    0.00000000000000            24
    0.42857142857143    0.28571428571429    0.00000000000000            24
    0.45714285714286    0.28571428571429    0.00000000000000            24
    0.48571428571429    0.28571428571429    0.00000000000000            24
    0.31428571428572    0.31428571428572    0.00000000000000            12
    0.34285714285714    0.31428571428572    0.00000000000000            24
    0.37142857142857    0.31428571428572    0.00000000000000            24
    0.40000000000000    0.31428571428572    0.00000000000000            24
    0.42857142857143    0.31428571428572    0.00000000000000            24
    0.45714285714286    0.31428571428572    0.00000000000000            24
    0.48571428571429    0.31428571428572    0.00000000000000            24
    0.34285714285714    0.34285714285714    0.00000000000000            12
    0.37142857142857    0.34285714285714    0.00000000000000            24
    0.40000000000000    0.34285714285714    0.00000000000000            24
    0.42857142857143    0.34285714285714    0.00000000000000            24
    0.45714285714286    0.34285714285714    0.00000000000000            24
    0.48571428571429    0.34285714285714    0.00000000000000            24
    0.37142857142857    0.37142857142857    0.00000000000000            12
    0.40000000000000    0.37142857142857    0.00000000000000            24
    0.42857142857143    0.37142857142857    0.00000000000000            24
    0.45714285714286    0.37142857142857    0.00000000000000            24
    0.48571428571429    0.37142857142857    0.00000000000000            24
    0.40000000000000    0.40000000000000    0.00000000000000            12
    0.42857142857143    0.40000000000000    0.00000000000000            24
    0.45714285714286    0.40000000000000    0.00000000000000            24
    0.48571428571429    0.40000000000000    0.00000000000000            24
    0.42857142857143    0.42857142857143    0.00000000000000            12
    0.45714285714286    0.42857142857143    0.00000000000000            24
    0.48571428571429    0.42857142857143    0.00000000000000            24
    0.45714285714286    0.45714285714286    0.00000000000000            12
    0.48571428571429    0.45714285714286    0.00000000000000            24
    0.48571428571429    0.48571428571429    0.00000000000000            12
    0.02857142857143    0.02857142857143    0.02857142857143             8
    0.05714285714286    0.02857142857143    0.02857142857143            24
    0.08571428571429    0.02857142857143    0.02857142857143            24
    0.11428571428572    0.02857142857143    0.02857142857143            24
    0.14285714285715    0.02857142857143    0.02857142857143            24
    0.17142857142857    0.02857142857143    0.02857142857143            24
    0.20000000000000    0.02857142857143    0.02857142857143            24
    0.22857142857143    0.02857142857143    0.02857142857143            24
    0.25714285714286    0.02857142857143    0.02857142857143            24
    0.28571428571429    0.02857142857143    0.02857142857143            24
    0.31428571428572    0.02857142857143    0.02857142857143            24
    0.34285714285714    0.02857142857143    0.02857142857143            24
    0.37142857142857    0.02857142857143    0.02857142857143            24
    0.40000000000000    0.02857142857143    0.02857142857143            24
    0.42857142857143    0.02857142857143    0.02857142857143            24
    0.45714285714286    0.02857142857143    0.02857142857143            24
    0.48571428571429    0.02857142857143    0.02857142857143            24
    0.05714285714286    0.05714285714286    0.02857142857143            24
    0.08571428571429    0.05714285714286    0.02857142857143            48
    0.11428571428572    0.05714285714286    0.02857142857143            48
    0.14285714285715    0.05714285714286    0.02857142857143            48
    0.17142857142857    0.05714285714286    0.02857142857143            48
    0.20000000000000    0.05714285714286    0.02857142857143            48
    0.22857142857143    0.05714285714286    0.02857142857143            48
    0.25714285714286    0.05714285714286    0.02857142857143            48
    0.28571428571429    0.05714285714286    0.02857142857143            48
    0.31428571428572    0.05714285714286    0.02857142857143            48
    0.34285714285714    0.05714285714286    0.02857142857143            48
    0.37142857142857    0.05714285714286    0.02857142857143            48
    0.40000000000000    0.05714285714286    0.02857142857143            48
    0.42857142857143    0.05714285714286    0.02857142857143            48
    0.45714285714286    0.05714285714286    0.02857142857143            48
    0.48571428571429    0.05714285714286    0.02857142857143            48
    0.08571428571429    0.08571428571429    0.02857142857143            24
    0.11428571428572    0.08571428571429    0.02857142857143            48
    0.14285714285715    0.08571428571429    0.02857142857143            48
    0.17142857142857    0.08571428571429    0.02857142857143            48
    0.20000000000000    0.08571428571429    0.02857142857143            48
    0.22857142857143    0.08571428571429    0.02857142857143            48
    0.25714285714286    0.08571428571429    0.02857142857143            48
    0.28571428571429    0.08571428571429    0.02857142857143            48
    0.31428571428572    0.08571428571429    0.02857142857143            48
    0.34285714285714    0.08571428571429    0.02857142857143            48
    0.37142857142857    0.08571428571429    0.02857142857143            48
    0.40000000000000    0.08571428571429    0.02857142857143            48
    0.42857142857143    0.08571428571429    0.02857142857143            48
    0.45714285714286    0.08571428571429    0.02857142857143            48
    0.48571428571429    0.08571428571429    0.02857142857143            48
    0.11428571428572    0.11428571428572    0.02857142857143            24
    0.14285714285715    0.11428571428572    0.02857142857143            48
    0.17142857142857    0.11428571428572    0.02857142857143            48
    0.20000000000000    0.11428571428572    0.02857142857143            48
    0.22857142857143    0.11428571428572    0.02857142857143            48
    0.25714285714286    0.11428571428572    0.02857142857143            48
    0.28571428571429    0.11428571428572    0.02857142857143            48
    0.31428571428572    0.11428571428572    0.02857142857143            48
    0.34285714285714    0.11428571428572    0.02857142857143            48
    0.37142857142857    0.11428571428572    0.02857142857143            48
    0.40000000000000    0.11428571428572    0.02857142857143            48
    0.42857142857143    0.11428571428572    0.02857142857143            48
    0.45714285714286    0.11428571428572    0.02857142857143            48
    0.48571428571429    0.11428571428572    0.02857142857143            48
    0.14285714285715    0.14285714285715    0.02857142857143            24
    0.17142857142857    0.14285714285715    0.02857142857143            48
    0.20000000000000    0.14285714285715    0.02857142857143            48
    0.22857142857143    0.14285714285715    0.02857142857143            48
    0.25714285714286    0.14285714285715    0.02857142857143            48
    0.28571428571429    0.14285714285715    0.02857142857143            48
    0.31428571428572    0.14285714285715    0.02857142857143            48
    0.34285714285714    0.14285714285715    0.02857142857143            48
    0.37142857142857    0.14285714285715    0.02857142857143            48
    0.40000000000000    0.14285714285715    0.02857142857143            48
    0.42857142857143    0.14285714285715    0.02857142857143            48
    0.45714285714286    0.14285714285715    0.02857142857143            48
    0.48571428571429    0.14285714285715    0.02857142857143            48
    0.17142857142857    0.17142857142857    0.02857142857143            24
    0.20000000000000    0.17142857142857    0.02857142857143            48
    0.22857142857143    0.17142857142857    0.02857142857143            48
    0.25714285714286    0.17142857142857    0.02857142857143            48
    0.28571428571429    0.17142857142857    0.02857142857143            48
    0.31428571428572    0.17142857142857    0.02857142857143            48
    0.34285714285714    0.17142857142857    0.02857142857143            48
    0.37142857142857    0.17142857142857    0.02857142857143            48
    0.40000000000000    0.17142857142857    0.02857142857143            48
    0.42857142857143    0.17142857142857    0.02857142857143            48
    0.45714285714286    0.17142857142857    0.02857142857143            48
    0.48571428571429    0.17142857142857    0.02857142857143            48
    0.20000000000000    0.20000000000000    0.02857142857143            24
    0.22857142857143    0.20000000000000    0.02857142857143            48
    0.25714285714286    0.20000000000000    0.02857142857143            48
    0.28571428571429    0.20000000000000    0.02857142857143            48
    0.31428571428572    0.20000000000000    0.02857142857143            48
    0.34285714285714    0.20000000000000    0.02857142857143            48
    0.37142857142857    0.20000000000000    0.02857142857143            48
    0.40000000000000    0.20000000000000    0.02857142857143            48
    0.42857142857143    0.20000000000000    0.02857142857143            48
    0.45714285714286    0.20000000000000    0.02857142857143            48
    0.48571428571429    0.20000000000000    0.02857142857143            48
    0.22857142857143    0.22857142857143    0.02857142857143            24
    0.25714285714286    0.22857142857143    0.02857142857143            48
    0.28571428571429    0.22857142857143    0.02857142857143            48
    0.31428571428572    0.22857142857143    0.02857142857143            48
    0.34285714285714    0.22857142857143    0.02857142857143            48
    0.37142857142857    0.22857142857143    0.02857142857143            48
    0.40000000000000    0.22857142857143    0.02857142857143            48
    0.42857142857143    0.22857142857143    0.02857142857143            48
    0.45714285714286    0.22857142857143    0.02857142857143            48
    0.48571428571429    0.22857142857143    0.02857142857143            48
    0.25714285714286    0.25714285714286    0.02857142857143            24
    0.28571428571429    0.25714285714286    0.02857142857143            48
    0.31428571428572    0.25714285714286    0.02857142857143            48
    0.34285714285714    0.25714285714286    0.02857142857143            48
    0.37142857142857    0.25714285714286    0.02857142857143            48
    0.40000000000000    0.25714285714286    0.02857142857143            48
    0.42857142857143    0.25714285714286    0.02857142857143            48
    0.45714285714286    0.25714285714286    0.02857142857143            48
    0.48571428571429    0.25714285714286    0.02857142857143            48
    0.28571428571429    0.28571428571429    0.02857142857143            24
    0.31428571428572    0.28571428571429    0.02857142857143            48
    0.34285714285714    0.28571428571429    0.02857142857143            48
    0.37142857142857    0.28571428571429    0.02857142857143            48
    0.40000000000000    0.28571428571429    0.02857142857143            48
    0.42857142857143    0.28571428571429    0.02857142857143            48
    0.45714285714286    0.28571428571429    0.02857142857143            48
    0.48571428571429    0.28571428571429    0.02857142857143            48
    0.31428571428572    0.31428571428572    0.02857142857143            24
    0.34285714285714    0.31428571428572    0.02857142857143            48
    0.37142857142857    0.31428571428572    0.02857142857143            48
    0.40000000000000    0.31428571428572    0.02857142857143            48
    0.42857142857143    0.31428571428572    0.02857142857143            48
    0.45714285714286    0.31428571428572    0.02857142857143            48
    0.48571428571429    0.31428571428572    0.02857142857143            48
    0.34285714285714    0.34285714285714    0.02857142857143            24
    0.37142857142857    0.34285714285714    0.02857142857143            48
    0.40000000000000    0.34285714285714    0.02857142857143            48
    0.42857142857143    0.34285714285714    0.02857142857143            48
    0.45714285714286    0.34285714285714    0.02857142857143            48
    0.48571428571429    0.34285714285714    0.02857142857143            48
    0.37142857142857    0.37142857142857    0.02857142857143            24
    0.40000000000000    0.37142857142857    0.02857142857143            48
    0.42857142857143    0.37142857142857    0.02857142857143            48
    0.45714285714286    0.37142857142857    0.02857142857143            48
    0.48571428571429    0.37142857142857    0.02857142857143            48
    0.40000000000000    0.40000000000000    0.02857142857143            24
    0.42857142857143    0.40000000000000    0.02857142857143            48
    0.45714285714286    0.40000000000000    0.02857142857143            48
    0.48571428571429    0.40000000000000    0.02857142857143            48
    0.42857142857143    0.42857142857143    0.02857142857143            24
    0.45714285714286    0.42857142857143    0.02857142857143            48
    0.48571428571429    0.42857142857143    0.02857142857143            48
    0.45714285714286    0.45714285714286    0.02857142857143            24
    0.48571428571429    0.45714285714286    0.02857142857143            48
    0.48571428571429    0.48571428571429    0.02857142857143            24
    0.05714285714286    0.05714285714286    0.05714285714286             8
    0.08571428571429    0.05714285714286    0.05714285714286            24
    0.11428571428572    0.05714285714286    0.05714285714286            24
    0.14285714285715    0.05714285714286    0.05714285714286            24
    0.17142857142857    0.05714285714286    0.05714285714286            24
    0.20000000000000    0.05714285714286    0.05714285714286            24
    0.22857142857143    0.05714285714286    0.05714285714286            24
    0.25714285714286    0.05714285714286    0.05714285714286            24
    0.28571428571429    0.05714285714286    0.05714285714286            24
    0.31428571428572    0.05714285714286    0.05714285714286            24
    0.34285714285714    0.05714285714286    0.05714285714286            24
    0.37142857142857    0.05714285714286    0.05714285714286            24
    0.40000000000000    0.05714285714286    0.05714285714286            24
    0.42857142857143    0.05714285714286    0.05714285714286            24
    0.45714285714286    0.05714285714286    0.05714285714286            24
    0.48571428571429    0.05714285714286    0.05714285714286            24
    0.08571428571429    0.08571428571429    0.05714285714286            24
    0.11428571428572    0.08571428571429    0.05714285714286            48
    0.14285714285715    0.08571428571429    0.05714285714286            48
    0.17142857142857    0.08571428571429    0.05714285714286            48
    0.20000000000000    0.08571428571429    0.05714285714286            48
    0.22857142857143    0.08571428571429    0.05714285714286            48
    0.25714285714286    0.08571428571429    0.05714285714286            48
    0.28571428571429    0.08571428571429    0.05714285714286            48
    0.31428571428572    0.08571428571429    0.05714285714286            48
    0.34285714285714    0.08571428571429    0.05714285714286            48
    0.37142857142857    0.08571428571429    0.05714285714286            48
    0.40000000000000    0.08571428571429    0.05714285714286            48
    0.42857142857143    0.08571428571429    0.05714285714286            48
    0.45714285714286    0.08571428571429    0.05714285714286            48
    0.48571428571429    0.08571428571429    0.05714285714286            48
    0.11428571428572    0.11428571428572    0.05714285714286            24
    0.14285714285715    0.11428571428572    0.05714285714286            48
    0.17142857142857    0.11428571428572    0.05714285714286            48
    0.20000000000000    0.11428571428572    0.05714285714286            48
    0.22857142857143    0.11428571428572    0.05714285714286            48
    0.25714285714286    0.11428571428572    0.05714285714286            48
    0.28571428571429    0.11428571428572    0.05714285714286            48
    0.31428571428572    0.11428571428572    0.05714285714286            48
    0.34285714285714    0.11428571428572    0.05714285714286            48
    0.37142857142857    0.11428571428572    0.05714285714286            48
    0.40000000000000    0.11428571428572    0.05714285714286            48
    0.42857142857143    0.11428571428572    0.05714285714286            48
    0.45714285714286    0.11428571428572    0.05714285714286            48
    0.48571428571429    0.11428571428572    0.05714285714286            48
    0.14285714285715    0.14285714285715    0.05714285714286            24
    0.17142857142857    0.14285714285715    0.05714285714286            48
    0.20000000000000    0.14285714285715    0.05714285714286            48
    0.22857142857143    0.14285714285715    0.05714285714286            48
    0.25714285714286    0.14285714285715    0.05714285714286            48
    0.28571428571429    0.14285714285715    0.05714285714286            48
    0.31428571428572    0.14285714285715    0.05714285714286            48
    0.34285714285714    0.14285714285715    0.05714285714286            48
    0.37142857142857    0.14285714285715    0.05714285714286            48
    0.40000000000000    0.14285714285715    0.05714285714286            48
    0.42857142857143    0.14285714285715    0.05714285714286            48
    0.45714285714286    0.14285714285715    0.05714285714286            48
    0.48571428571429    0.14285714285715    0.05714285714286            48
    0.17142857142857    0.17142857142857    0.05714285714286            24
    0.20000000000000    0.17142857142857    0.05714285714286            48
    0.22857142857143    0.17142857142857    0.05714285714286            48
    0.25714285714286    0.17142857142857    0.05714285714286            48
    0.28571428571429    0.17142857142857    0.05714285714286            48
    0.31428571428572    0.17142857142857    0.05714285714286            48
    0.34285714285714    0.17142857142857    0.05714285714286            48
    0.37142857142857    0.17142857142857    0.05714285714286            48
    0.40000000000000    0.17142857142857    0.05714285714286            48
    0.42857142857143    0.17142857142857    0.05714285714286            48
    0.45714285714286    0.17142857142857    0.05714285714286            48
    0.48571428571429    0.17142857142857    0.05714285714286            48
    0.20000000000000    0.20000000000000    0.05714285714286            24
    0.22857142857143    0.20000000000000    0.05714285714286            48
    0.25714285714286    0.20000000000000    0.05714285714286            48
    0.28571428571429    0.20000000000000    0.05714285714286            48
    0.31428571428572    0.20000000000000    0.05714285714286            48
    0.34285714285714    0.20000000000000    0.05714285714286            48
    0.37142857142857    0.20000000000000    0.05714285714286            48
    0.40000000000000    0.20000000000000    0.05714285714286            48
    0.42857142857143    0.20000000000000    0.05714285714286            48
    0.45714285714286    0.20000000000000    0.05714285714286            48
    0.48571428571429    0.20000000000000    0.05714285714286            48
    0.22857142857143    0.22857142857143    0.05714285714286            24
    0.25714285714286    0.22857142857143    0.05714285714286            48
    0.28571428571429    0.22857142857143    0.05714285714286            48
    0.31428571428572    0.22857142857143    0.05714285714286            48
    0.34285714285714    0.22857142857143    0.05714285714286            48
    0.37142857142857    0.22857142857143    0.05714285714286            48
    0.40000000000000    0.22857142857143    0.05714285714286            48
    0.42857142857143    0.22857142857143    0.05714285714286            48
    0.45714285714286    0.22857142857143    0.05714285714286            48
    0.48571428571429    0.22857142857143    0.05714285714286            48
    0.25714285714286    0.25714285714286    0.05714285714286            24
    0.28571428571429    0.25714285714286    0.05714285714286            48
    0.31428571428572    0.25714285714286    0.05714285714286            48
    0.34285714285714    0.25714285714286    0.05714285714286            48
    0.37142857142857    0.25714285714286    0.05714285714286            48
    0.40000000000000    0.25714285714286    0.05714285714286            48
    0.42857142857143    0.25714285714286    0.05714285714286            48
    0.45714285714286    0.25714285714286    0.05714285714286            48
    0.48571428571429    0.25714285714286    0.05714285714286            48
    0.28571428571429    0.28571428571429    0.05714285714286            24
    0.31428571428572    0.28571428571429    0.05714285714286            48
    0.34285714285714    0.28571428571429    0.05714285714286            48
    0.37142857142857    0.28571428571429    0.05714285714286            48
    0.40000000000000    0.28571428571429    0.05714285714286            48
    0.42857142857143    0.28571428571429    0.05714285714286            48
    0.45714285714286    0.28571428571429    0.05714285714286            48
    0.48571428571429    0.28571428571429    0.05714285714286            48
    0.31428571428572    0.31428571428572    0.05714285714286            24
    0.34285714285714    0.31428571428572    0.05714285714286            48
    0.37142857142857    0.31428571428572    0.05714285714286            48
    0.40000000000000    0.31428571428572    0.05714285714286            48
    0.42857142857143    0.31428571428572    0.05714285714286            48
    0.45714285714286    0.31428571428572    0.05714285714286            48
    0.48571428571429    0.31428571428572    0.05714285714286            48
    0.34285714285714    0.34285714285714    0.05714285714286            24
    0.37142857142857    0.34285714285714    0.05714285714286            48
    0.40000000000000    0.34285714285714    0.05714285714286            48
    0.42857142857143    0.34285714285714    0.05714285714286            48
    0.45714285714286    0.34285714285714    0.05714285714286            48
    0.48571428571429    0.34285714285714    0.05714285714286            48
    0.37142857142857    0.37142857142857    0.05714285714286            24
    0.40000000000000    0.37142857142857    0.05714285714286            48
    0.42857142857143    0.37142857142857    0.05714285714286            48
    0.45714285714286    0.37142857142857    0.05714285714286            48
    0.48571428571429    0.37142857142857    0.05714285714286            48
    0.40000000000000    0.40000000000000    0.05714285714286            24
    0.42857142857143    0.40000000000000    0.05714285714286            48
    0.45714285714286    0.40000000000000    0.05714285714286            48
    0.48571428571429    0.40000000000000    0.05714285714286            48
    0.42857142857143    0.42857142857143    0.05714285714286            24
    0.45714285714286    0.42857142857143    0.05714285714286            48
    0.48571428571429    0.42857142857143    0.05714285714286            48
    0.45714285714286    0.45714285714286    0.05714285714286            24
    0.48571428571429    0.45714285714286    0.05714285714286            48
    0.48571428571429    0.48571428571429    0.05714285714286            24
    0.08571428571429    0.08571428571429    0.08571428571429             8
    0.11428571428572    0.08571428571429    0.08571428571429            24
    0.14285714285715    0.08571428571429    0.08571428571429            24
    0.17142857142857    0.08571428571429    0.08571428571429            24
    0.20000000000000    0.08571428571429    0.08571428571429            24
    0.22857142857143    0.08571428571429    0.08571428571429            24
    0.25714285714286    0.08571428571429    0.08571428571429            24
    0.28571428571429    0.08571428571429    0.08571428571429            24
    0.31428571428572    0.08571428571429    0.08571428571429            24
    0.34285714285714    0.08571428571429    0.08571428571429            24
    0.37142857142857    0.08571428571429    0.08571428571429            24
    0.40000000000000    0.08571428571429    0.08571428571429            24
    0.42857142857143    0.08571428571429    0.08571428571429            24
    0.45714285714286    0.08571428571429    0.08571428571429            24
    0.48571428571429    0.08571428571429    0.08571428571429            24
    0.11428571428572    0.11428571428572    0.08571428571429            24
    0.14285714285715    0.11428571428572    0.08571428571429            48
    0.17142857142857    0.11428571428572    0.08571428571429            48
    0.20000000000000    0.11428571428572    0.08571428571429            48
    0.22857142857143    0.11428571428572    0.08571428571429            48
    0.25714285714286    0.11428571428572    0.08571428571429            48
    0.28571428571429    0.11428571428572    0.08571428571429            48
    0.31428571428572    0.11428571428572    0.08571428571429            48
    0.34285714285714    0.11428571428572    0.08571428571429            48
    0.37142857142857    0.11428571428572    0.08571428571429            48
    0.40000000000000    0.11428571428572    0.08571428571429            48
    0.42857142857143    0.11428571428572    0.08571428571429            48
    0.45714285714286    0.11428571428572    0.08571428571429            48
    0.48571428571429    0.11428571428572    0.08571428571429            48
    0.14285714285715    0.14285714285715    0.08571428571429            24
    0.17142857142857    0.14285714285715    0.08571428571429            48
    0.20000000000000    0.14285714285715    0.08571428571429            48
    0.22857142857143    0.14285714285715    0.08571428571429            48
    0.25714285714286    0.14285714285715    0.08571428571429            48
    0.28571428571429    0.14285714285715    0.08571428571429            48
    0.31428571428572    0.14285714285715    0.08571428571429            48
    0.34285714285714    0.14285714285715    0.08571428571429            48
    0.37142857142857    0.14285714285715    0.08571428571429            48
    0.40000000000000    0.14285714285715    0.08571428571429            48
    0.42857142857143    0.14285714285715    0.08571428571429            48
    0.45714285714286    0.14285714285715    0.08571428571429            48
    0.48571428571429    0.14285714285715    0.08571428571429            48
    0.17142857142857    0.17142857142857    0.08571428571429            24
    0.20000000000000    0.17142857142857    0.08571428571429            48
    0.22857142857143    0.17142857142857    0.08571428571429            48
    0.25714285714286    0.17142857142857    0.08571428571429            48
    0.28571428571429    0.17142857142857    0.08571428571429            48
    0.31428571428572    0.17142857142857    0.08571428571429            48
    0.34285714285714    0.17142857142857    0.08571428571429            48
    0.37142857142857    0.17142857142857    0.08571428571429            48
    0.40000000000000    0.17142857142857    0.08571428571429            48
    0.42857142857143    0.17142857142857    0.08571428571429            48
    0.45714285714286    0.17142857142857    0.08571428571429            48
    0.48571428571429    0.17142857142857    0.08571428571429            48
    0.20000000000000    0.20000000000000    0.08571428571429            24
    0.22857142857143    0.20000000000000    0.08571428571429            48
    0.25714285714286    0.20000000000000    0.08571428571429            48
    0.28571428571429    0.20000000000000    0.08571428571429            48
    0.31428571428572    0.20000000000000    0.08571428571429            48
    0.34285714285714    0.20000000000000    0.08571428571429            48
    0.37142857142857    0.20000000000000    0.08571428571429            48
    0.40000000000000    0.20000000000000    0.08571428571429            48
    0.42857142857143    0.20000000000000    0.08571428571429            48
    0.45714285714286    0.20000000000000    0.08571428571429            48
    0.48571428571429    0.20000000000000    0.08571428571429            48
    0.22857142857143    0.22857142857143    0.08571428571429            24
    0.25714285714286    0.22857142857143    0.08571428571429            48
    0.28571428571429    0.22857142857143    0.08571428571429            48
    0.31428571428572    0.22857142857143    0.08571428571429            48
    0.34285714285714    0.22857142857143    0.08571428571429            48
    0.37142857142857    0.22857142857143    0.08571428571429            48
    0.40000000000000    0.22857142857143    0.08571428571429            48
    0.42857142857143    0.22857142857143    0.08571428571429            48
    0.45714285714286    0.22857142857143    0.08571428571429            48
    0.48571428571429    0.22857142857143    0.08571428571429            48
    0.25714285714286    0.25714285714286    0.08571428571429            24
    0.28571428571429    0.25714285714286    0.08571428571429            48
    0.31428571428572    0.25714285714286    0.08571428571429            48
    0.34285714285714    0.25714285714286    0.08571428571429            48
    0.37142857142857    0.25714285714286    0.08571428571429            48
    0.40000000000000    0.25714285714286    0.08571428571429            48
    0.42857142857143    0.25714285714286    0.08571428571429            48
    0.45714285714286    0.25714285714286    0.08571428571429            48
    0.48571428571429    0.25714285714286    0.08571428571429            48
    0.28571428571429    0.28571428571429    0.08571428571429            24
    0.31428571428572    0.28571428571429    0.08571428571429            48
    0.34285714285714    0.28571428571429    0.08571428571429            48
    0.37142857142857    0.28571428571429    0.08571428571429            48
    0.40000000000000    0.28571428571429    0.08571428571429            48
    0.42857142857143    0.28571428571429    0.08571428571429            48
    0.45714285714286    0.28571428571429    0.08571428571429            48
    0.48571428571429    0.28571428571429    0.08571428571429            48
    0.31428571428572    0.31428571428572    0.08571428571429            24
    0.34285714285714    0.31428571428572    0.08571428571429            48
    0.37142857142857    0.31428571428572    0.08571428571429            48
    0.40000000000000    0.31428571428572    0.08571428571429            48
    0.42857142857143    0.31428571428572    0.08571428571429            48
    0.45714285714286    0.31428571428572    0.08571428571429            48
    0.48571428571429    0.31428571428572    0.08571428571429            48
    0.34285714285714    0.34285714285714    0.08571428571429            24
    0.37142857142857    0.34285714285714    0.08571428571429            48
    0.40000000000000    0.34285714285714    0.08571428571429            48
    0.42857142857143    0.34285714285714    0.08571428571429            48
    0.45714285714286    0.34285714285714    0.08571428571429            48
    0.48571428571429    0.34285714285714    0.08571428571429            48
    0.37142857142857    0.37142857142857    0.08571428571429            24
    0.40000000000000    0.37142857142857    0.08571428571429            48
    0.42857142857143    0.37142857142857    0.08571428571429            48
    0.45714285714286    0.37142857142857    0.08571428571429            48
    0.48571428571429    0.37142857142857    0.08571428571429            48
    0.40000000000000    0.40000000000000    0.08571428571429            24
    0.42857142857143    0.40000000000000    0.08571428571429            48
    0.45714285714286    0.40000000000000    0.08571428571429            48
    0.48571428571429    0.40000000000000    0.08571428571429            48
    0.42857142857143    0.42857142857143    0.08571428571429            24
    0.45714285714286    0.42857142857143    0.08571428571429            48
    0.48571428571429    0.42857142857143    0.08571428571429            48
    0.45714285714286    0.45714285714286    0.08571428571429            24
    0.48571428571429    0.45714285714286    0.08571428571429            48
    0.48571428571429    0.48571428571429    0.08571428571429            24
    0.11428571428572    0.11428571428572    0.11428571428572             8
    0.14285714285715    0.11428571428572    0.11428571428572            24
    0.17142857142857    0.11428571428572    0.11428571428572            24
    0.20000000000000    0.11428571428572    0.11428571428572            24
    0.22857142857143    0.11428571428572    0.11428571428572            24
    0.25714285714286    0.11428571428572    0.11428571428572            24
    0.28571428571429    0.11428571428572    0.11428571428572            24
    0.31428571428572    0.11428571428572    0.11428571428572            24
    0.34285714285714    0.11428571428572    0.11428571428572            24
    0.37142857142857    0.11428571428572    0.11428571428572            24
    0.40000000000000    0.11428571428572    0.11428571428572            24
    0.42857142857143    0.11428571428572    0.11428571428572            24
    0.45714285714286    0.11428571428572    0.11428571428572            24
    0.48571428571429    0.11428571428572    0.11428571428572            24
    0.14285714285715    0.14285714285715    0.11428571428572            24
    0.17142857142857    0.14285714285715    0.11428571428572            48
    0.20000000000000    0.14285714285715    0.11428571428572            48
    0.22857142857143    0.14285714285715    0.11428571428572            48
    0.25714285714286    0.14285714285715    0.11428571428572            48
    0.28571428571429    0.14285714285715    0.11428571428572            48
    0.31428571428572    0.14285714285715    0.11428571428572            48
    0.34285714285714    0.14285714285715    0.11428571428572            48
    0.37142857142857    0.14285714285715    0.11428571428572            48
    0.40000000000000    0.14285714285715    0.11428571428572            48
    0.42857142857143    0.14285714285715    0.11428571428572            48
    0.45714285714286    0.14285714285715    0.11428571428572            48
    0.48571428571429    0.14285714285715    0.11428571428572            48
    0.17142857142857    0.17142857142857    0.11428571428572            24
    0.20000000000000    0.17142857142857    0.11428571428572            48
    0.22857142857143    0.17142857142857    0.11428571428572            48
    0.25714285714286    0.17142857142857    0.11428571428572            48
    0.28571428571429    0.17142857142857    0.11428571428572            48
    0.31428571428572    0.17142857142857    0.11428571428572            48
    0.34285714285714    0.17142857142857    0.11428571428572            48
    0.37142857142857    0.17142857142857    0.11428571428572            48
    0.40000000000000    0.17142857142857    0.11428571428572            48
    0.42857142857143    0.17142857142857    0.11428571428572            48
    0.45714285714286    0.17142857142857    0.11428571428572            48
    0.48571428571429    0.17142857142857    0.11428571428572            48
    0.20000000000000    0.20000000000000    0.11428571428572            24
    0.22857142857143    0.20000000000000    0.11428571428572            48
    0.25714285714286    0.20000000000000    0.11428571428572            48
    0.28571428571429    0.20000000000000    0.11428571428572            48
    0.31428571428572    0.20000000000000    0.11428571428572            48
    0.34285714285714    0.20000000000000    0.11428571428572            48
    0.37142857142857    0.20000000000000    0.11428571428572            48
    0.40000000000000    0.20000000000000    0.11428571428572            48
    0.42857142857143    0.20000000000000    0.11428571428572            48
    0.45714285714286    0.20000000000000    0.11428571428572            48
    0.48571428571429    0.20000000000000    0.11428571428572            48
    0.22857142857143    0.22857142857143    0.11428571428572            24
    0.25714285714286    0.22857142857143    0.11428571428572            48
    0.28571428571429    0.22857142857143    0.11428571428572            48
    0.31428571428572    0.22857142857143    0.11428571428572            48
    0.34285714285714    0.22857142857143    0.11428571428572            48
    0.37142857142857    0.22857142857143    0.11428571428572            48
    0.40000000000000    0.22857142857143    0.11428571428572            48
    0.42857142857143    0.22857142857143    0.11428571428572            48
    0.45714285714286    0.22857142857143    0.11428571428572            48
    0.48571428571429    0.22857142857143    0.11428571428572            48
    0.25714285714286    0.25714285714286    0.11428571428572            24
    0.28571428571429    0.25714285714286    0.11428571428572            48
    0.31428571428572    0.25714285714286    0.11428571428572            48
    0.34285714285714    0.25714285714286    0.11428571428572            48
    0.37142857142857    0.25714285714286    0.11428571428572            48
    0.40000000000000    0.25714285714286    0.11428571428572            48
    0.42857142857143    0.25714285714286    0.11428571428572            48
    0.45714285714286    0.25714285714286    0.11428571428572            48
    0.48571428571429    0.25714285714286    0.11428571428572            48
    0.28571428571429    0.28571428571429    0.11428571428572            24
    0.31428571428572    0.28571428571429    0.11428571428572            48
    0.34285714285714    0.28571428571429    0.11428571428572            48
    0.37142857142857    0.28571428571429    0.11428571428572            48
    0.40000000000000    0.28571428571429    0.11428571428572            48
    0.42857142857143    0.28571428571429    0.11428571428572            48
    0.45714285714286    0.28571428571429    0.11428571428572            48
    0.48571428571429    0.28571428571429    0.11428571428572            48
    0.31428571428572    0.31428571428572    0.11428571428572            24
    0.34285714285714    0.31428571428572    0.11428571428572            48
    0.37142857142857    0.31428571428572    0.11428571428572            48
    0.40000000000000    0.31428571428572    0.11428571428572            48
    0.42857142857143    0.31428571428572    0.11428571428572            48
    0.45714285714286    0.31428571428572    0.11428571428572            48
    0.48571428571429    0.31428571428572    0.11428571428572            48
    0.34285714285714    0.34285714285714    0.11428571428572            24
    0.37142857142857    0.34285714285714    0.11428571428572            48
    0.40000000000000    0.34285714285714    0.11428571428572            48
    0.42857142857143    0.34285714285714    0.11428571428572            48
    0.45714285714286    0.34285714285714    0.11428571428572            48
    0.48571428571429    0.34285714285714    0.11428571428572            48
    0.37142857142857    0.37142857142857    0.11428571428572            24
    0.40000000000000    0.37142857142857    0.11428571428572            48
    0.42857142857143    0.37142857142857    0.11428571428572            48
    0.45714285714286    0.37142857142857    0.11428571428572            48
    0.48571428571429    0.37142857142857    0.11428571428572            48
    0.40000000000000    0.40000000000000    0.11428571428572            24
    0.42857142857143    0.40000000000000    0.11428571428572            48
    0.45714285714286    0.40000000000000    0.11428571428572            48
    0.48571428571429    0.40000000000000    0.11428571428572            48
    0.42857142857143    0.42857142857143    0.11428571428572            24
    0.45714285714286    0.42857142857143    0.11428571428572            48
    0.48571428571429    0.42857142857143    0.11428571428572            48
    0.45714285714286    0.45714285714286    0.11428571428572            24
    0.48571428571429    0.45714285714286    0.11428571428572            48
    0.48571428571429    0.48571428571429    0.11428571428572            24
    0.14285714285715    0.14285714285715    0.14285714285715             8
    0.17142857142857    0.14285714285715    0.14285714285715            24
    0.20000000000000    0.14285714285715    0.14285714285715            24
    0.22857142857143    0.14285714285715    0.14285714285715            24
    0.25714285714286    0.14285714285715    0.14285714285715            24
    0.28571428571429    0.14285714285715    0.14285714285715            24
    0.31428571428572    0.14285714285715    0.14285714285715            24
    0.34285714285714    0.14285714285715    0.14285714285715            24
    0.37142857142857    0.14285714285715    0.14285714285715            24
    0.40000000000000    0.14285714285715    0.14285714285715            24
    0.42857142857143    0.14285714285715    0.14285714285715            24
    0.45714285714286    0.14285714285715    0.14285714285715            24
    0.48571428571429    0.14285714285715    0.14285714285715            24
    0.17142857142857    0.17142857142857    0.14285714285715            24
    0.20000000000000    0.17142857142857    0.14285714285715            48
    0.22857142857143    0.17142857142857    0.14285714285715            48
    0.25714285714286    0.17142857142857    0.14285714285715            48
    0.28571428571429    0.17142857142857    0.14285714285715            48
    0.31428571428572    0.17142857142857    0.14285714285715            48
    0.34285714285714    0.17142857142857    0.14285714285715            48
    0.37142857142857    0.17142857142857    0.14285714285715            48
    0.40000000000000    0.17142857142857    0.14285714285715            48
    0.42857142857143    0.17142857142857    0.14285714285715            48
    0.45714285714286    0.17142857142857    0.14285714285715            48
    0.48571428571429    0.17142857142857    0.14285714285715            48
    0.20000000000000    0.20000000000000    0.14285714285715            24
    0.22857142857143    0.20000000000000    0.14285714285715            48
    0.25714285714286    0.20000000000000    0.14285714285715            48
    0.28571428571429    0.20000000000000    0.14285714285715            48
    0.31428571428572    0.20000000000000    0.14285714285715            48
    0.34285714285714    0.20000000000000    0.14285714285715            48
    0.37142857142857    0.20000000000000    0.14285714285715            48
    0.40000000000000    0.20000000000000    0.14285714285715            48
    0.42857142857143    0.20000000000000    0.14285714285715            48
    0.45714285714286    0.20000000000000    0.14285714285715            48
    0.48571428571429    0.20000000000000    0.14285714285715            48
    0.22857142857143    0.22857142857143    0.14285714285715            24
    0.25714285714286    0.22857142857143    0.14285714285715            48
    0.28571428571429    0.22857142857143    0.14285714285715            48
    0.31428571428572    0.22857142857143    0.14285714285715            48
    0.34285714285714    0.22857142857143    0.14285714285715            48
    0.37142857142857    0.22857142857143    0.14285714285715            48
    0.40000000000000    0.22857142857143    0.14285714285715            48
    0.42857142857143    0.22857142857143    0.14285714285715            48
    0.45714285714286    0.22857142857143    0.14285714285715            48
    0.48571428571429    0.22857142857143    0.14285714285715            48
    0.25714285714286    0.25714285714286    0.14285714285715            24
    0.28571428571429    0.25714285714286    0.14285714285715            48
    0.31428571428572    0.25714285714286    0.14285714285715            48
    0.34285714285714    0.25714285714286    0.14285714285715            48
    0.37142857142857    0.25714285714286    0.14285714285715            48
    0.40000000000000    0.25714285714286    0.14285714285715            48
    0.42857142857143    0.25714285714286    0.14285714285715            48
    0.45714285714286    0.25714285714286    0.14285714285715            48
    0.48571428571429    0.25714285714286    0.14285714285715            48
    0.28571428571429    0.28571428571429    0.14285714285715            24
    0.31428571428572    0.28571428571429    0.14285714285715            48
    0.34285714285714    0.28571428571429    0.14285714285715            48
    0.37142857142857    0.28571428571429    0.14285714285715            48
    0.40000000000000    0.28571428571429    0.14285714285715            48
    0.42857142857143    0.28571428571429    0.14285714285715            48
    0.45714285714286    0.28571428571429    0.14285714285715            48
    0.48571428571429    0.28571428571429    0.14285714285715            48
    0.31428571428572    0.31428571428572    0.14285714285715            24
    0.34285714285714    0.31428571428572    0.14285714285715            48
    0.37142857142857    0.31428571428572    0.14285714285715            48
    0.40000000000000    0.31428571428572    0.14285714285715            48
    0.42857142857143    0.31428571428572    0.14285714285715            48
    0.45714285714286    0.31428571428572    0.14285714285715            48
    0.48571428571429    0.31428571428572    0.14285714285715            48
    0.34285714285714    0.34285714285714    0.14285714285715            24
    0.37142857142857    0.34285714285714    0.14285714285715            48
    0.40000000000000    0.34285714285714    0.14285714285715            48
    0.42857142857143    0.34285714285714    0.14285714285715            48
    0.45714285714286    0.34285714285714    0.14285714285715            48
    0.48571428571429    0.34285714285714    0.14285714285715            48
    0.37142857142857    0.37142857142857    0.14285714285715            24
    0.40000000000000    0.37142857142857    0.14285714285715            48
    0.42857142857143    0.37142857142857    0.14285714285715            48
    0.45714285714286    0.37142857142857    0.14285714285715            48
    0.48571428571429    0.37142857142857    0.14285714285715            48
    0.40000000000000    0.40000000000000    0.14285714285715            24
    0.42857142857143    0.40000000000000    0.14285714285715            48
    0.45714285714286    0.40000000000000    0.14285714285715            48
    0.48571428571429    0.40000000000000    0.14285714285715            48
    0.42857142857143    0.42857142857143    0.14285714285715            24
    0.45714285714286    0.42857142857143    0.14285714285715            48
    0.48571428571429    0.42857142857143    0.14285714285715            48
    0.45714285714286    0.45714285714286    0.14285714285715            24
    0.48571428571429    0.45714285714286    0.14285714285715            48
    0.48571428571429    0.48571428571429    0.14285714285715            24
    0.17142857142857    0.17142857142857    0.17142857142857             8
    0.20000000000000    0.17142857142857    0.17142857142857            24
    0.22857142857143    0.17142857142857    0.17142857142857            24
    0.25714285714286    0.17142857142857    0.17142857142857            24
    0.28571428571429    0.17142857142857    0.17142857142857            24
    0.31428571428572    0.17142857142857    0.17142857142857            24
    0.34285714285714    0.17142857142857    0.17142857142857            24
    0.37142857142857    0.17142857142857    0.17142857142857            24
    0.40000000000000    0.17142857142857    0.17142857142857            24
    0.42857142857143    0.17142857142857    0.17142857142857            24
    0.45714285714286    0.17142857142857    0.17142857142857            24
    0.48571428571429    0.17142857142857    0.17142857142857            24
    0.20000000000000    0.20000000000000    0.17142857142857            24
    0.22857142857143    0.20000000000000    0.17142857142857            48
    0.25714285714286    0.20000000000000    0.17142857142857            48
    0.28571428571429    0.20000000000000    0.17142857142857            48
    0.31428571428572    0.20000000000000    0.17142857142857            48
    0.34285714285714    0.20000000000000    0.17142857142857            48
    0.37142857142857    0.20000000000000    0.17142857142857            48
    0.40000000000000    0.20000000000000    0.17142857142857            48
    0.42857142857143    0.20000000000000    0.17142857142857            48
    0.45714285714286    0.20000000000000    0.17142857142857            48
    0.48571428571429    0.20000000000000    0.17142857142857            48
    0.22857142857143    0.22857142857143    0.17142857142857            24
    0.25714285714286    0.22857142857143    0.17142857142857            48
    0.28571428571429    0.22857142857143    0.17142857142857            48
    0.31428571428572    0.22857142857143    0.17142857142857            48
    0.34285714285714    0.22857142857143    0.17142857142857            48
    0.37142857142857    0.22857142857143    0.17142857142857            48
    0.40000000000000    0.22857142857143    0.17142857142857            48
    0.42857142857143    0.22857142857143    0.17142857142857            48
    0.45714285714286    0.22857142857143    0.17142857142857            48
    0.48571428571429    0.22857142857143    0.17142857142857            48
    0.25714285714286    0.25714285714286    0.17142857142857            24
    0.28571428571429    0.25714285714286    0.17142857142857            48
    0.31428571428572    0.25714285714286    0.17142857142857            48
    0.34285714285714    0.25714285714286    0.17142857142857            48
    0.37142857142857    0.25714285714286    0.17142857142857            48
    0.40000000000000    0.25714285714286    0.17142857142857            48
    0.42857142857143    0.25714285714286    0.17142857142857            48
    0.45714285714286    0.25714285714286    0.17142857142857            48
    0.48571428571429    0.25714285714286    0.17142857142857            48
    0.28571428571429    0.28571428571429    0.17142857142857            24
    0.31428571428572    0.28571428571429    0.17142857142857            48
    0.34285714285714    0.28571428571429    0.17142857142857            48
    0.37142857142857    0.28571428571429    0.17142857142857            48
    0.40000000000000    0.28571428571429    0.17142857142857            48
    0.42857142857143    0.28571428571429    0.17142857142857            48
    0.45714285714286    0.28571428571429    0.17142857142857            48
    0.48571428571429    0.28571428571429    0.17142857142857            48
    0.31428571428572    0.31428571428572    0.17142857142857            24
    0.34285714285714    0.31428571428572    0.17142857142857            48
    0.37142857142857    0.31428571428572    0.17142857142857            48
    0.40000000000000    0.31428571428572    0.17142857142857            48
    0.42857142857143    0.31428571428572    0.17142857142857            48
    0.45714285714286    0.31428571428572    0.17142857142857            48
    0.48571428571429    0.31428571428572    0.17142857142857            48
    0.34285714285714    0.34285714285714    0.17142857142857            24
    0.37142857142857    0.34285714285714    0.17142857142857            48
    0.40000000000000    0.34285714285714    0.17142857142857            48
    0.42857142857143    0.34285714285714    0.17142857142857            48
    0.45714285714286    0.34285714285714    0.17142857142857            48
    0.48571428571429    0.34285714285714    0.17142857142857            48
    0.37142857142857    0.37142857142857    0.17142857142857            24
    0.40000000000000    0.37142857142857    0.17142857142857            48
    0.42857142857143    0.37142857142857    0.17142857142857            48
    0.45714285714286    0.37142857142857    0.17142857142857            48
    0.48571428571429    0.37142857142857    0.17142857142857            48
    0.40000000000000    0.40000000000000    0.17142857142857            24
    0.42857142857143    0.40000000000000    0.17142857142857            48
    0.45714285714286    0.40000000000000    0.17142857142857            48
    0.48571428571429    0.40000000000000    0.17142857142857            48
    0.42857142857143    0.42857142857143    0.17142857142857            24
    0.45714285714286    0.42857142857143    0.17142857142857            48
    0.48571428571429    0.42857142857143    0.17142857142857            48
    0.45714285714286    0.45714285714286    0.17142857142857            24
    0.48571428571429    0.45714285714286    0.17142857142857            48
    0.48571428571429    0.48571428571429    0.17142857142857            24
    0.20000000000000    0.20000000000000    0.20000000000000             8
    0.22857142857143    0.20000000000000    0.20000000000000            24
    0.25714285714286    0.20000000000000    0.20000000000000            24
    0.28571428571429    0.20000000000000    0.20000000000000            24
    0.31428571428572    0.20000000000000    0.20000000000000            24
    0.34285714285714    0.20000000000000    0.20000000000000            24
    0.37142857142857    0.20000000000000    0.20000000000000            24
    0.40000000000000    0.20000000000000    0.20000000000000            24
    0.42857142857143    0.20000000000000    0.20000000000000            24
    0.45714285714286    0.20000000000000    0.20000000000000            24
    0.48571428571429    0.20000000000000    0.20000000000000            24
    0.22857142857143    0.22857142857143    0.20000000000000            24
    0.25714285714286    0.22857142857143    0.20000000000000            48
    0.28571428571429    0.22857142857143    0.20000000000000            48
    0.31428571428572    0.22857142857143    0.20000000000000            48
    0.34285714285714    0.22857142857143    0.20000000000000            48
    0.37142857142857    0.22857142857143    0.20000000000000            48
    0.40000000000000    0.22857142857143    0.20000000000000            48
    0.42857142857143    0.22857142857143    0.20000000000000            48
    0.45714285714286    0.22857142857143    0.20000000000000            48
    0.48571428571429    0.22857142857143    0.20000000000000            48
    0.25714285714286    0.25714285714286    0.20000000000000            24
    0.28571428571429    0.25714285714286    0.20000000000000            48
    0.31428571428572    0.25714285714286    0.20000000000000            48
    0.34285714285714    0.25714285714286    0.20000000000000            48
    0.37142857142857    0.25714285714286    0.20000000000000            48
    0.40000000000000    0.25714285714286    0.20000000000000            48
    0.42857142857143    0.25714285714286    0.20000000000000            48
    0.45714285714286    0.25714285714286    0.20000000000000            48
    0.48571428571429    0.25714285714286    0.20000000000000            48
    0.28571428571429    0.28571428571429    0.20000000000000            24
    0.31428571428572    0.28571428571429    0.20000000000000            48
    0.34285714285714    0.28571428571429    0.20000000000000            48
    0.37142857142857    0.28571428571429    0.20000000000000            48
    0.40000000000000    0.28571428571429    0.20000000000000            48
    0.42857142857143    0.28571428571429    0.20000000000000            48
    0.45714285714286    0.28571428571429    0.20000000000000            48
    0.48571428571429    0.28571428571429    0.20000000000000            48
    0.31428571428572    0.31428571428572    0.20000000000000            24
    0.34285714285714    0.31428571428572    0.20000000000000            48
    0.37142857142857    0.31428571428572    0.20000000000000            48
    0.40000000000000    0.31428571428572    0.20000000000000            48
    0.42857142857143    0.31428571428572    0.20000000000000            48
    0.45714285714286    0.31428571428572    0.20000000000000            48
    0.48571428571429    0.31428571428572    0.20000000000000            48
    0.34285714285714    0.34285714285714    0.20000000000000            24
    0.37142857142857    0.34285714285714    0.20000000000000            48
    0.40000000000000    0.34285714285714    0.20000000000000            48
    0.42857142857143    0.34285714285714    0.20000000000000            48
    0.45714285714286    0.34285714285714    0.20000000000000            48
    0.48571428571429    0.34285714285714    0.20000000000000            48
    0.37142857142857    0.37142857142857    0.20000000000000            24
    0.40000000000000    0.37142857142857    0.20000000000000            48
    0.42857142857143    0.37142857142857    0.20000000000000            48
    0.45714285714286    0.37142857142857    0.20000000000000            48
    0.48571428571429    0.37142857142857    0.20000000000000            48
    0.40000000000000    0.40000000000000    0.20000000000000            24
    0.42857142857143    0.40000000000000    0.20000000000000            48
    0.45714285714286    0.40000000000000    0.20000000000000            48
    0.48571428571429    0.40000000000000    0.20000000000000            48
    0.42857142857143    0.42857142857143    0.20000000000000            24
    0.45714285714286    0.42857142857143    0.20000000000000            48
    0.48571428571429    0.42857142857143    0.20000000000000            48
    0.45714285714286    0.45714285714286    0.20000000000000            24
    0.48571428571429    0.45714285714286    0.20000000000000            48
    0.48571428571429    0.48571428571429    0.20000000000000            24
    0.22857142857143    0.22857142857143    0.22857142857143             8
    0.25714285714286    0.22857142857143    0.22857142857143            24
    0.28571428571429    0.22857142857143    0.22857142857143            24
    0.31428571428572    0.22857142857143    0.22857142857143            24
    0.34285714285714    0.22857142857143    0.22857142857143            24
    0.37142857142857    0.22857142857143    0.22857142857143            24
    0.40000000000000    0.22857142857143    0.22857142857143            24
    0.42857142857143    0.22857142857143    0.22857142857143            24
    0.45714285714286    0.22857142857143    0.22857142857143            24
    0.48571428571429    0.22857142857143    0.22857142857143            24
    0.25714285714286    0.25714285714286    0.22857142857143            24
    0.28571428571429    0.25714285714286    0.22857142857143            48
    0.31428571428572    0.25714285714286    0.22857142857143            48
    0.34285714285714    0.25714285714286    0.22857142857143            48
    0.37142857142857    0.25714285714286    0.22857142857143            48
    0.40000000000000    0.25714285714286    0.22857142857143            48
    0.42857142857143    0.25714285714286    0.22857142857143            48
    0.45714285714286    0.25714285714286    0.22857142857143            48
    0.48571428571429    0.25714285714286    0.22857142857143            48
    0.28571428571429    0.28571428571429    0.22857142857143            24
    0.31428571428572    0.28571428571429    0.22857142857143            48
    0.34285714285714    0.28571428571429    0.22857142857143            48
    0.37142857142857    0.28571428571429    0.22857142857143            48
    0.40000000000000    0.28571428571429    0.22857142857143            48
    0.42857142857143    0.28571428571429    0.22857142857143            48
    0.45714285714286    0.28571428571429    0.22857142857143            48
    0.48571428571429    0.28571428571429    0.22857142857143            48
    0.31428571428572    0.31428571428572    0.22857142857143            24
    0.34285714285714    0.31428571428572    0.22857142857143            48
    0.37142857142857    0.31428571428572    0.22857142857143            48
    0.40000000000000    0.31428571428572    0.22857142857143            48
    0.42857142857143    0.31428571428572    0.22857142857143            48
    0.45714285714286    0.31428571428572    0.22857142857143            48
    0.48571428571429    0.31428571428572    0.22857142857143            48
    0.34285714285714    0.34285714285714    0.22857142857143            24
    0.37142857142857    0.34285714285714    0.22857142857143            48
    0.40000000000000    0.34285714285714    0.22857142857143            48
    0.42857142857143    0.34285714285714    0.22857142857143            48
    0.45714285714286    0.34285714285714    0.22857142857143            48
    0.48571428571429    0.34285714285714    0.22857142857143            48
    0.37142857142857    0.37142857142857    0.22857142857143            24
    0.40000000000000    0.37142857142857    0.22857142857143            48
    0.42857142857143    0.37142857142857    0.22857142857143            48
    0.45714285714286    0.37142857142857    0.22857142857143            48
    0.48571428571429    0.37142857142857    0.22857142857143            48
    0.40000000000000    0.40000000000000    0.22857142857143            24
    0.42857142857143    0.40000000000000    0.22857142857143            48
    0.45714285714286    0.40000000000000    0.22857142857143            48
    0.48571428571429    0.40000000000000    0.22857142857143            48
    0.42857142857143    0.42857142857143    0.22857142857143            24
    0.45714285714286    0.42857142857143    0.22857142857143            48
    0.48571428571429    0.42857142857143    0.22857142857143            48
    0.45714285714286    0.45714285714286    0.22857142857143            24
    0.48571428571429    0.45714285714286    0.22857142857143            48
    0.48571428571429    0.48571428571429    0.22857142857143            24
    0.25714285714286    0.25714285714286    0.25714285714286             8
    0.28571428571429    0.25714285714286    0.25714285714286            24
    0.31428571428572    0.25714285714286    0.25714285714286            24
    0.34285714285714    0.25714285714286    0.25714285714286            24
    0.37142857142857    0.25714285714286    0.25714285714286            24
    0.40000000000000    0.25714285714286    0.25714285714286            24
    0.42857142857143    0.25714285714286    0.25714285714286            24
    0.45714285714286    0.25714285714286    0.25714285714286            24
    0.48571428571429    0.25714285714286    0.25714285714286            24
    0.28571428571429    0.28571428571429    0.25714285714286            24
    0.31428571428572    0.28571428571429    0.25714285714286            48
    0.34285714285714    0.28571428571429    0.25714285714286            48
    0.37142857142857    0.28571428571429    0.25714285714286            48
    0.40000000000000    0.28571428571429    0.25714285714286            48
    0.42857142857143    0.28571428571429    0.25714285714286            48
    0.45714285714286    0.28571428571429    0.25714285714286            48
    0.48571428571429    0.28571428571429    0.25714285714286            48
    0.31428571428572    0.31428571428572    0.25714285714286            24
    0.34285714285714    0.31428571428572    0.25714285714286            48
    0.37142857142857    0.31428571428572    0.25714285714286            48
    0.40000000000000    0.31428571428572    0.25714285714286            48
    0.42857142857143    0.31428571428572    0.25714285714286            48
    0.45714285714286    0.31428571428572    0.25714285714286            48
    0.48571428571429    0.31428571428572    0.25714285714286            48
    0.34285714285714    0.34285714285714    0.25714285714286            24
    0.37142857142857    0.34285714285714    0.25714285714286            48
    0.40000000000000    0.34285714285714    0.25714285714286            48
    0.42857142857143    0.34285714285714    0.25714285714286            48
    0.45714285714286    0.34285714285714    0.25714285714286            48
    0.48571428571429    0.34285714285714    0.25714285714286            48
    0.37142857142857    0.37142857142857    0.25714285714286            24
    0.40000000000000    0.37142857142857    0.25714285714286            48
    0.42857142857143    0.37142857142857    0.25714285714286            48
    0.45714285714286    0.37142857142857    0.25714285714286            48
    0.48571428571429    0.37142857142857    0.25714285714286            48
    0.40000000000000    0.40000000000000    0.25714285714286            24
    0.42857142857143    0.40000000000000    0.25714285714286            48
    0.45714285714286    0.40000000000000    0.25714285714286            48
    0.48571428571429    0.40000000000000    0.25714285714286            48
    0.42857142857143    0.42857142857143    0.25714285714286            24
    0.45714285714286    0.42857142857143    0.25714285714286            48
    0.48571428571429    0.42857142857143    0.25714285714286            48
    0.45714285714286    0.45714285714286    0.25714285714286            24
    0.48571428571429    0.45714285714286    0.25714285714286            48
    0.48571428571429    0.48571428571429    0.25714285714286            24
    0.28571428571429    0.28571428571429    0.28571428571429             8
    0.31428571428572    0.28571428571429    0.28571428571429            24
    0.34285714285714    0.28571428571429    0.28571428571429            24
    0.37142857142857    0.28571428571429    0.28571428571429            24
    0.40000000000000    0.28571428571429    0.28571428571429            24
    0.42857142857143    0.28571428571429    0.28571428571429            24
    0.45714285714286    0.28571428571429    0.28571428571429            24
    0.48571428571429    0.28571428571429    0.28571428571429            24
    0.31428571428572    0.31428571428572    0.28571428571429            24
    0.34285714285714    0.31428571428572    0.28571428571429            48
    0.37142857142857    0.31428571428572    0.28571428571429            48
    0.40000000000000    0.31428571428572    0.28571428571429            48
    0.42857142857143    0.31428571428572    0.28571428571429            48
    0.45714285714286    0.31428571428572    0.28571428571429            48
    0.48571428571429    0.31428571428572    0.28571428571429            48
    0.34285714285714    0.34285714285714    0.28571428571429            24
    0.37142857142857    0.34285714285714    0.28571428571429            48
    0.40000000000000    0.34285714285714    0.28571428571429            48
    0.42857142857143    0.34285714285714    0.28571428571429            48
    0.45714285714286    0.34285714285714    0.28571428571429            48
    0.48571428571429    0.34285714285714    0.28571428571429            48
    0.37142857142857    0.37142857142857    0.28571428571429            24
    0.40000000000000    0.37142857142857    0.28571428571429            48
    0.42857142857143    0.37142857142857    0.28571428571429            48
    0.45714285714286    0.37142857142857    0.28571428571429            48
    0.48571428571429    0.37142857142857    0.28571428571429            48
    0.40000000000000    0.40000000000000    0.28571428571429            24
    0.42857142857143    0.40000000000000    0.28571428571429            48
    0.45714285714286    0.40000000000000    0.28571428571429            48
    0.48571428571429    0.40000000000000    0.28571428571429            48
    0.42857142857143    0.42857142857143    0.28571428571429            24
    0.45714285714286    0.42857142857143    0.28571428571429            48
    0.48571428571429    0.42857142857143    0.28571428571429            48
    0.45714285714286    0.45714285714286    0.28571428571429            24
    0.48571428571429    0.45714285714286    0.28571428571429            48
    0.48571428571429    0.48571428571429    0.28571428571429            24
    0.31428571428572    0.31428571428572    0.31428571428572             8
    0.34285714285714    0.31428571428572    0.31428571428572            24
    0.37142857142857    0.31428571428572    0.31428571428572            24
    0.40000000000000    0.31428571428572    0.31428571428572            24
    0.42857142857143    0.31428571428572    0.31428571428572            24
    0.45714285714286    0.31428571428572    0.31428571428572            24
    0.48571428571429    0.31428571428572    0.31428571428572            24
    0.34285714285714    0.34285714285714    0.31428571428572            24
    0.37142857142857    0.34285714285714    0.31428571428572            48
    0.40000000000000    0.34285714285714    0.31428571428572            48
    0.42857142857143    0.34285714285714    0.31428571428572            48
    0.45714285714286    0.34285714285714    0.31428571428572            48
    0.48571428571429    0.34285714285714    0.31428571428572            48
    0.37142857142857    0.37142857142857    0.31428571428572            24
    0.40000000000000    0.37142857142857    0.31428571428572            48
    0.42857142857143    0.37142857142857    0.31428571428572            48
    0.45714285714286    0.37142857142857    0.31428571428572            48
    0.48571428571429    0.37142857142857    0.31428571428572            48
    0.40000000000000    0.40000000000000    0.31428571428572            24
    0.42857142857143    0.40000000000000    0.31428571428572            48
    0.45714285714286    0.40000000000000    0.31428571428572            48
    0.48571428571429    0.40000000000000    0.31428571428572            48
    0.42857142857143    0.42857142857143    0.31428571428572            24
    0.45714285714286    0.42857142857143    0.31428571428572            48
    0.48571428571429    0.42857142857143    0.31428571428572            48
    0.45714285714286    0.45714285714286    0.31428571428572            24
    0.48571428571429    0.45714285714286    0.31428571428572            48
    0.48571428571429    0.48571428571429    0.31428571428572            24
    0.34285714285714    0.34285714285714    0.34285714285714             8
    0.37142857142857    0.34285714285714    0.34285714285714            24
    0.40000000000000    0.34285714285714    0.34285714285714            24
    0.42857142857143    0.34285714285714    0.34285714285714            24
    0.45714285714286    0.34285714285714    0.34285714285714            24
    0.48571428571429    0.34285714285714    0.34285714285714            24
    0.37142857142857    0.37142857142857    0.34285714285714            24
    0.40000000000000    0.37142857142857    0.34285714285714            48
    0.42857142857143    0.37142857142857    0.34285714285714            48
    0.45714285714286    0.37142857142857    0.34285714285714            48
    0.48571428571429    0.37142857142857    0.34285714285714            48
    0.40000000000000    0.40000000000000    0.34285714285714            24
    0.42857142857143    0.40000000000000    0.34285714285714            48
    0.45714285714286    0.40000000000000    0.34285714285714            48
    0.48571428571429    0.40000000000000    0.34285714285714            48
    0.42857142857143    0.42857142857143    0.34285714285714            24
    0.45714285714286    0.42857142857143    0.34285714285714            48
    0.48571428571429    0.42857142857143    0.34285714285714            48
    0.45714285714286    0.45714285714286    0.34285714285714            24
    0.48571428571429    0.45714285714286    0.34285714285714            48
    0.48571428571429    0.48571428571429    0.34285714285714            24
    0.37142857142857    0.37142857142857    0.37142857142857             8
    0.40000000000000    0.37142857142857    0.37142857142857            24
    0.42857142857143    0.37142857142857    0.37142857142857            24
    0.45714285714286    0.37142857142857    0.37142857142857            24
    0.48571428571429    0.37142857142857    0.37142857142857            24
    0.40000000000000    0.40000000000000    0.37142857142857            24
    0.42857142857143    0.40000000000000    0.37142857142857            48
    0.45714285714286    0.40000000000000    0.37142857142857            48
    0.48571428571429    0.40000000000000    0.37142857142857            48
    0.42857142857143    0.42857142857143    0.37142857142857            24
    0.45714285714286    0.42857142857143    0.37142857142857            48
    0.48571428571429    0.42857142857143    0.37142857142857            48
    0.45714285714286    0.45714285714286    0.37142857142857            24
    0.48571428571429    0.45714285714286    0.37142857142857            48
    0.48571428571429    0.48571428571429    0.37142857142857            24
    0.40000000000000    0.40000000000000    0.40000000000000             8
    0.42857142857143    0.40000000000000    0.40000000000000            24
    0.45714285714286    0.40000000000000    0.40000000000000            24
    0.48571428571429    0.40000000000000    0.40000000000000            24
    0.42857142857143    0.42857142857143    0.40000000000000            24
    0.45714285714286    0.42857142857143    0.40000000000000            48
    0.48571428571429    0.42857142857143    0.40000000000000            48
    0.45714285714286    0.45714285714286    0.40000000000000            24
    0.48571428571429    0.45714285714286    0.40000000000000            48
    0.48571428571429    0.48571428571429    0.40000000000000            24
    0.42857142857143    0.42857142857143    0.42857142857143             8
    0.45714285714286    0.42857142857143    0.42857142857143            24
    0.48571428571429    0.42857142857143    0.42857142857143            24
    0.45714285714286    0.45714285714286    0.42857142857143            24
    0.48571428571429    0.45714285714286    0.42857142857143            48
    0.48571428571429    0.48571428571429    0.42857142857143            24
    0.45714285714286    0.45714285714286    0.45714285714286             8
    0.48571428571429    0.45714285714286    0.45714285714286            24
    0.48571428571429    0.48571428571429    0.45714285714286            24
    0.48571428571429    0.48571428571429    0.48571428571429             8
