50   
2    

1    
  0.0022639793152292   0.0013071090665451   0.0096522465544748
  -0.0223649600   -0.0128972000   -0.0252479500
   0.0045680100    0.0029463700    0.0072342200
   0.0005816500   -0.0002222100    0.0048624500
  -0.0009974100   -0.0004908200    0.0052736300
   0.0047074900    0.0048432400    0.0069997600
   0.0033597900   -0.0026451800    0.0068176600
   0.0014951400    0.0030884200    0.0074195000
   0.0005980100    0.0010745100    0.0048449800
   0.0005093300   -0.0001690200    0.0055401400
  -0.0003615600   -0.0000200500    0.0047918100
  -0.0005660900    0.0003989500    0.0052188300
   0.0000210800   -0.0001198600    0.0048185200
  -0.0003470700    0.0008113200    0.0049177200
  -0.0003353300    0.0001787200    0.0057286000
   0.0003877000    0.0003158000    0.0053511700
   0.0004571400    0.0001293100    0.0050131100
  -0.0002138800   -0.0007291000    0.0056344300
   0.0008692700    0.0001791400    0.0054446800
  -0.0000682600   -0.0011694100    0.0051231800
   0.0003634100   -0.0007082600    0.0048183900
   0.0015862100   -0.0007164300    0.0069335200
   0.0003186400   -0.0000207800    0.0046310900
  -0.0000916900    0.0008757400    0.0055396300
   0.0002553800    0.0004841500    0.0050062900
   0.0022845800    0.0028747500    0.0073008900
  -0.0051063200   -0.0001725400   -0.0018315600
  -0.0005266100    0.0000364700   -0.0033312900
   0.0001750400    0.0001339100   -0.0045016600
  -0.0000593300    0.0001548100   -0.0032174200
   0.0046396300    0.0083745600    0.0015278900
   0.0033756800   -0.0065303600   -0.0001441700
  -0.0001194700   -0.0005616000   -0.0055743800
  -0.0000753800    0.0002052500   -0.0060363800
   0.0003228700    0.0007394100   -0.0058696300
  -0.0005648000    0.0001767000   -0.0055633600
   0.0000832900   -0.0002187800   -0.0032993200
   0.0003112400   -0.0002835600   -0.0032491200
   0.0000271100   -0.0002495800   -0.0059113800
  -0.0000375600   -0.0000217700   -0.0049852100
  -0.0000210300   -0.0007592400   -0.0059945400
  -0.0000196700   -0.0002528700   -0.0045082400
   0.0000552200    0.0006752600   -0.0063350700
  -0.0001714600    0.0001091300   -0.0044957400
   0.0001593100    0.0005927200   -0.0058280800
  -0.0002838700   -0.0004559000   -0.0060780000
  -0.0004419800    0.0000085600   -0.0033564800
   0.0007294900    0.0001931200   -0.0062050900
  -0.0000261900   -0.0004300200   -0.0064654400
   0.0002458400    0.0000772800   -0.0031924100
   0.0003124100    0.0001669700   -0.0055701700

1    
 -0.0022639793152292  -0.0013071090665451  -0.0096522465544748
   0.0224210700    0.0129607700    0.0366613700
  -0.0045561300   -0.0029148200    0.0031728400
  -0.0005790900    0.0002287300    0.0055997100
   0.0010115300    0.0004986900    0.0051945500
  -0.0046963900   -0.0048324100    0.0035202200
  -0.0033052600    0.0026067600    0.0036838800
  -0.0014803400   -0.0031601000    0.0030115900
  -0.0006023100   -0.0010865900    0.0056428100
  -0.0005161600    0.0001707900    0.0049377400
   0.0003625200    0.0000209900    0.0056936400
   0.0005718400   -0.0004031800    0.0052472900
  -0.0000185800    0.0001129300    0.0056683000
   0.0003506300   -0.0008164500    0.0055474500
   0.0003379000   -0.0001803800    0.0047470900
  -0.0003937000   -0.0003194400    0.0051279000
  -0.0004561500   -0.0001342700    0.0054497300
   0.0002164600    0.0007344100    0.0048427600
  -0.0008809400   -0.0001799500    0.0050315900
   0.0000702300    0.0011857400    0.0053447400
  -0.0003644600    0.0007166100    0.0056682300
  -0.0016353800    0.0007209800    0.0035087900
  -0.0003337500    0.0000202600    0.0058555800
   0.0000945700   -0.0008831800    0.0049372500
  -0.0002567300   -0.0004849200    0.0054813300
  -0.0022727100   -0.0027835500    0.0031838900
   0.0052610500    0.0001881600   -0.0088370300
   0.0005166400   -0.0000449200   -0.0071441300
  -0.0001794400   -0.0001369800   -0.0059751600
   0.0000579900   -0.0001702100   -0.0072803100
  -0.0048227000   -0.0087366800   -0.0124978400
  -0.0034785500    0.0067848400   -0.0106592200
   0.0001172300    0.0005572600   -0.0048720400
   0.0000764100   -0.0002115000   -0.0044370600
  -0.0003149000   -0.0007460600   -0.0046003200
   0.0006201500   -0.0001777500   -0.0048379100
  -0.0000851600    0.0002305100   -0.0071903800
  -0.0003161200    0.0002696000   -0.0072337900
  -0.0000295000    0.0002463100   -0.0045592400
   0.0000411200    0.0000236400   -0.0054935300
   0.0000273700    0.0007690900   -0.0044780200
   0.0000176800    0.0002542400   -0.0059683000
  -0.0000526000   -0.0006828500   -0.0041315000
   0.0001716900   -0.0001120800   -0.0059826900
  -0.0001626900   -0.0005891700   -0.0046409500
   0.0002887400    0.0004633500   -0.0043964700
   0.0004415600   -0.0000040400   -0.0071225300
  -0.0007333700   -0.0001930800   -0.0042647500
   0.0000301700    0.0004400400   -0.0039986600
  -0.0002555200   -0.0000749400   -0.0073021200
  -0.0003258900   -0.0001452600   -0.0048563500
