    1   50    3
  9.013
    1    1  0.0150  0.0000  0.0000
 -0.148819602311  -0.004427817683  -0.000905873776
  0.023415630445  -0.014502398525  -0.001552589440
 -0.001463882554  -0.000085711999   0.001324397746
 -0.001456315771   0.002419312886  -0.001142372192
  0.023408431721  -0.005841307648  -0.000304704192
  0.031646514373   0.009447397078  -0.000005665201
  0.005703945977   0.003551144529   0.001194241513
 -0.000148128610  -0.001460794334   0.000412123710
  0.001577201763  -0.000635099297   0.000285886979
  0.003441212932  -0.000155568071  -0.001621941780
 -0.001494935416  -0.002384155673  -0.000796005039
  0.000141860813   0.001285315897  -0.000030473810
  0.000970035073   0.001980847753  -0.000480740141
  0.000399186721   0.000261861674  -0.000770895481
  0.001709246128   0.000189565763   0.000076582058
 -0.001496108383   0.000460481119   0.000902615898
  0.001716669695   0.000980054405  -0.000921276342
  0.000387971041   0.000376218464   0.001153716773
  0.000963626244  -0.001938989140  -0.000285589533
  0.000135242742   0.001185363652   0.000218449427
  0.031654973729   0.019891540928  -0.001940907458
  0.003434964091  -0.000468092235  -0.000382263434
  0.001579747238  -0.001136236339  -0.001130098223
 -0.000152146575  -0.001831927840   0.000017534431
  0.005709783679  -0.004520891194   0.001341479944
  0.014679224929  -0.000339467639  -0.011481370570
  0.002463381048  -0.009027842064   0.008033415855
 -0.000519729957   0.000361291811   0.000075639354
  0.000838828525  -0.000188573119   0.000253792897
 -0.001671106750   0.000976078385  -0.000026088897
 -0.000594083615  -0.001005389346  -0.000377783769
  0.000214166029  -0.002838118760   0.000452553564
 -0.000007179255   0.000156427297   0.000740550637
  0.001349134343   0.000347530824  -0.000349265696
  0.001001037474   0.000092936638   0.001035494450
  0.001901062804   0.001401062964   0.000324997684
  0.000727526842   0.001439642706  -0.000732228118
 -0.001116145083  -0.000746382710   0.000727963431
 -0.001430034242   0.000259748906   0.000488014156
  0.001138708551  -0.000152012172  -0.000282738009
 -0.000271622861  -0.000402896817   0.000316583722
  0.000476207177   0.001689044843   0.000229003041
 -0.001048412030  -0.000063078541   0.000293145462
 -0.001721253007   0.000133986311   0.000493432689
  0.000479203033  -0.000430842298   0.000169959299
  0.001963673541   0.007153910585   0.005310452428
 -0.004386234726   0.000266483730  -0.000173830893
 -0.000117591941  -0.002314925067   0.000246741862
  0.001880808051  -0.000949716308  -0.000146454028
  0.000805306338   0.001540985669  -0.000277612990
    1    2  0.0000  0.0150  0.0000
 -0.004460256000  -0.145447445174   0.001727436633
 -0.005673614544   0.011403533812  -0.000990322601
  0.002299337269   0.000084527151  -0.000761313534
 -0.000142872573   0.000100126001   0.000919098884
 -0.014359397626   0.011383928167  -0.001830187808
  0.019936792329   0.013829382695   0.001705622117
 -0.004521606123   0.032000192654   0.000653899723
 -0.001885653697   0.001675354662  -0.000883855351
 -0.001147358176  -0.000481795932   0.000450472929
 -0.000518076918  -0.000343809275   0.000093332850
  0.000460997497  -0.000444012826  -0.000786353387
  0.001207011965   0.002114317788   0.000153856333
 -0.001937272395  -0.002146614852  -0.001401961191
  0.000348721728   0.002023603207  -0.000141712508
  0.000996963111   0.000634046878  -0.000987417564
 -0.002321779064  -0.000420419369   0.000334920842
  0.000205869607   0.000639565251   0.001229227736
  0.000233128195   0.002028612654   0.000166319041
  0.001938893479  -0.002160186369   0.000967799143
  0.001299038743   0.002117804533   0.000983064459
  0.009457424466   0.013809328330   0.000905285730
 -0.000198770801  -0.000336873801   0.000016274712
 -0.000649450897  -0.000480427263  -0.001427871929
 -0.001523589570   0.001669115292   0.000047791687
  0.003578245143   0.032006068576  -0.001037272189
 -0.000289758853  -0.002025909735   0.000307656239
 -0.008975768331   0.012385498724  -0.012554991157
  0.000299651145  -0.000646651319  -0.000576854399
 -0.000113090481  -0.000201067886   0.000176724488
  0.000893470156   0.000701652466  -0.000186200879
 -0.001021660386  -0.000124709810   0.000486079881
 -0.002743363157  -0.003342815540   0.001172111613
  0.000139773004  -0.000811378229  -0.000433898438
  0.000291727812   0.001714419173   0.000872503633
  0.000087563009   0.001879918599  -0.000132642813
  0.001366948490  -0.000615945139  -0.000214402733
  0.001467304708  -0.000619949350   0.000644193754
 -0.000765558261   0.001598043537  -0.000528480908
  0.000223788222   0.001801234799   0.000057236401
 -0.000161029815   0.002006235329  -0.000534416274
 -0.000380374929   0.000072063388   0.000523835518
  0.001717225200  -0.000633808560   0.000873161405
 -0.000063544792  -0.000041599940   0.000066895753
  0.000115711353   0.001795550152   0.000663506046
 -0.000436440860  -0.001464326183   0.000170186163
  0.007193872346   0.010163444160   0.008464809682
  0.000305859136   0.001954708910   0.000356752841
 -0.002322454544   0.001029508242  -0.000472136989
 -0.000974144147  -0.001743227193   0.000160238034
  0.001521568830  -0.000088811383   0.000531998380
    1    3  0.0000  0.0000  0.0150
 -0.000916725638   0.001590621360  -0.050930094584
 -0.000405555935  -0.001779984061   0.003654443450
 -0.001132592692   0.000875555602  -0.000301420418
  0.001331861054  -0.000785785415  -0.000320191997
 -0.001558540323  -0.001008569289   0.003649783305
 -0.001862143146   0.000967566069   0.001635068084
  0.001360748487  -0.000882634223   0.003346375896
  0.000064287865   0.000001108239  -0.000717176382
 -0.001142355891  -0.001429506930   0.000428830488
 -0.000424178144   0.000000099736  -0.000615492457
  0.000920944490   0.000344009760  -0.000095833421
  0.000186698568   0.000928098356  -0.001036872820
 -0.000295012540   0.000901135516  -0.000141635783
  0.001134254437   0.000183163744   0.000328753320
 -0.000913560150   0.001233890742   0.000644881554
 -0.000844632163  -0.000785472845  -0.000121217787
  0.000067825783  -0.000972754839   0.000668972061
 -0.000721249752  -0.000092794173   0.000323336386
 -0.000473102339  -0.001454076928  -0.000188453937
 -0.000046308883   0.000132097543  -0.001020946252
 -0.000013006598   0.001731638092   0.001622516931
 -0.001580494082   0.000118399634  -0.000629793794
  0.000254835513   0.000463796854   0.000393792149
  0.000404985957  -0.000935322792  -0.000706132858
  0.001190972431   0.000704896289   0.003341288745
 -0.011413090551   0.000322022465   0.008483322825
  0.008003886070  -0.012513383814   0.012774888036
  0.000082562629  -0.000588403032   0.003136304306
  0.000230613780   0.000180411101   0.001397111511
 -0.000035237699  -0.000244496693   0.002758055944
 -0.000384078918   0.000453813259   0.003826672592
  0.000437378916   0.001192004607  -0.000773569818
  0.000777113908  -0.000448920020   0.003217733879
 -0.000350306288   0.000891711097  -0.001646739656
  0.001047057407  -0.000102016711  -0.002204004896
  0.000389100870  -0.000212759899   0.000653224978
 -0.000725442411   0.000670992159  -0.001058362760
  0.000764867371  -0.000521940049  -0.001376579505
  0.000451152134   0.000125284940   0.001315319580
 -0.000305292043  -0.000515137444  -0.001843220791
  0.000289245855   0.000482392515   0.003743977986
  0.000241425670   0.000891342952  -0.001333817302
  0.000309957156   0.000105098994   0.000427474208
  0.000493449953   0.000680834893  -0.000784950933
  0.000175752841   0.000099288438   0.002676627373
  0.005283583940   0.008448980703   0.006300970879
 -0.000198944342   0.000424265597  -0.000327138268
  0.000261189159  -0.000500949764  -0.001359063511
 -0.000172202210   0.000167289306  -0.000534353988
 -0.000241699510   0.000463098360  -0.000682662548
