    2   36   12
  9.013  1.000
    1    1  0.0150  0.0000  0.0000
 -0.080935071584   0.084798825743   0.000414401880
  0.010830105606  -0.021816485373  -0.002578946105
  0.010828630663  -0.021523974725   0.002356485161
 -0.001533312685  -0.000019946399  -0.003146865201
  0.001286078569   0.002602775971  -0.001586806151
 -0.001060962150  -0.001927766715  -0.000367371953
 -0.001535336700   0.000143541591   0.003055108880
 -0.001061970494  -0.001919076805   0.000359091273
  0.001285978431   0.002382058698   0.001546086064
  0.008656024331   0.000331176231  -0.011085441665
  0.000503686699   0.000757216302  -0.001679185186
  0.001530190288  -0.003605272279  -0.001543229001
 -0.000077676926   0.001009805800   0.000008715150
  0.001806486756   0.000607676775  -0.000152234911
  0.001709385801   0.000552940379   0.000129977646
  0.008740759607   0.000603174311   0.011293226778
  0.001429418145  -0.003401484551   0.001530442315
  0.000219632099   0.000817717130   0.001599249758
  0.014131065175  -0.022239242545  -0.017138429434
  0.000399586353  -0.001723617057   0.000028388663
  0.013932903848  -0.022132515195   0.017072893344
  0.001389803556   0.001005931320   0.002899808619
  0.000950260688   0.000602157764  -0.000400482587
 -0.000243462490   0.000059009212   0.000020379752
 -0.000258602676   0.000053384564  -0.000019945152
  0.000932195599   0.000586116600   0.000396920010
  0.001537318528   0.001068520415  -0.002958242832
  0.000068146247   0.000931988866   0.000097958885
  0.000819560211   0.000656962474  -0.000054715885
  0.000843334235  -0.000655502098   0.001836059999
  0.000291854864   0.000093228974  -0.000024143373
  0.000437839526   0.000260751862   0.000000532294
  0.000337625054   0.000114574200   0.000026930588
  0.000920916320  -0.000585486394  -0.001828182688
  0.000801743122   0.000568989309   0.000053561791
  0.000085865385   0.000941845645  -0.000161996728
    1    2  0.0000  0.0150  0.0000
  0.084733241998  -0.198499850291  -0.000078934753
 -0.021539221771   0.044959041909   0.004059626108
 -0.021825928769   0.044956420937  -0.004177125998
  0.000190693849   0.000172008986   0.001017057731
  0.002443383057   0.001582350577  -0.003240937472
 -0.001963894962   0.004229314141   0.000457663183
  0.000030056892   0.000169936000  -0.001055620619
 -0.001970985059   0.004230981850  -0.000461391336
  0.002660656494   0.001585573178   0.003149530090
  0.000367359258   0.002491916362  -0.002781795068
  0.000772376377  -0.007034637565   0.008185418700
 -0.003605666703   0.002467144331   0.000897594035
  0.000903748235   0.000506398000  -0.000018017236
  0.000572525129   0.000297980318  -0.000630203580
  0.000519167030   0.000362328278   0.000643167856
  0.000645979552   0.002483449550   0.003019914780
 -0.003400353791   0.001888885755  -0.000835205837
  0.000831900410  -0.007375194464  -0.008167657687
 -0.021704248276   0.046573182882   0.034208390456
 -0.000418974296   0.001311028757   0.000015367833
 -0.021418381956   0.046748820243  -0.034160307505
 -0.000114939634   0.001214993395   0.000871665428
  0.000776929951   0.000778327814   0.000095639783
  0.000250870308   0.000513824726  -0.000213276030
  0.000277592914   0.000543278497   0.000208486612
  0.000746755236   0.000761333369  -0.000085209015
 -0.000059299362   0.001236206555  -0.000879217422
  0.002124250431  -0.000408827196  -0.000887037741
 -0.002309228257   0.001217600958   0.000676122798
  0.000718874498  -0.000551771681  -0.001099019180
 -0.000313258205   0.000079172951   0.000180057384
  0.000914507505   0.000078828215  -0.000015670022
 -0.000358734195   0.000094079676  -0.000166422891
  0.000625658741  -0.000618354714   0.001025763879
 -0.002302143223   0.001278718240  -0.000589222629
  0.002198730595  -0.000324490538   0.000830805364
    1    3  0.0000  0.0000  0.0150
  0.000424772849  -0.000132081609  -0.170393647336
  0.002404693602  -0.004216157817  -0.004072206851
 -0.002658364268   0.004145652256  -0.004086268627
  0.003029423109  -0.001062455209  -0.002030686795
  0.001533005444   0.003111365169  -0.002641582875
  0.000343683416  -0.000489872411   0.000191853234
 -0.003119061106   0.001034491959  -0.002029489588
 -0.000354855128   0.000472237890   0.000192610358
 -0.001557591363  -0.003192603808  -0.002655675666
 -0.011107097366  -0.002778115542   0.026764031041
 -0.001692049447   0.008209516147   0.002207433014
 -0.001556704090   0.000858572162   0.000873218467
  0.000005720881  -0.000014888701   0.000216223519
 -0.000166133406  -0.000654846966   0.001379413876
  0.000145362435   0.000669914108   0.001351606288
  0.011321342701   0.002970860724   0.027014857066
  0.001541720267  -0.000789129517   0.001006809925
  0.001603558684  -0.008150995846   0.001848811747
 -0.020374516578   0.040270984422   0.056570750061
 -0.000034828245  -0.000031650976  -0.001699569776
  0.020130729055  -0.040291855424   0.056476173762
 -0.001450290552  -0.000551647987   0.002008419929
  0.000327660650  -0.000479088596   0.000757515584
 -0.000310304421   0.000344346625   0.000576114232
  0.000316833072  -0.000346872991   0.000564456987
 -0.000307419401   0.000501213715   0.000770669119
  0.001451516959   0.000553745357   0.001988498992
 -0.004761272608  -0.001580929573   0.004939971065
  0.001074572250  -0.000429067661  -0.000446226672
 -0.000152143813  -0.000098298561  -0.000644071112
 -0.000216531542  -0.000159077705  -0.000205793532
  0.000001021039  -0.000007478887  -0.000265634537
  0.000244842455   0.000188857966  -0.000197684809
  0.000263862108   0.000201207734  -0.000546876249
 -0.001008044420   0.000425799125  -0.000430232072
  0.004662886778   0.001498350429   0.004646208234
   10    1  0.0150  0.0000  0.0000
  0.008638957031   0.000348570921  -0.011127476638
  0.001523086330  -0.003642767659  -0.001554790397
  0.000502638486   0.000767801726  -0.001677435809
  0.008713223186   0.000625340761   0.011316564473
  0.000216386067   0.000809773170   0.001629827478
  0.001420435270  -0.003433106763   0.001566726782
  0.000019957597   0.001006791370   0.000034772098
  0.001729706279   0.000585744902   0.000172125484
  0.001830197224   0.000646104737  -0.000150915074
 -0.080910732979   0.084801623799   0.000460601862
  0.010814997865  -0.021499557851   0.002423021198
  0.010825834026  -0.021799837470  -0.002647884306
 -0.001567524667   0.000155286373   0.003031786784
  0.001249524169   0.002392423119   0.001528263314
 -0.001013879959  -0.001949083416   0.000337996446
 -0.001551328227  -0.000019829456  -0.003104895374
 -0.001017986611  -0.001947716118  -0.000354095910
  0.001250541646   0.002621261456  -0.001566435712
  0.000814284567  -0.000617189670   0.001798617945
  0.000833499528   0.000637115642  -0.000081127645
  0.000077938680   0.000908716769   0.000090645141
  0.000102936413   0.000933258048  -0.000198164667
  0.000822796671   0.000550479655   0.000053557897
  0.000898843260  -0.000551455226  -0.001830040070
  0.000349282511   0.000101973417   0.000031200337
  0.000426118489   0.000285366506  -0.000008162620
  0.000295249981   0.000078450941  -0.000047849035
  0.013934075235  -0.022174434201   0.017091768257
  0.000389637393  -0.001654523466   0.000026094256
  0.014166396121  -0.022305857150  -0.017180447605
  0.001514333006   0.001053157345  -0.002941585601
  0.000934472265   0.000585130451   0.000401773371
 -0.000286540093   0.000051055692  -0.000031540428
 -0.000271528391   0.000071271357   0.000024961899
  0.000954926761   0.000588869907  -0.000406892456
  0.001369244870   0.000989790383   0.002889434326
   10    2  0.0000  0.0150  0.0000
  0.000370518284   0.002491304316  -0.002786455579
 -0.003605236633   0.002468302258   0.000896669117
  0.000773246490  -0.007033340630   0.008190959076
  0.000640958092   0.002483672507   0.003014662081
  0.000830862312  -0.007377843759  -0.008164723352
 -0.003402361628   0.001888405336  -0.000836144471
  0.000903837262   0.000505752188  -0.000012198527
  0.000516131749   0.000363100423   0.000645221199
  0.000575900904   0.000298005520  -0.000627469533
  0.084783582655  -0.198574123138  -0.000023690824
 -0.021826173032   0.044947709743  -0.004184211921
 -0.021529288186   0.044949124141   0.004062537766
  0.000021867061   0.000169697585  -0.001057777456
  0.002668317324   0.001584843799   0.003148855452
 -0.001972847353   0.004228155492  -0.000463713819
  0.000199794139   0.000171370649   0.001014285983
 -0.001961977811   0.004230693107   0.000455297271
  0.002433203854   0.001581758907  -0.003240983672
  0.000722663628  -0.000552675534  -0.001100984686
 -0.002310031293   0.001219515837   0.000675150106
  0.002125381953  -0.000407904495  -0.000888277504
  0.002198141592  -0.000327393311   0.000825049781
 -0.002302265013   0.001277895078  -0.000587696580
  0.000622558783  -0.000617192484   0.001024458196
 -0.000359530177   0.000094480162  -0.000164077957
  0.000914694843   0.000079281268  -0.000015100872
 -0.000313031019   0.000078178886   0.000181894287
 -0.021450010978   0.046821064256  -0.034226530443
 -0.000417580998   0.001307614884   0.000015087706
 -0.021732659265   0.046600913467   0.034236811637
 -0.000055831078   0.001237565703  -0.000880247930
  0.000744193425   0.000758663817  -0.000086194003
  0.000275901159   0.000544569114   0.000208780796
  0.000251977260   0.000512565261  -0.000212884616
  0.000778379057   0.000779342141   0.000094504935
 -0.000113287360   0.001216927505   0.000869138353
   10    3  0.0000  0.0000  0.0150
 -0.011108948132  -0.002774777145   0.026765039959
 -0.001555024260   0.000857161090   0.000872813912
 -0.001691658500   0.008206134636   0.002207811700
  0.011324964229   0.002974206844   0.027016289394
  0.001602850656  -0.008151292556   0.001847880287
  0.001542025965  -0.000789724629   0.001006478093
  0.000006317390  -0.000015778566   0.000215108727
  0.000144890159   0.000669129902   0.001350227748
 -0.000167460925  -0.000654589773   0.001378315872
  0.000447537879  -0.000087292558  -0.170463944752
 -0.002660776101   0.004148387639  -0.004083398676
  0.002407857334  -0.004224702289  -0.004068277198
 -0.003119314998   0.001031244192  -0.002030370819
 -0.001560176333  -0.003191425361  -0.002656726765
 -0.000354363804   0.000472168561   0.000190704257
  0.003028092490  -0.001063528674  -0.002032144172
  0.000344774180  -0.000489199094   0.000189967398
  0.001530987661   0.003109815631  -0.002642589663
 -0.000153189577  -0.000099002187  -0.000642488763
  0.001074140364  -0.000427568992  -0.000445312374
 -0.004759388353  -0.001580089009   0.004939786148
  0.004660753961   0.001497082987   0.004641235869
 -0.001007249139   0.000424973964  -0.000430796142
  0.000261264657   0.000201298648  -0.000545236629
  0.000244820655   0.000189579757  -0.000198712821
  0.000000855903  -0.000007715272  -0.000265354619
 -0.000215994309  -0.000159301879  -0.000206352915
  0.020152321481  -0.040365351744   0.056520928964
 -0.000034975841  -0.000031608702  -0.001695231594
 -0.020410691457   0.040309965914   0.056586123281
  0.001448075930   0.000552396839   0.001988231210
 -0.000305831390   0.000502516144   0.000773933593
  0.000317779928  -0.000347296431   0.000566812403
 -0.000310653136   0.000344791983   0.000578748133
  0.000328449617  -0.000479383521   0.000760225551
 -0.001453064186  -0.000551226348   0.002010275402
   19    1  0.0150  0.0000  0.0000
  0.014184281885  -0.021684394007  -0.020332746920
  0.014006064413  -0.021408874493   0.020100905520
  0.000386418127  -0.000312284030  -0.000037915001
 -0.000283517052   0.000286028554   0.000377079631
  0.001479017588  -0.000153278540   0.001498556302
  0.000923282412   0.000705814940  -0.000314094504
  0.001331329757  -0.000205256083  -0.001504402618
 -0.000289416091   0.000255230327  -0.000339124915
  0.000952901967   0.000732885279   0.000307893524
  0.000796076098   0.000733213637  -0.000197397982
  0.000068195224   0.002113420763  -0.004731963366
  0.000838012491  -0.002339186872   0.001087689670
  0.000367493528  -0.000332368134   0.000285661251
  0.000321083063  -0.000280440190  -0.000199834759
  0.000434465785   0.000926431956   0.000012674229
  0.000087099447   0.002179510005   0.004670994590
  0.000872017093   0.000637357735   0.000262859844
  0.000815517821  -0.002326543291  -0.000977440778
 -0.041331489082   0.043686104946   0.000183625638
  0.000624819430  -0.002471220648   0.001363870906
  0.000623118368  -0.002416623666  -0.001358865911
  0.001234033551  -0.000526920189  -0.000620524366
  0.000005592956   0.001155786393  -0.000812740235
 -0.000180348345  -0.000103044849  -0.000090221077
  0.001222407103  -0.000519101117   0.000621925056
 -0.000171184719  -0.000119890945   0.000084232735
  0.000005380006   0.001166368255   0.000818323120
 -0.000289522600  -0.000005207839  -0.000148697124
  0.001011280223  -0.000034514120  -0.000719922778
 -0.000436561093   0.000289283857   0.000232993425
  0.000066996192   0.000252550153  -0.000015086716
 -0.000007422213  -0.000079971961  -0.000045599377
 -0.000002397564  -0.000073137191   0.000024072831
 -0.000305899587   0.000020682822   0.000138586305
 -0.000391518444   0.000272463354  -0.000254369062
  0.001032392262  -0.000020874812   0.000629002912
   19    2  0.0000  0.0150  0.0000
 -0.022278345348   0.046661833400   0.040234504622
 -0.022173879092   0.046841640364  -0.040245747246
 -0.001649738560   0.001226653584  -0.000010816871
  0.000040077046   0.000544053793  -0.000356153006
  0.001035030657   0.001246899757   0.000577791396
  0.000580923928   0.000683591640   0.000532376051
  0.000972140525   0.001226009877  -0.000579516621
  0.000045965280   0.000514429719   0.000352534459
  0.000597064254   0.000700238881  -0.000522258057
 -0.000630995174  -0.000570957466  -0.000084759650
  0.000920957757  -0.000462327357  -0.001562343263
  0.000636743576   0.001271559543  -0.000450206702
  0.000111280939   0.000088187021   0.000189062418
  0.000090161174   0.000069510683  -0.000161789894
  0.000306226784   0.000130886695  -0.000005624246
  0.000927901729  -0.000382755968   0.001485950231
 -0.000560031370  -0.000638679033   0.000185724768
  0.000546057514   0.001334655171   0.000441688016
  0.043689530012  -0.112268203538  -0.000017771401
 -0.002413782328   0.004065503965  -0.002773080798
 -0.002480631222   0.004064977451   0.002779143622
 -0.000521173322  -0.000008055641   0.000118335635
  0.001173586443   0.001463148078  -0.000975765524
 -0.000119451442   0.000335772505  -0.000103741190
 -0.000520648434  -0.000006827107  -0.000120452293
 -0.000121462948   0.000335626164   0.000104902981
  0.001174109758   0.001462338182   0.000987653945
  0.000028747130   0.000329906243  -0.000863381138
 -0.000042645741  -0.000286098522   0.000391531376
  0.000262415890   0.000030919059   0.000028240906
  0.000262246137   0.000119522204  -0.000000389203
 -0.000076038756  -0.000097444701   0.000019839776
 -0.000068308203  -0.000102447945  -0.000024429316
  0.000015417568   0.000312980844   0.000819148393
  0.000276271676   0.000048780333  -0.000021528981
 -0.000035723837  -0.000285827877  -0.000368673196
   19    3  0.0000  0.0000  0.0150
 -0.017173439661   0.034269068238   0.056692609788
  0.017085391409  -0.034191117061   0.056560294464
  0.000044583297  -0.000019619110  -0.001614949563
 -0.000056103322   0.000208975402   0.000601073747
 -0.002962536546  -0.000854643131   0.002028324647
  0.000412415600  -0.000126682873   0.000822374985
  0.002901884191   0.000856595883   0.002049390447
  0.000052939902  -0.000212509946   0.000624537237
 -0.000411629609   0.000127758775   0.000800077871
  0.001812176317  -0.001066496824  -0.000640215903
  0.000124512956  -0.000860677443   0.004941631064
 -0.000069461584   0.000633797108  -0.000427561834
  0.000050871922  -0.000140449421  -0.000196057502
 -0.000056890327   0.000158976457  -0.000204809499
  0.000012610583  -0.000014594314  -0.000261863462
 -0.000190583053   0.000792487003   0.004626583005
 -0.001783732632   0.000986004026  -0.000524211576
  0.000049726188  -0.000523049513  -0.000408133519
  0.000196675742  -0.000075348241  -0.123633490826
 -0.001351486774   0.002774424403  -0.000536274367
  0.001335043673  -0.002728031399  -0.000503449234
  0.000597293274  -0.000124324346  -0.000444267814
  0.000810380078   0.000971825829  -0.000766624044
  0.000079431603   0.000101450131  -0.000368506520
 -0.000593067006   0.000120635784  -0.000444962546
 -0.000081749037  -0.000101095149  -0.000367691407
 -0.000791277752  -0.000943415788  -0.000756892358
 -0.000124950279  -0.000871317453   0.001295603746
 -0.000688427999   0.000381336051   0.000309211035
  0.000237837798   0.000053993829  -0.000100641143
 -0.000002006215  -0.000002266419  -0.000206162655
 -0.000029817222   0.000025219088  -0.000186312824
  0.000027234066  -0.000025739328  -0.000184872794
  0.000149801333   0.000801108212   0.001297048447
 -0.000250157828  -0.000011936972  -0.000127658725
  0.000636506915  -0.000370341485   0.000256849634
   28    1  0.0150  0.0000  0.0000
  0.000069816305   0.002107678972  -0.004743947918
  0.000791188415   0.000733117340  -0.000133593062
  0.000833157390  -0.002333739688   0.001087905005
  0.000867734200   0.000637020382   0.000253867522
  0.000088793195   0.002183931432   0.004642240123
  0.000819235716  -0.002326886988  -0.000996941800
  0.000320255300  -0.000286219285  -0.000229053798
  0.000368705710  -0.000328021991   0.000262315554
  0.000430080520   0.000929194419   0.000003747551
  0.013998144272  -0.021417872636   0.020119586613
  0.014225171960  -0.021710983809  -0.020386771937
  0.000384761700  -0.000312196380  -0.000042303402
 -0.000279687239   0.000261526775  -0.000344316109
  0.001315630123  -0.000209834937  -0.001511424779
  0.000948762757   0.000730406198   0.000308474438
  0.001467489509  -0.000149030556   0.001481846668
 -0.000305962073   0.000281497302   0.000352132808
  0.000934498978   0.000698269843  -0.000297134297
 -0.000308873647   0.000034586431  -0.000170200956
 -0.000425268010   0.000266131261   0.000250240140
  0.001017442739  -0.000045580664  -0.000692521133
 -0.000311613805   0.000016680773   0.000150486319
  0.001013062151  -0.000025095884   0.000643167855
 -0.000400986569   0.000267728691  -0.000247720579
  0.000081985178   0.000262015971   0.000002210419
  0.000001566077  -0.000067579460   0.000028845403
  0.000000878767  -0.000077273886  -0.000032436709
 -0.041297031518   0.043715066274   0.000228845270
  0.000626398256  -0.002419805763  -0.001354739289
  0.000621484792  -0.002473404393   0.001366854631
  0.001223668712  -0.000519284682   0.000614524138
 -0.000003176099   0.001169781452   0.000812768224
 -0.000172481550  -0.000120791597   0.000076083605
  0.001224576655  -0.000522206702  -0.000610144466
 -0.000169179325  -0.000127864934  -0.000081857570
 -0.000000229542   0.001179040719  -0.000811034480
   28    2  0.0000  0.0150  0.0000
  0.000922178611  -0.000464044452  -0.001563934024
 -0.000630283190  -0.000575304610  -0.000083734873
  0.000637937425   0.001268038870  -0.000451768449
 -0.000558383049  -0.000641334245   0.000184766137
  0.000929667297  -0.000387009088   0.001487051660
  0.000548169306   0.001331538988   0.000441351892
  0.000091561803   0.000066613310  -0.000162510251
  0.000112512138   0.000084929792   0.000188179031
  0.000307910395   0.000127557559  -0.000006252028
 -0.022195229553   0.046902738775  -0.040311913731
 -0.022315445690   0.046691806517   0.040268443404
 -0.001647158838   0.001220688521  -0.000011227792
  0.000047667050   0.000511026431   0.000353207574
  0.000973593941   0.001222900354  -0.000579004696
  0.000598969956   0.000698921087  -0.000522539194
  0.001038604017   0.001243998796   0.000577665714
  0.000040629602   0.000540379339  -0.000356101075
  0.000582313330   0.000679099863   0.000533041734
  0.000029813035   0.000327783943  -0.000865242663
  0.000264818437   0.000027553026   0.000027684876
 -0.000041071330  -0.000288970141   0.000392733271
  0.000016548452   0.000309227426   0.000818647856
 -0.000034962465  -0.000289578196  -0.000369944467
  0.000276949271   0.000045291209  -0.000021706115
  0.000263687976   0.000116390881  -0.000000185396
 -0.000067123014  -0.000105612327  -0.000024246509
 -0.000074765263  -0.000100723250   0.000020469139
  0.043703877828  -0.112254282587   0.000019678795
 -0.002480825243   0.004063267645   0.002781287450
 -0.002412508406   0.004063673803  -0.002776982631
 -0.000522165951  -0.000011325657  -0.000120387352
  0.001174823309   0.001460246955   0.000987931823
 -0.000119991347   0.000332634478   0.000105705898
 -0.000518780707  -0.000010350889   0.000119494316
 -0.000118184139   0.000332602709  -0.000103396928
  0.001174645006   0.001459625163  -0.000976262397
   28    3  0.0000  0.0000  0.0150
  0.000125636178  -0.000861176404   0.004939581653
  0.001810663399  -0.001064766569  -0.000640538560
 -0.000070172330   0.000631076079  -0.000426118091
 -0.001782686495   0.000983788358  -0.000524092818
 -0.000190353429   0.000792865611   0.004628800414
  0.000049896602  -0.000521852319  -0.000407468656
 -0.000058531767   0.000157989076  -0.000205786387
  0.000052193555  -0.000140311468  -0.000197495409
  0.000012552889  -0.000015361390  -0.000263419377
  0.017094456464  -0.034245281668   0.056599130355
 -0.017201198541   0.034285933470   0.056706394897
  0.000043907726  -0.000018680148  -0.001608717250
  0.000054380660  -0.000213610565   0.000627744006
  0.002905570966   0.000855971227   0.002052189834
 -0.000411501029   0.000130518752   0.000804454137
 -0.002962174529  -0.000854651960   0.002028208167
 -0.000058545228   0.000209950134   0.000604611286
  0.000412072313  -0.000128965860   0.000825586272
 -0.000125242440  -0.000872182116   0.001296171323
  0.000237467146   0.000054162555  -0.000100915574
 -0.000688401710   0.000379135198   0.000309470927
  0.000149753998   0.000800184799   0.001296843089
  0.000636017975  -0.000369347474   0.000257284518
 -0.000249256282  -0.000013160220  -0.000127869596
 -0.000002070003  -0.000002822621  -0.000206257579
  0.000027039100  -0.000025813462  -0.000185507612
 -0.000030066956   0.000024629408  -0.000186800012
  0.000216091259  -0.000022066110  -0.123688595282
  0.001337604271  -0.002734205747  -0.000508132406
 -0.001353778285   0.002776172968  -0.000538701331
 -0.000594330545   0.000120710469  -0.000446972060
 -0.000792737615  -0.000945534407  -0.000760163263
 -0.000082221863  -0.000101348236  -0.000368341979
  0.000598536008  -0.000125404944  -0.000446799641
  0.000079035007   0.000101254803  -0.000369093989
  0.000810393531   0.000972200781  -0.000768684004
