Automatically generated mesh
     217
Reciprocal lattice
    0.00000000000000    0.00000000000000    0.00000000000000             1
    0.02083333333334    0.00000000000000    0.00000000000000             6
    0.04166666666667    0.00000000000000    0.00000000000000             6
    0.06250000000000    0.00000000000000    0.00000000000000             6
    0.08333333333334    0.00000000000000    0.00000000000000             6
    0.10416666666667    0.00000000000000    0.00000000000000             6
    0.12500000000000    0.00000000000000    0.00000000000000             6
    0.14583333333334    0.00000000000000    0.00000000000000             6
    0.16666666666667    0.00000000000000    0.00000000000000             6
    0.18750000000000    0.00000000000000    0.00000000000000             6
    0.20833333333334    0.00000000000000    0.00000000000000             6
    0.22916666666667    0.00000000000000    0.00000000000000             6
    0.25000000000000    0.00000000000000    0.00000000000000             6
    0.27083333333334    0.00000000000000    0.00000000000000             6
    0.29166666666667    0.00000000000000    0.00000000000000             6
    0.31250000000000    0.00000000000000    0.00000000000000             6
    0.33333333333334    0.00000000000000    0.00000000000000             6
    0.35416666666667    0.00000000000000    0.00000000000000             6
    0.37500000000000    0.00000000000000    0.00000000000000             6
    0.39583333333334    0.00000000000000    0.00000000000000             6
    0.41666666666667    0.00000000000000    0.00000000000000             6
    0.43750000000000    0.00000000000000    0.00000000000000             6
    0.45833333333334    0.00000000000000    0.00000000000000             6
    0.47916666666667    0.00000000000000    0.00000000000000             6
    0.50000000000000    0.00000000000000    0.00000000000000             3
    0.02083333333334    0.02083333333334    0.00000000000000             6
    0.04166666666667    0.02083333333334    0.00000000000000            12
    0.06250000000000    0.02083333333334    0.00000000000000            12
    0.08333333333334    0.02083333333334    0.00000000000000            12
    0.10416666666667    0.02083333333334    0.00000000000000            12
    0.12500000000000    0.02083333333334    0.00000000000000            12
    0.14583333333334    0.02083333333334    0.00000000000000            12
    0.16666666666667    0.02083333333334    0.00000000000000            12
    0.18750000000000    0.02083333333334    0.00000000000000            12
    0.20833333333334    0.02083333333334    0.00000000000000            12
    0.22916666666667    0.02083333333334    0.00000000000000            12
    0.25000000000000    0.02083333333334    0.00000000000000            12
    0.27083333333334    0.02083333333334    0.00000000000000            12
    0.29166666666667    0.02083333333334    0.00000000000000            12
    0.31250000000000    0.02083333333334    0.00000000000000            12
    0.33333333333334    0.02083333333334    0.00000000000000            12
    0.35416666666667    0.02083333333334    0.00000000000000            12
    0.37500000000000    0.02083333333334    0.00000000000000            12
    0.39583333333334    0.02083333333334    0.00000000000000            12
    0.41666666666667    0.02083333333334    0.00000000000000            12
    0.43750000000000    0.02083333333334    0.00000000000000            12
    0.45833333333334    0.02083333333334    0.00000000000000            12
    0.47916666666667    0.02083333333334    0.00000000000000            12
    0.04166666666667    0.04166666666667    0.00000000000000             6
    0.06250000000000    0.04166666666667    0.00000000000000            12
    0.08333333333334    0.04166666666667    0.00000000000000            12
    0.10416666666667    0.04166666666667    0.00000000000000            12
    0.12500000000000    0.04166666666667    0.00000000000000            12
    0.14583333333334    0.04166666666667    0.00000000000000            12
    0.16666666666667    0.04166666666667    0.00000000000000            12
    0.18750000000000    0.04166666666667    0.00000000000000            12
    0.20833333333334    0.04166666666667    0.00000000000000            12
    0.22916666666667    0.04166666666667    0.00000000000000            12
    0.25000000000000    0.04166666666667    0.00000000000000            12
    0.27083333333334    0.04166666666667    0.00000000000000            12
    0.29166666666667    0.04166666666667    0.00000000000000            12
    0.31250000000000    0.04166666666667    0.00000000000000            12
    0.33333333333334    0.04166666666667    0.00000000000000            12
    0.35416666666667    0.04166666666667    0.00000000000000            12
    0.37500000000000    0.04166666666667    0.00000000000000            12
    0.39583333333334    0.04166666666667    0.00000000000000            12
    0.41666666666667    0.04166666666667    0.00000000000000            12
    0.43750000000000    0.04166666666667    0.00000000000000            12
    0.45833333333334    0.04166666666667    0.00000000000000            12
    0.47916666666667    0.04166666666667    0.00000000000000             6
    0.06250000000000    0.06250000000000    0.00000000000000             6
    0.08333333333334    0.06250000000000    0.00000000000000            12
    0.10416666666667    0.06250000000000    0.00000000000000            12
    0.12500000000000    0.06250000000000    0.00000000000000            12
    0.14583333333334    0.06250000000000    0.00000000000000            12
    0.16666666666667    0.06250000000000    0.00000000000000            12
    0.18750000000000    0.06250000000000    0.00000000000000            12
    0.20833333333334    0.06250000000000    0.00000000000000            12
    0.22916666666667    0.06250000000000    0.00000000000000            12
    0.25000000000000    0.06250000000000    0.00000000000000            12
    0.27083333333334    0.06250000000000    0.00000000000000            12
    0.29166666666667    0.06250000000000    0.00000000000000            12
    0.31250000000000    0.06250000000000    0.00000000000000            12
    0.33333333333334    0.06250000000000    0.00000000000000            12
    0.35416666666667    0.06250000000000    0.00000000000000            12
    0.37500000000000    0.06250000000000    0.00000000000000            12
    0.39583333333334    0.06250000000000    0.00000000000000            12
    0.41666666666667    0.06250000000000    0.00000000000000            12
    0.43750000000000    0.06250000000000    0.00000000000000            12
    0.45833333333334    0.06250000000000    0.00000000000000            12
    0.08333333333334    0.08333333333334    0.00000000000000             6
    0.10416666666667    0.08333333333334    0.00000000000000            12
    0.12500000000000    0.08333333333334    0.00000000000000            12
    0.14583333333334    0.08333333333334    0.00000000000000            12
    0.16666666666667    0.08333333333334    0.00000000000000            12
    0.18750000000000    0.08333333333334    0.00000000000000            12
    0.20833333333334    0.08333333333334    0.00000000000000            12
    0.22916666666667    0.08333333333334    0.00000000000000            12
    0.25000000000000    0.08333333333334    0.00000000000000            12
    0.27083333333334    0.08333333333334    0.00000000000000            12
    0.29166666666667    0.08333333333334    0.00000000000000            12
    0.31250000000000    0.08333333333334    0.00000000000000            12
    0.33333333333334    0.08333333333334    0.00000000000000            12
    0.35416666666667    0.08333333333334    0.00000000000000            12
    0.37500000000000    0.08333333333334    0.00000000000000            12
    0.39583333333334    0.08333333333334    0.00000000000000            12
    0.41666666666667    0.08333333333334    0.00000000000000            12
    0.43750000000000    0.08333333333334    0.00000000000000            12
    0.45833333333334    0.08333333333334    0.00000000000000             6
    0.10416666666667    0.10416666666667    0.00000000000000             6
    0.12500000000000    0.10416666666667    0.00000000000000            12
    0.14583333333334    0.10416666666667    0.00000000000000            12
    0.16666666666667    0.10416666666667    0.00000000000000            12
    0.18750000000000    0.10416666666667    0.00000000000000            12
    0.20833333333334    0.10416666666667    0.00000000000000            12
    0.22916666666667    0.10416666666667    0.00000000000000            12
    0.25000000000000    0.10416666666667    0.00000000000000            12
    0.27083333333334    0.10416666666667    0.00000000000000            12
    0.29166666666667    0.10416666666667    0.00000000000000            12
    0.31250000000000    0.10416666666667    0.00000000000000            12
    0.33333333333334    0.10416666666667    0.00000000000000            12
    0.35416666666667    0.10416666666667    0.00000000000000            12
    0.37500000000000    0.10416666666667    0.00000000000000            12
    0.39583333333334    0.10416666666667    0.00000000000000            12
    0.41666666666667    0.10416666666667    0.00000000000000            12
    0.43750000000000    0.10416666666667    0.00000000000000            12
    0.12500000000000    0.12500000000000    0.00000000000000             6
    0.14583333333334    0.12500000000000    0.00000000000000            12
    0.16666666666667    0.12500000000000    0.00000000000000            12
    0.18750000000000    0.12500000000000    0.00000000000000            12
    0.20833333333334    0.12500000000000    0.00000000000000            12
    0.22916666666667    0.12500000000000    0.00000000000000            12
    0.25000000000000    0.12500000000000    0.00000000000000            12
    0.27083333333334    0.12500000000000    0.00000000000000            12
    0.29166666666667    0.12500000000000    0.00000000000000            12
    0.31250000000000    0.12500000000000    0.00000000000000            12
    0.33333333333334    0.12500000000000    0.00000000000000            12
    0.35416666666667    0.12500000000000    0.00000000000000            12
    0.37500000000000    0.12500000000000    0.00000000000000            12
    0.39583333333334    0.12500000000000    0.00000000000000            12
    0.41666666666667    0.12500000000000    0.00000000000000            12
    0.43750000000000    0.12500000000000    0.00000000000000             6
    0.14583333333334    0.14583333333334    0.00000000000000             6
    0.16666666666667    0.14583333333334    0.00000000000000            12
    0.18750000000000    0.14583333333334    0.00000000000000            12
    0.20833333333334    0.14583333333334    0.00000000000000            12
    0.22916666666667    0.14583333333334    0.00000000000000            12
    0.25000000000000    0.14583333333334    0.00000000000000            12
    0.27083333333334    0.14583333333334    0.00000000000000            12
    0.29166666666667    0.14583333333334    0.00000000000000            12
    0.31250000000000    0.14583333333334    0.00000000000000            12
    0.33333333333334    0.14583333333334    0.00000000000000            12
    0.35416666666667    0.14583333333334    0.00000000000000            12
    0.37500000000000    0.14583333333334    0.00000000000000            12
    0.39583333333334    0.14583333333334    0.00000000000000            12
    0.41666666666667    0.14583333333334    0.00000000000000            12
    0.16666666666667    0.16666666666667    0.00000000000000             6
    0.18750000000000    0.16666666666667    0.00000000000000            12
    0.20833333333334    0.16666666666667    0.00000000000000            12
    0.22916666666667    0.16666666666667    0.00000000000000            12
    0.25000000000000    0.16666666666667    0.00000000000000            12
    0.27083333333334    0.16666666666667    0.00000000000000            12
    0.29166666666667    0.16666666666667    0.00000000000000            12
    0.31250000000000    0.16666666666667    0.00000000000000            12
    0.33333333333334    0.16666666666667    0.00000000000000            12
    0.35416666666667    0.16666666666667    0.00000000000000            12
    0.37500000000000    0.16666666666667    0.00000000000000            12
    0.39583333333334    0.16666666666667    0.00000000000000            12
    0.41666666666667    0.16666666666667    0.00000000000000             6
    0.18750000000000    0.18750000000000    0.00000000000000             6
    0.20833333333334    0.18750000000000    0.00000000000000            12
    0.22916666666667    0.18750000000000    0.00000000000000            12
    0.25000000000000    0.18750000000000    0.00000000000000            12
    0.27083333333334    0.18750000000000    0.00000000000000            12
    0.29166666666667    0.18750000000000    0.00000000000000            12
    0.31250000000000    0.18750000000000    0.00000000000000            12
    0.33333333333334    0.18750000000000    0.00000000000000            12
    0.35416666666667    0.18750000000000    0.00000000000000            12
    0.37500000000000    0.18750000000000    0.00000000000000            12
    0.39583333333334    0.18750000000000    0.00000000000000            12
    0.20833333333334    0.20833333333334    0.00000000000000             6
    0.22916666666667    0.20833333333334    0.00000000000000            12
    0.25000000000000    0.20833333333334    0.00000000000000            12
    0.27083333333334    0.20833333333334    0.00000000000000            12
    0.29166666666667    0.20833333333334    0.00000000000000            12
    0.31250000000000    0.20833333333334    0.00000000000000            12
    0.33333333333334    0.20833333333334    0.00000000000000            12
    0.35416666666667    0.20833333333334    0.00000000000000            12
    0.37500000000000    0.20833333333334    0.00000000000000            12
    0.39583333333334    0.20833333333334    0.00000000000000             6
    0.22916666666667    0.22916666666667    0.00000000000000             6
    0.25000000000000    0.22916666666667    0.00000000000000            12
    0.27083333333334    0.22916666666667    0.00000000000000            12
    0.29166666666667    0.22916666666667    0.00000000000000            12
    0.31250000000000    0.22916666666667    0.00000000000000            12
    0.33333333333334    0.22916666666667    0.00000000000000            12
    0.35416666666667    0.22916666666667    0.00000000000000            12
    0.37500000000000    0.22916666666667    0.00000000000000            12
    0.25000000000000    0.25000000000000    0.00000000000000             6
    0.27083333333334    0.25000000000000    0.00000000000000            12
    0.29166666666667    0.25000000000000    0.00000000000000            12
    0.31250000000000    0.25000000000000    0.00000000000000            12
    0.33333333333334    0.25000000000000    0.00000000000000            12
    0.35416666666667    0.25000000000000    0.00000000000000            12
    0.37500000000000    0.25000000000000    0.00000000000000             6
    0.27083333333334    0.27083333333334    0.00000000000000             6
    0.29166666666667    0.27083333333334    0.00000000000000            12
    0.31250000000000    0.27083333333334    0.00000000000000            12
    0.33333333333334    0.27083333333334    0.00000000000000            12
    0.35416666666667    0.27083333333334    0.00000000000000            12
    0.29166666666667    0.29166666666667    0.00000000000000             6
    0.31250000000000    0.29166666666667    0.00000000000000            12
    0.33333333333334    0.29166666666667    0.00000000000000            12
    0.35416666666667    0.29166666666667    0.00000000000000             6
    0.31250000000000    0.31250000000000    0.00000000000000             6
    0.33333333333334    0.31250000000000    0.00000000000000            12
    0.33333333333334    0.33333333333334    0.00000000000000             2
