    2   27    4
  9.013  1.000
    1    1  0.0150  0.0000  0.0000
 -0.053008797452  -0.091998562103   0.000000000000
  0.000522904541   0.003890073875   0.000000000000
  0.000526588555   0.003884639783   0.000000000000
 -0.003375411212  -0.000152926791   0.000000000000
  0.015132571487   0.018785181986   0.000000000000
 -0.009128674387   0.002278735616   0.000000000000
 -0.003383397844  -0.000153442981   0.000000000000
 -0.009127721718   0.002277944030   0.000000000000
  0.015132566101   0.018780697722   0.000000000000
  0.001010096733   0.000192878002  -0.001004253565
  0.005576392940   0.011522420842  -0.008247354264
  0.001783951940  -0.000933939352  -0.000118853349
  0.003477304446  -0.001209705808  -0.000289152306
  0.003478306678  -0.001210323295   0.000287607352
 -0.000351330674   0.002055202572  -0.000002151250
  0.005580703394   0.011526754076   0.008248811446
  0.001015942651   0.000192918403   0.001005515353
  0.001783317857  -0.000932376009   0.000118120725
  0.001010096733   0.000192878002   0.001004253565
  0.005576392940   0.011522420842   0.008247354264
  0.001783951940  -0.000933939352   0.000118853349
  0.003477304446  -0.001209705808   0.000289152306
  0.003478306678  -0.001210323295  -0.000287607352
 -0.000351330674   0.002055202572   0.000002151250
  0.005580703394   0.011526754076  -0.008248811446
  0.001015942651   0.000192918403  -0.001005515353
  0.001783317857  -0.000932376009  -0.000118120725
    1    2  0.0000  0.0000  0.0150
 -0.000002742912   0.000001109138  -0.175380061442
  0.000000405464  -0.000002602197  -0.002892551763
  0.000000735684  -0.000003556697  -0.002892433712
  0.000003001088   0.000002045677  -0.002892433712
 -0.000003742105  -0.000002874799   0.000923601777
 -0.000002460567   0.000000994967   0.000580194688
  0.000002100230   0.000001588982  -0.002892551763
 -0.000002475476   0.000001000996   0.000580427672
 -0.000000692123   0.000004667846   0.000923601777
  0.002888844935  -0.001168147839   0.000663148876
 -0.012345140580  -0.030522336871   0.048080175834
  0.000449031315  -0.000082285061  -0.000079476739
  0.000380018839  -0.000252953821  -0.000079476739
 -0.000375649631   0.000255052170  -0.000073881424
  0.000002927275  -0.000001183688  -0.005217567257
  0.012340026358   0.030524404884   0.048080175834
 -0.002884165538   0.001166255655   0.000667836081
 -0.000447348653   0.000077739547  -0.000073881424
 -0.002885520055   0.001166803374   0.000669096639
  0.012337715670   0.030528850921   0.048082136028
 -0.000446618346   0.000076822797  -0.000073964099
 -0.000374487375   0.000255203634  -0.000073964099
  0.000380288968  -0.000253002277  -0.000079579999
 -0.000000347756   0.000000140620  -0.005214183982
 -0.012349892153  -0.030523927177   0.048082136028
  0.002886928243  -0.001167372796   0.000663056920
  0.000449259201  -0.000082437985  -0.000079579999
   10    1  0.0150  0.0000  0.0000
  0.000962933085   0.000223759232   0.002877602210
  0.001795623117  -0.002924470346   0.000467415086
  0.005621721450   0.011556486768  -0.012281338699
  0.005627703663   0.011561813941   0.012357854748
  0.001796255056  -0.002923920757  -0.000402318799
  0.000969538958   0.000222865228  -0.002893121393
  0.003419024027   0.000785478820   0.000392743663
 -0.000328199873   0.001935983000   0.000028628096
  0.003419653271   0.000785777085  -0.000328682530
 -0.011668813791  -0.032303406871  -0.000004419669
  0.001117642282  -0.001183462254  -0.000297357622
  0.001132434659  -0.001158489493   0.000276060767
  0.002037163328  -0.000220388943   0.000486787871
 -0.003287366360   0.005266755997   0.000195792091
 -0.001279768481   0.000614635135   0.000042804789
  0.002044727006  -0.000191539281  -0.000509098718
 -0.001268359790   0.000610033654  -0.000079807209
 -0.003289110832   0.005271005261  -0.000211299955
 -0.016647755970   0.003829589676  -0.000012998099
 -0.001687845911   0.000328532362   0.000007888338
 -0.001700272188   0.000303006319  -0.000031369307
 -0.001394362508   0.000623700364  -0.000106278367
  0.006570143408  -0.001606081357  -0.000183391798
  0.000441700514  -0.000200312895   0.000127830164
 -0.001401082732   0.000595807709   0.000081081752
  0.000429932994  -0.000195391875  -0.000165514824
  0.006566741617  -0.001607766478   0.000164507414
   10    2  0.0000  0.0000  0.0150
 -0.000958200630   0.000387462817   0.000689106983
 -0.000104058422   0.000281590119  -0.000065782652
 -0.008238723018  -0.020337914991   0.048126040889
  0.008213314372   0.020348189359   0.048126040889
  0.000111733631  -0.000269742277  -0.000057741521
  0.000978026614  -0.000395479751   0.000687119589
 -0.000270538128  -0.000130116378  -0.000065782652
  0.000002350645  -0.000000950519  -0.005181012163
  0.000267820940   0.000116263685  -0.000057741521
 -0.000038700523   0.000015649138  -0.122203088938
  0.000281361047  -0.000413199767  -0.000336902178
 -0.000255927631   0.000396883283  -0.000323796094
 -0.000459859883  -0.000107443850  -0.000323796094
 -0.000186550882  -0.000432127210   0.001062260703
 -0.000067463098   0.000027279717  -0.000038941485
  0.000489486074   0.000101496156  -0.000336902178
  0.000060441870  -0.000024440578  -0.000029374483
  0.000166243806   0.000440338681   0.001062260703
 -0.000011513417   0.000004655623   0.025640135984
  0.000037334961  -0.000120254136   0.000010349884
 -0.000035937098   0.000126838727  -0.000000728519
 -0.000113999151  -0.000066209753  -0.000000728519
 -0.000162269404  -0.000428602014   0.001651981202
  0.000165313841  -0.000066847135   0.000153747243
  0.000110427324   0.000060504237   0.000010349884
 -0.000161364168   0.000065250025   0.000150943845
  0.000181250329   0.000420926792   0.001651981202
