Automatically generated mesh
     680
Reciprocal lattice
    0.00000000000000    0.00000000000000    0.00000000000000             1
    0.03448275862069    0.00000000000000    0.00000000000000             6
    0.06896551724138    0.00000000000000    0.00000000000000             6
    0.10344827586207    0.00000000000000    0.00000000000000             6
    0.13793103448276    0.00000000000000    0.00000000000000             6
    0.17241379310345    0.00000000000000    0.00000000000000             6
    0.20689655172414    0.00000000000000    0.00000000000000             6
    0.24137931034483    0.00000000000000    0.00000000000000             6
    0.27586206896552    0.00000000000000    0.00000000000000             6
    0.31034482758621    0.00000000000000    0.00000000000000             6
    0.34482758620690    0.00000000000000    0.00000000000000             6
    0.37931034482759    0.00000000000000    0.00000000000000             6
    0.41379310344828    0.00000000000000    0.00000000000000             6
    0.44827586206897    0.00000000000000    0.00000000000000             6
    0.48275862068966    0.00000000000000    0.00000000000000             6
    0.03448275862069    0.03448275862069    0.00000000000000            12
    0.06896551724138    0.03448275862069    0.00000000000000            24
    0.10344827586207    0.03448275862069    0.00000000000000            24
    0.13793103448276    0.03448275862069    0.00000000000000            24
    0.17241379310345    0.03448275862069    0.00000000000000            24
    0.20689655172414    0.03448275862069    0.00000000000000            24
    0.24137931034483    0.03448275862069    0.00000000000000            24
    0.27586206896552    0.03448275862069    0.00000000000000            24
    0.31034482758621    0.03448275862069    0.00000000000000            24
    0.34482758620690    0.03448275862069    0.00000000000000            24
    0.37931034482759    0.03448275862069    0.00000000000000            24
    0.41379310344828    0.03448275862069    0.00000000000000            24
    0.44827586206897    0.03448275862069    0.00000000000000            24
    0.48275862068966    0.03448275862069    0.00000000000000            24
    0.06896551724138    0.06896551724138    0.00000000000000            12
    0.10344827586207    0.06896551724138    0.00000000000000            24
    0.13793103448276    0.06896551724138    0.00000000000000            24
    0.17241379310345    0.06896551724138    0.00000000000000            24
    0.20689655172414    0.06896551724138    0.00000000000000            24
    0.24137931034483    0.06896551724138    0.00000000000000            24
    0.27586206896552    0.06896551724138    0.00000000000000            24
    0.31034482758621    0.06896551724138    0.00000000000000            24
    0.34482758620690    0.06896551724138    0.00000000000000            24
    0.37931034482759    0.06896551724138    0.00000000000000            24
    0.41379310344828    0.06896551724138    0.00000000000000            24
    0.44827586206897    0.06896551724138    0.00000000000000            24
    0.48275862068966    0.06896551724138    0.00000000000000            24
    0.10344827586207    0.10344827586207    0.00000000000000            12
    0.13793103448276    0.10344827586207    0.00000000000000            24
    0.17241379310345    0.10344827586207    0.00000000000000            24
    0.20689655172414    0.10344827586207    0.00000000000000            24
    0.24137931034483    0.10344827586207    0.00000000000000            24
    0.27586206896552    0.10344827586207    0.00000000000000            24
    0.31034482758621    0.10344827586207    0.00000000000000            24
    0.34482758620690    0.10344827586207    0.00000000000000            24
    0.37931034482759    0.10344827586207    0.00000000000000            24
    0.41379310344828    0.10344827586207    0.00000000000000            24
    0.44827586206897    0.10344827586207    0.00000000000000            24
    0.48275862068966    0.10344827586207    0.00000000000000            24
    0.13793103448276    0.13793103448276    0.00000000000000            12
    0.17241379310345    0.13793103448276    0.00000000000000            24
    0.20689655172414    0.13793103448276    0.00000000000000            24
    0.24137931034483    0.13793103448276    0.00000000000000            24
    0.27586206896552    0.13793103448276    0.00000000000000            24
    0.31034482758621    0.13793103448276    0.00000000000000            24
    0.34482758620690    0.13793103448276    0.00000000000000            24
    0.37931034482759    0.13793103448276    0.00000000000000            24
    0.41379310344828    0.13793103448276    0.00000000000000            24
    0.44827586206897    0.13793103448276    0.00000000000000            24
    0.48275862068966    0.13793103448276    0.00000000000000            24
    0.17241379310345    0.17241379310345    0.00000000000000            12
    0.20689655172414    0.17241379310345    0.00000000000000            24
    0.24137931034483    0.17241379310345    0.00000000000000            24
    0.27586206896552    0.17241379310345    0.00000000000000            24
    0.31034482758621    0.17241379310345    0.00000000000000            24
    0.34482758620690    0.17241379310345    0.00000000000000            24
    0.37931034482759    0.17241379310345    0.00000000000000            24
    0.41379310344828    0.17241379310345    0.00000000000000            24
    0.44827586206897    0.17241379310345    0.00000000000000            24
    0.48275862068966    0.17241379310345    0.00000000000000            24
    0.20689655172414    0.20689655172414    0.00000000000000            12
    0.24137931034483    0.20689655172414    0.00000000000000            24
    0.27586206896552    0.20689655172414    0.00000000000000            24
    0.31034482758621    0.20689655172414    0.00000000000000            24
    0.34482758620690    0.20689655172414    0.00000000000000            24
    0.37931034482759    0.20689655172414    0.00000000000000            24
    0.41379310344828    0.20689655172414    0.00000000000000            24
    0.44827586206897    0.20689655172414    0.00000000000000            24
    0.48275862068966    0.20689655172414    0.00000000000000            24
    0.24137931034483    0.24137931034483    0.00000000000000            12
    0.27586206896552    0.24137931034483    0.00000000000000            24
    0.31034482758621    0.24137931034483    0.00000000000000            24
    0.34482758620690    0.24137931034483    0.00000000000000            24
    0.37931034482759    0.24137931034483    0.00000000000000            24
    0.41379310344828    0.24137931034483    0.00000000000000            24
    0.44827586206897    0.24137931034483    0.00000000000000            24
    0.48275862068966    0.24137931034483    0.00000000000000            24
    0.27586206896552    0.27586206896552    0.00000000000000            12
    0.31034482758621    0.27586206896552    0.00000000000000            24
    0.34482758620690    0.27586206896552    0.00000000000000            24
    0.37931034482759    0.27586206896552    0.00000000000000            24
    0.41379310344828    0.27586206896552    0.00000000000000            24
    0.44827586206897    0.27586206896552    0.00000000000000            24
    0.48275862068966    0.27586206896552    0.00000000000000            24
    0.31034482758621    0.31034482758621    0.00000000000000            12
    0.34482758620690    0.31034482758621    0.00000000000000            24
    0.37931034482759    0.31034482758621    0.00000000000000            24
    0.41379310344828    0.31034482758621    0.00000000000000            24
    0.44827586206897    0.31034482758621    0.00000000000000            24
    0.48275862068966    0.31034482758621    0.00000000000000            24
    0.34482758620690    0.34482758620690    0.00000000000000            12
    0.37931034482759    0.34482758620690    0.00000000000000            24
    0.41379310344828    0.34482758620690    0.00000000000000            24
    0.44827586206897    0.34482758620690    0.00000000000000            24
    0.48275862068966    0.34482758620690    0.00000000000000            24
    0.37931034482759    0.37931034482759    0.00000000000000            12
    0.41379310344828    0.37931034482759    0.00000000000000            24
    0.44827586206897    0.37931034482759    0.00000000000000            24
    0.48275862068966    0.37931034482759    0.00000000000000            24
    0.41379310344828    0.41379310344828    0.00000000000000            12
    0.44827586206897    0.41379310344828    0.00000000000000            24
    0.48275862068966    0.41379310344828    0.00000000000000            24
    0.44827586206897    0.44827586206897    0.00000000000000            12
    0.48275862068966    0.44827586206897    0.00000000000000            24
    0.48275862068966    0.48275862068966    0.00000000000000            12
    0.03448275862069    0.03448275862069    0.03448275862069             8
    0.06896551724138    0.03448275862069    0.03448275862069            24
    0.10344827586207    0.03448275862069    0.03448275862069            24
    0.13793103448276    0.03448275862069    0.03448275862069            24
    0.17241379310345    0.03448275862069    0.03448275862069            24
    0.20689655172414    0.03448275862069    0.03448275862069            24
    0.24137931034483    0.03448275862069    0.03448275862069            24
    0.27586206896552    0.03448275862069    0.03448275862069            24
    0.31034482758621    0.03448275862069    0.03448275862069            24
    0.34482758620690    0.03448275862069    0.03448275862069            24
    0.37931034482759    0.03448275862069    0.03448275862069            24
    0.41379310344828    0.03448275862069    0.03448275862069            24
    0.44827586206897    0.03448275862069    0.03448275862069            24
    0.48275862068966    0.03448275862069    0.03448275862069            24
    0.06896551724138    0.06896551724138    0.03448275862069            24
    0.10344827586207    0.06896551724138    0.03448275862069            48
    0.13793103448276    0.06896551724138    0.03448275862069            48
    0.17241379310345    0.06896551724138    0.03448275862069            48
    0.20689655172414    0.06896551724138    0.03448275862069            48
    0.24137931034483    0.06896551724138    0.03448275862069            48
    0.27586206896552    0.06896551724138    0.03448275862069            48
    0.31034482758621    0.06896551724138    0.03448275862069            48
    0.34482758620690    0.06896551724138    0.03448275862069            48
    0.37931034482759    0.06896551724138    0.03448275862069            48
    0.41379310344828    0.06896551724138    0.03448275862069            48
    0.44827586206897    0.06896551724138    0.03448275862069            48
    0.48275862068966    0.06896551724138    0.03448275862069            48
    0.10344827586207    0.10344827586207    0.03448275862069            24
    0.13793103448276    0.10344827586207    0.03448275862069            48
    0.17241379310345    0.10344827586207    0.03448275862069            48
    0.20689655172414    0.10344827586207    0.03448275862069            48
    0.24137931034483    0.10344827586207    0.03448275862069            48
    0.27586206896552    0.10344827586207    0.03448275862069            48
    0.31034482758621    0.10344827586207    0.03448275862069            48
    0.34482758620690    0.10344827586207    0.03448275862069            48
    0.37931034482759    0.10344827586207    0.03448275862069            48
    0.41379310344828    0.10344827586207    0.03448275862069            48
    0.44827586206897    0.10344827586207    0.03448275862069            48
    0.48275862068966    0.10344827586207    0.03448275862069            48
    0.13793103448276    0.13793103448276    0.03448275862069            24
    0.17241379310345    0.13793103448276    0.03448275862069            48
    0.20689655172414    0.13793103448276    0.03448275862069            48
    0.24137931034483    0.13793103448276    0.03448275862069            48
    0.27586206896552    0.13793103448276    0.03448275862069            48
    0.31034482758621    0.13793103448276    0.03448275862069            48
    0.34482758620690    0.13793103448276    0.03448275862069            48
    0.37931034482759    0.13793103448276    0.03448275862069            48
    0.41379310344828    0.13793103448276    0.03448275862069            48
    0.44827586206897    0.13793103448276    0.03448275862069            48
    0.48275862068966    0.13793103448276    0.03448275862069            48
    0.17241379310345    0.17241379310345    0.03448275862069            24
    0.20689655172414    0.17241379310345    0.03448275862069            48
    0.24137931034483    0.17241379310345    0.03448275862069            48
    0.27586206896552    0.17241379310345    0.03448275862069            48
    0.31034482758621    0.17241379310345    0.03448275862069            48
    0.34482758620690    0.17241379310345    0.03448275862069            48
    0.37931034482759    0.17241379310345    0.03448275862069            48
    0.41379310344828    0.17241379310345    0.03448275862069            48
    0.44827586206897    0.17241379310345    0.03448275862069            48
    0.48275862068966    0.17241379310345    0.03448275862069            48
    0.20689655172414    0.20689655172414    0.03448275862069            24
    0.24137931034483    0.20689655172414    0.03448275862069            48
    0.27586206896552    0.20689655172414    0.03448275862069            48
    0.31034482758621    0.20689655172414    0.03448275862069            48
    0.34482758620690    0.20689655172414    0.03448275862069            48
    0.37931034482759    0.20689655172414    0.03448275862069            48
    0.41379310344828    0.20689655172414    0.03448275862069            48
    0.44827586206897    0.20689655172414    0.03448275862069            48
    0.48275862068966    0.20689655172414    0.03448275862069            48
    0.24137931034483    0.24137931034483    0.03448275862069            24
    0.27586206896552    0.24137931034483    0.03448275862069            48
    0.31034482758621    0.24137931034483    0.03448275862069            48
    0.34482758620690    0.24137931034483    0.03448275862069            48
    0.37931034482759    0.24137931034483    0.03448275862069            48
    0.41379310344828    0.24137931034483    0.03448275862069            48
    0.44827586206897    0.24137931034483    0.03448275862069            48
    0.48275862068966    0.24137931034483    0.03448275862069            48
    0.27586206896552    0.27586206896552    0.03448275862069            24
    0.31034482758621    0.27586206896552    0.03448275862069            48
    0.34482758620690    0.27586206896552    0.03448275862069            48
    0.37931034482759    0.27586206896552    0.03448275862069            48
    0.41379310344828    0.27586206896552    0.03448275862069            48
    0.44827586206897    0.27586206896552    0.03448275862069            48
    0.48275862068966    0.27586206896552    0.03448275862069            48
    0.31034482758621    0.31034482758621    0.03448275862069            24
    0.34482758620690    0.31034482758621    0.03448275862069            48
    0.37931034482759    0.31034482758621    0.03448275862069            48
    0.41379310344828    0.31034482758621    0.03448275862069            48
    0.44827586206897    0.31034482758621    0.03448275862069            48
    0.48275862068966    0.31034482758621    0.03448275862069            48
    0.34482758620690    0.34482758620690    0.03448275862069            24
    0.37931034482759    0.34482758620690    0.03448275862069            48
    0.41379310344828    0.34482758620690    0.03448275862069            48
    0.44827586206897    0.34482758620690    0.03448275862069            48
    0.48275862068966    0.34482758620690    0.03448275862069            48
    0.37931034482759    0.37931034482759    0.03448275862069            24
    0.41379310344828    0.37931034482759    0.03448275862069            48
    0.44827586206897    0.37931034482759    0.03448275862069            48
    0.48275862068966    0.37931034482759    0.03448275862069            48
    0.41379310344828    0.41379310344828    0.03448275862069            24
    0.44827586206897    0.41379310344828    0.03448275862069            48
    0.48275862068966    0.41379310344828    0.03448275862069            48
    0.44827586206897    0.44827586206897    0.03448275862069            24
    0.48275862068966    0.44827586206897    0.03448275862069            48
    0.48275862068966    0.48275862068966    0.03448275862069            24
    0.06896551724138    0.06896551724138    0.06896551724138             8
    0.10344827586207    0.06896551724138    0.06896551724138            24
    0.13793103448276    0.06896551724138    0.06896551724138            24
    0.17241379310345    0.06896551724138    0.06896551724138            24
    0.20689655172414    0.06896551724138    0.06896551724138            24
    0.24137931034483    0.06896551724138    0.06896551724138            24
    0.27586206896552    0.06896551724138    0.06896551724138            24
    0.31034482758621    0.06896551724138    0.06896551724138            24
    0.34482758620690    0.06896551724138    0.06896551724138            24
    0.37931034482759    0.06896551724138    0.06896551724138            24
    0.41379310344828    0.06896551724138    0.06896551724138            24
    0.44827586206897    0.06896551724138    0.06896551724138            24
    0.48275862068966    0.06896551724138    0.06896551724138            24
    0.10344827586207    0.10344827586207    0.06896551724138            24
    0.13793103448276    0.10344827586207    0.06896551724138            48
    0.17241379310345    0.10344827586207    0.06896551724138            48
    0.20689655172414    0.10344827586207    0.06896551724138            48
    0.24137931034483    0.10344827586207    0.06896551724138            48
    0.27586206896552    0.10344827586207    0.06896551724138            48
    0.31034482758621    0.10344827586207    0.06896551724138            48
    0.34482758620690    0.10344827586207    0.06896551724138            48
    0.37931034482759    0.10344827586207    0.06896551724138            48
    0.41379310344828    0.10344827586207    0.06896551724138            48
    0.44827586206897    0.10344827586207    0.06896551724138            48
    0.48275862068966    0.10344827586207    0.06896551724138            48
    0.13793103448276    0.13793103448276    0.06896551724138            24
    0.17241379310345    0.13793103448276    0.06896551724138            48
    0.20689655172414    0.13793103448276    0.06896551724138            48
    0.24137931034483    0.13793103448276    0.06896551724138            48
    0.27586206896552    0.13793103448276    0.06896551724138            48
    0.31034482758621    0.13793103448276    0.06896551724138            48
    0.34482758620690    0.13793103448276    0.06896551724138            48
    0.37931034482759    0.13793103448276    0.06896551724138            48
    0.41379310344828    0.13793103448276    0.06896551724138            48
    0.44827586206897    0.13793103448276    0.06896551724138            48
    0.48275862068966    0.13793103448276    0.06896551724138            48
    0.17241379310345    0.17241379310345    0.06896551724138            24
    0.20689655172414    0.17241379310345    0.06896551724138            48
    0.24137931034483    0.17241379310345    0.06896551724138            48
    0.27586206896552    0.17241379310345    0.06896551724138            48
    0.31034482758621    0.17241379310345    0.06896551724138            48
    0.34482758620690    0.17241379310345    0.06896551724138            48
    0.37931034482759    0.17241379310345    0.06896551724138            48
    0.41379310344828    0.17241379310345    0.06896551724138            48
    0.44827586206897    0.17241379310345    0.06896551724138            48
    0.48275862068966    0.17241379310345    0.06896551724138            48
    0.20689655172414    0.20689655172414    0.06896551724138            24
    0.24137931034483    0.20689655172414    0.06896551724138            48
    0.27586206896552    0.20689655172414    0.06896551724138            48
    0.31034482758621    0.20689655172414    0.06896551724138            48
    0.34482758620690    0.20689655172414    0.06896551724138            48
    0.37931034482759    0.20689655172414    0.06896551724138            48
    0.41379310344828    0.20689655172414    0.06896551724138            48
    0.44827586206897    0.20689655172414    0.06896551724138            48
    0.48275862068966    0.20689655172414    0.06896551724138            48
    0.24137931034483    0.24137931034483    0.06896551724138            24
    0.27586206896552    0.24137931034483    0.06896551724138            48
    0.31034482758621    0.24137931034483    0.06896551724138            48
    0.34482758620690    0.24137931034483    0.06896551724138            48
    0.37931034482759    0.24137931034483    0.06896551724138            48
    0.41379310344828    0.24137931034483    0.06896551724138            48
    0.44827586206897    0.24137931034483    0.06896551724138            48
    0.48275862068966    0.24137931034483    0.06896551724138            48
    0.27586206896552    0.27586206896552    0.06896551724138            24
    0.31034482758621    0.27586206896552    0.06896551724138            48
    0.34482758620690    0.27586206896552    0.06896551724138            48
    0.37931034482759    0.27586206896552    0.06896551724138            48
    0.41379310344828    0.27586206896552    0.06896551724138            48
    0.44827586206897    0.27586206896552    0.06896551724138            48
    0.48275862068966    0.27586206896552    0.06896551724138            48
    0.31034482758621    0.31034482758621    0.06896551724138            24
    0.34482758620690    0.31034482758621    0.06896551724138            48
    0.37931034482759    0.31034482758621    0.06896551724138            48
    0.41379310344828    0.31034482758621    0.06896551724138            48
    0.44827586206897    0.31034482758621    0.06896551724138            48
    0.48275862068966    0.31034482758621    0.06896551724138            48
    0.34482758620690    0.34482758620690    0.06896551724138            24
    0.37931034482759    0.34482758620690    0.06896551724138            48
    0.41379310344828    0.34482758620690    0.06896551724138            48
    0.44827586206897    0.34482758620690    0.06896551724138            48
    0.48275862068966    0.34482758620690    0.06896551724138            48
    0.37931034482759    0.37931034482759    0.06896551724138            24
    0.41379310344828    0.37931034482759    0.06896551724138            48
    0.44827586206897    0.37931034482759    0.06896551724138            48
    0.48275862068966    0.37931034482759    0.06896551724138            48
    0.41379310344828    0.41379310344828    0.06896551724138            24
    0.44827586206897    0.41379310344828    0.06896551724138            48
    0.48275862068966    0.41379310344828    0.06896551724138            48
    0.44827586206897    0.44827586206897    0.06896551724138            24
    0.48275862068966    0.44827586206897    0.06896551724138            48
    0.48275862068966    0.48275862068966    0.06896551724138            24
    0.10344827586207    0.10344827586207    0.10344827586207             8
    0.13793103448276    0.10344827586207    0.10344827586207            24
    0.17241379310345    0.10344827586207    0.10344827586207            24
    0.20689655172414    0.10344827586207    0.10344827586207            24
    0.24137931034483    0.10344827586207    0.10344827586207            24
    0.27586206896552    0.10344827586207    0.10344827586207            24
    0.31034482758621    0.10344827586207    0.10344827586207            24
    0.34482758620690    0.10344827586207    0.10344827586207            24
    0.37931034482759    0.10344827586207    0.10344827586207            24
    0.41379310344828    0.10344827586207    0.10344827586207            24
    0.44827586206897    0.10344827586207    0.10344827586207            24
    0.48275862068966    0.10344827586207    0.10344827586207            24
    0.13793103448276    0.13793103448276    0.10344827586207            24
    0.17241379310345    0.13793103448276    0.10344827586207            48
    0.20689655172414    0.13793103448276    0.10344827586207            48
    0.24137931034483    0.13793103448276    0.10344827586207            48
    0.27586206896552    0.13793103448276    0.10344827586207            48
    0.31034482758621    0.13793103448276    0.10344827586207            48
    0.34482758620690    0.13793103448276    0.10344827586207            48
    0.37931034482759    0.13793103448276    0.10344827586207            48
    0.41379310344828    0.13793103448276    0.10344827586207            48
    0.44827586206897    0.13793103448276    0.10344827586207            48
    0.48275862068966    0.13793103448276    0.10344827586207            48
    0.17241379310345    0.17241379310345    0.10344827586207            24
    0.20689655172414    0.17241379310345    0.10344827586207            48
    0.24137931034483    0.17241379310345    0.10344827586207            48
    0.27586206896552    0.17241379310345    0.10344827586207            48
    0.31034482758621    0.17241379310345    0.10344827586207            48
    0.34482758620690    0.17241379310345    0.10344827586207            48
    0.37931034482759    0.17241379310345    0.10344827586207            48
    0.41379310344828    0.17241379310345    0.10344827586207            48
    0.44827586206897    0.17241379310345    0.10344827586207            48
    0.48275862068966    0.17241379310345    0.10344827586207            48
    0.20689655172414    0.20689655172414    0.10344827586207            24
    0.24137931034483    0.20689655172414    0.10344827586207            48
    0.27586206896552    0.20689655172414    0.10344827586207            48
    0.31034482758621    0.20689655172414    0.10344827586207            48
    0.34482758620690    0.20689655172414    0.10344827586207            48
    0.37931034482759    0.20689655172414    0.10344827586207            48
    0.41379310344828    0.20689655172414    0.10344827586207            48
    0.44827586206897    0.20689655172414    0.10344827586207            48
    0.48275862068966    0.20689655172414    0.10344827586207            48
    0.24137931034483    0.24137931034483    0.10344827586207            24
    0.27586206896552    0.24137931034483    0.10344827586207            48
    0.31034482758621    0.24137931034483    0.10344827586207            48
    0.34482758620690    0.24137931034483    0.10344827586207            48
    0.37931034482759    0.24137931034483    0.10344827586207            48
    0.41379310344828    0.24137931034483    0.10344827586207            48
    0.44827586206897    0.24137931034483    0.10344827586207            48
    0.48275862068966    0.24137931034483    0.10344827586207            48
    0.27586206896552    0.27586206896552    0.10344827586207            24
    0.31034482758621    0.27586206896552    0.10344827586207            48
    0.34482758620690    0.27586206896552    0.10344827586207            48
    0.37931034482759    0.27586206896552    0.10344827586207            48
    0.41379310344828    0.27586206896552    0.10344827586207            48
    0.44827586206897    0.27586206896552    0.10344827586207            48
    0.48275862068966    0.27586206896552    0.10344827586207            48
    0.31034482758621    0.31034482758621    0.10344827586207            24
    0.34482758620690    0.31034482758621    0.10344827586207            48
    0.37931034482759    0.31034482758621    0.10344827586207            48
    0.41379310344828    0.31034482758621    0.10344827586207            48
    0.44827586206897    0.31034482758621    0.10344827586207            48
    0.48275862068966    0.31034482758621    0.10344827586207            48
    0.34482758620690    0.34482758620690    0.10344827586207            24
    0.37931034482759    0.34482758620690    0.10344827586207            48
    0.41379310344828    0.34482758620690    0.10344827586207            48
    0.44827586206897    0.34482758620690    0.10344827586207            48
    0.48275862068966    0.34482758620690    0.10344827586207            48
    0.37931034482759    0.37931034482759    0.10344827586207            24
    0.41379310344828    0.37931034482759    0.10344827586207            48
    0.44827586206897    0.37931034482759    0.10344827586207            48
    0.48275862068966    0.37931034482759    0.10344827586207            48
    0.41379310344828    0.41379310344828    0.10344827586207            24
    0.44827586206897    0.41379310344828    0.10344827586207            48
    0.48275862068966    0.41379310344828    0.10344827586207            48
    0.44827586206897    0.44827586206897    0.10344827586207            24
    0.48275862068966    0.44827586206897    0.10344827586207            48
    0.48275862068966    0.48275862068966    0.10344827586207            24
    0.13793103448276    0.13793103448276    0.13793103448276             8
    0.17241379310345    0.13793103448276    0.13793103448276            24
    0.20689655172414    0.13793103448276    0.13793103448276            24
    0.24137931034483    0.13793103448276    0.13793103448276            24
    0.27586206896552    0.13793103448276    0.13793103448276            24
    0.31034482758621    0.13793103448276    0.13793103448276            24
    0.34482758620690    0.13793103448276    0.13793103448276            24
    0.37931034482759    0.13793103448276    0.13793103448276            24
    0.41379310344828    0.13793103448276    0.13793103448276            24
    0.44827586206897    0.13793103448276    0.13793103448276            24
    0.48275862068966    0.13793103448276    0.13793103448276            24
    0.17241379310345    0.17241379310345    0.13793103448276            24
    0.20689655172414    0.17241379310345    0.13793103448276            48
    0.24137931034483    0.17241379310345    0.13793103448276            48
    0.27586206896552    0.17241379310345    0.13793103448276            48
    0.31034482758621    0.17241379310345    0.13793103448276            48
    0.34482758620690    0.17241379310345    0.13793103448276            48
    0.37931034482759    0.17241379310345    0.13793103448276            48
    0.41379310344828    0.17241379310345    0.13793103448276            48
    0.44827586206897    0.17241379310345    0.13793103448276            48
    0.48275862068966    0.17241379310345    0.13793103448276            48
    0.20689655172414    0.20689655172414    0.13793103448276            24
    0.24137931034483    0.20689655172414    0.13793103448276            48
    0.27586206896552    0.20689655172414    0.13793103448276            48
    0.31034482758621    0.20689655172414    0.13793103448276            48
    0.34482758620690    0.20689655172414    0.13793103448276            48
    0.37931034482759    0.20689655172414    0.13793103448276            48
    0.41379310344828    0.20689655172414    0.13793103448276            48
    0.44827586206897    0.20689655172414    0.13793103448276            48
    0.48275862068966    0.20689655172414    0.13793103448276            48
    0.24137931034483    0.24137931034483    0.13793103448276            24
    0.27586206896552    0.24137931034483    0.13793103448276            48
    0.31034482758621    0.24137931034483    0.13793103448276            48
    0.34482758620690    0.24137931034483    0.13793103448276            48
    0.37931034482759    0.24137931034483    0.13793103448276            48
    0.41379310344828    0.24137931034483    0.13793103448276            48
    0.44827586206897    0.24137931034483    0.13793103448276            48
    0.48275862068966    0.24137931034483    0.13793103448276            48
    0.27586206896552    0.27586206896552    0.13793103448276            24
    0.31034482758621    0.27586206896552    0.13793103448276            48
    0.34482758620690    0.27586206896552    0.13793103448276            48
    0.37931034482759    0.27586206896552    0.13793103448276            48
    0.41379310344828    0.27586206896552    0.13793103448276            48
    0.44827586206897    0.27586206896552    0.13793103448276            48
    0.48275862068966    0.27586206896552    0.13793103448276            48
    0.31034482758621    0.31034482758621    0.13793103448276            24
    0.34482758620690    0.31034482758621    0.13793103448276            48
    0.37931034482759    0.31034482758621    0.13793103448276            48
    0.41379310344828    0.31034482758621    0.13793103448276            48
    0.44827586206897    0.31034482758621    0.13793103448276            48
    0.48275862068966    0.31034482758621    0.13793103448276            48
    0.34482758620690    0.34482758620690    0.13793103448276            24
    0.37931034482759    0.34482758620690    0.13793103448276            48
    0.41379310344828    0.34482758620690    0.13793103448276            48
    0.44827586206897    0.34482758620690    0.13793103448276            48
    0.48275862068966    0.34482758620690    0.13793103448276            48
    0.37931034482759    0.37931034482759    0.13793103448276            24
    0.41379310344828    0.37931034482759    0.13793103448276            48
    0.44827586206897    0.37931034482759    0.13793103448276            48
    0.48275862068966    0.37931034482759    0.13793103448276            48
    0.41379310344828    0.41379310344828    0.13793103448276            24
    0.44827586206897    0.41379310344828    0.13793103448276            48
    0.48275862068966    0.41379310344828    0.13793103448276            48
    0.44827586206897    0.44827586206897    0.13793103448276            24
    0.48275862068966    0.44827586206897    0.13793103448276            48
    0.48275862068966    0.48275862068966    0.13793103448276            24
    0.17241379310345    0.17241379310345    0.17241379310345             8
    0.20689655172414    0.17241379310345    0.17241379310345            24
    0.24137931034483    0.17241379310345    0.17241379310345            24
    0.27586206896552    0.17241379310345    0.17241379310345            24
    0.31034482758621    0.17241379310345    0.17241379310345            24
    0.34482758620690    0.17241379310345    0.17241379310345            24
    0.37931034482759    0.17241379310345    0.17241379310345            24
    0.41379310344828    0.17241379310345    0.17241379310345            24
    0.44827586206897    0.17241379310345    0.17241379310345            24
    0.48275862068966    0.17241379310345    0.17241379310345            24
    0.20689655172414    0.20689655172414    0.17241379310345            24
    0.24137931034483    0.20689655172414    0.17241379310345            48
    0.27586206896552    0.20689655172414    0.17241379310345            48
    0.31034482758621    0.20689655172414    0.17241379310345            48
    0.34482758620690    0.20689655172414    0.17241379310345            48
    0.37931034482759    0.20689655172414    0.17241379310345            48
    0.41379310344828    0.20689655172414    0.17241379310345            48
    0.44827586206897    0.20689655172414    0.17241379310345            48
    0.48275862068966    0.20689655172414    0.17241379310345            48
    0.24137931034483    0.24137931034483    0.17241379310345            24
    0.27586206896552    0.24137931034483    0.17241379310345            48
    0.31034482758621    0.24137931034483    0.17241379310345            48
    0.34482758620690    0.24137931034483    0.17241379310345            48
    0.37931034482759    0.24137931034483    0.17241379310345            48
    0.41379310344828    0.24137931034483    0.17241379310345            48
    0.44827586206897    0.24137931034483    0.17241379310345            48
    0.48275862068966    0.24137931034483    0.17241379310345            48
    0.27586206896552    0.27586206896552    0.17241379310345            24
    0.31034482758621    0.27586206896552    0.17241379310345            48
    0.34482758620690    0.27586206896552    0.17241379310345            48
    0.37931034482759    0.27586206896552    0.17241379310345            48
    0.41379310344828    0.27586206896552    0.17241379310345            48
    0.44827586206897    0.27586206896552    0.17241379310345            48
    0.48275862068966    0.27586206896552    0.17241379310345            48
    0.31034482758621    0.31034482758621    0.17241379310345            24
    0.34482758620690    0.31034482758621    0.17241379310345            48
    0.37931034482759    0.31034482758621    0.17241379310345            48
    0.41379310344828    0.31034482758621    0.17241379310345            48
    0.44827586206897    0.31034482758621    0.17241379310345            48
    0.48275862068966    0.31034482758621    0.17241379310345            48
    0.34482758620690    0.34482758620690    0.17241379310345            24
    0.37931034482759    0.34482758620690    0.17241379310345            48
    0.41379310344828    0.34482758620690    0.17241379310345            48
    0.44827586206897    0.34482758620690    0.17241379310345            48
    0.48275862068966    0.34482758620690    0.17241379310345            48
    0.37931034482759    0.37931034482759    0.17241379310345            24
    0.41379310344828    0.37931034482759    0.17241379310345            48
    0.44827586206897    0.37931034482759    0.17241379310345            48
    0.48275862068966    0.37931034482759    0.17241379310345            48
    0.41379310344828    0.41379310344828    0.17241379310345            24
    0.44827586206897    0.41379310344828    0.17241379310345            48
    0.48275862068966    0.41379310344828    0.17241379310345            48
    0.44827586206897    0.44827586206897    0.17241379310345            24
    0.48275862068966    0.44827586206897    0.17241379310345            48
    0.48275862068966    0.48275862068966    0.17241379310345            24
    0.20689655172414    0.20689655172414    0.20689655172414             8
    0.24137931034483    0.20689655172414    0.20689655172414            24
    0.27586206896552    0.20689655172414    0.20689655172414            24
    0.31034482758621    0.20689655172414    0.20689655172414            24
    0.34482758620690    0.20689655172414    0.20689655172414            24
    0.37931034482759    0.20689655172414    0.20689655172414            24
    0.41379310344828    0.20689655172414    0.20689655172414            24
    0.44827586206897    0.20689655172414    0.20689655172414            24
    0.48275862068966    0.20689655172414    0.20689655172414            24
    0.24137931034483    0.24137931034483    0.20689655172414            24
    0.27586206896552    0.24137931034483    0.20689655172414            48
    0.31034482758621    0.24137931034483    0.20689655172414            48
    0.34482758620690    0.24137931034483    0.20689655172414            48
    0.37931034482759    0.24137931034483    0.20689655172414            48
    0.41379310344828    0.24137931034483    0.20689655172414            48
    0.44827586206897    0.24137931034483    0.20689655172414            48
    0.48275862068966    0.24137931034483    0.20689655172414            48
    0.27586206896552    0.27586206896552    0.20689655172414            24
    0.31034482758621    0.27586206896552    0.20689655172414            48
    0.34482758620690    0.27586206896552    0.20689655172414            48
    0.37931034482759    0.27586206896552    0.20689655172414            48
    0.41379310344828    0.27586206896552    0.20689655172414            48
    0.44827586206897    0.27586206896552    0.20689655172414            48
    0.48275862068966    0.27586206896552    0.20689655172414            48
    0.31034482758621    0.31034482758621    0.20689655172414            24
    0.34482758620690    0.31034482758621    0.20689655172414            48
    0.37931034482759    0.31034482758621    0.20689655172414            48
    0.41379310344828    0.31034482758621    0.20689655172414            48
    0.44827586206897    0.31034482758621    0.20689655172414            48
    0.48275862068966    0.31034482758621    0.20689655172414            48
    0.34482758620690    0.34482758620690    0.20689655172414            24
    0.37931034482759    0.34482758620690    0.20689655172414            48
    0.41379310344828    0.34482758620690    0.20689655172414            48
    0.44827586206897    0.34482758620690    0.20689655172414            48
    0.48275862068966    0.34482758620690    0.20689655172414            48
    0.37931034482759    0.37931034482759    0.20689655172414            24
    0.41379310344828    0.37931034482759    0.20689655172414            48
    0.44827586206897    0.37931034482759    0.20689655172414            48
    0.48275862068966    0.37931034482759    0.20689655172414            48
    0.41379310344828    0.41379310344828    0.20689655172414            24
    0.44827586206897    0.41379310344828    0.20689655172414            48
    0.48275862068966    0.41379310344828    0.20689655172414            48
    0.44827586206897    0.44827586206897    0.20689655172414            24
    0.48275862068966    0.44827586206897    0.20689655172414            48
    0.48275862068966    0.48275862068966    0.20689655172414            24
    0.24137931034483    0.24137931034483    0.24137931034483             8
    0.27586206896552    0.24137931034483    0.24137931034483            24
    0.31034482758621    0.24137931034483    0.24137931034483            24
    0.34482758620690    0.24137931034483    0.24137931034483            24
    0.37931034482759    0.24137931034483    0.24137931034483            24
    0.41379310344828    0.24137931034483    0.24137931034483            24
    0.44827586206897    0.24137931034483    0.24137931034483            24
    0.48275862068966    0.24137931034483    0.24137931034483            24
    0.27586206896552    0.27586206896552    0.24137931034483            24
    0.31034482758621    0.27586206896552    0.24137931034483            48
    0.34482758620690    0.27586206896552    0.24137931034483            48
    0.37931034482759    0.27586206896552    0.24137931034483            48
    0.41379310344828    0.27586206896552    0.24137931034483            48
    0.44827586206897    0.27586206896552    0.24137931034483            48
    0.48275862068966    0.27586206896552    0.24137931034483            48
    0.31034482758621    0.31034482758621    0.24137931034483            24
    0.34482758620690    0.31034482758621    0.24137931034483            48
    0.37931034482759    0.31034482758621    0.24137931034483            48
    0.41379310344828    0.31034482758621    0.24137931034483            48
    0.44827586206897    0.31034482758621    0.24137931034483            48
    0.48275862068966    0.31034482758621    0.24137931034483            48
    0.34482758620690    0.34482758620690    0.24137931034483            24
    0.37931034482759    0.34482758620690    0.24137931034483            48
    0.41379310344828    0.34482758620690    0.24137931034483            48
    0.44827586206897    0.34482758620690    0.24137931034483            48
    0.48275862068966    0.34482758620690    0.24137931034483            48
    0.37931034482759    0.37931034482759    0.24137931034483            24
    0.41379310344828    0.37931034482759    0.24137931034483            48
    0.44827586206897    0.37931034482759    0.24137931034483            48
    0.48275862068966    0.37931034482759    0.24137931034483            48
    0.41379310344828    0.41379310344828    0.24137931034483            24
    0.44827586206897    0.41379310344828    0.24137931034483            48
    0.48275862068966    0.41379310344828    0.24137931034483            48
    0.44827586206897    0.44827586206897    0.24137931034483            24
    0.48275862068966    0.44827586206897    0.24137931034483            48
    0.48275862068966    0.48275862068966    0.24137931034483            24
    0.27586206896552    0.27586206896552    0.27586206896552             8
    0.31034482758621    0.27586206896552    0.27586206896552            24
    0.34482758620690    0.27586206896552    0.27586206896552            24
    0.37931034482759    0.27586206896552    0.27586206896552            24
    0.41379310344828    0.27586206896552    0.27586206896552            24
    0.44827586206897    0.27586206896552    0.27586206896552            24
    0.48275862068966    0.27586206896552    0.27586206896552            24
    0.31034482758621    0.31034482758621    0.27586206896552            24
    0.34482758620690    0.31034482758621    0.27586206896552            48
    0.37931034482759    0.31034482758621    0.27586206896552            48
    0.41379310344828    0.31034482758621    0.27586206896552            48
    0.44827586206897    0.31034482758621    0.27586206896552            48
    0.48275862068966    0.31034482758621    0.27586206896552            48
    0.34482758620690    0.34482758620690    0.27586206896552            24
    0.37931034482759    0.34482758620690    0.27586206896552            48
    0.41379310344828    0.34482758620690    0.27586206896552            48
    0.44827586206897    0.34482758620690    0.27586206896552            48
    0.48275862068966    0.34482758620690    0.27586206896552            48
    0.37931034482759    0.37931034482759    0.27586206896552            24
    0.41379310344828    0.37931034482759    0.27586206896552            48
    0.44827586206897    0.37931034482759    0.27586206896552            48
    0.48275862068966    0.37931034482759    0.27586206896552            48
    0.41379310344828    0.41379310344828    0.27586206896552            24
    0.44827586206897    0.41379310344828    0.27586206896552            48
    0.48275862068966    0.41379310344828    0.27586206896552            48
    0.44827586206897    0.44827586206897    0.27586206896552            24
    0.48275862068966    0.44827586206897    0.27586206896552            48
    0.48275862068966    0.48275862068966    0.27586206896552            24
    0.31034482758621    0.31034482758621    0.31034482758621             8
    0.34482758620690    0.31034482758621    0.31034482758621            24
    0.37931034482759    0.31034482758621    0.31034482758621            24
    0.41379310344828    0.31034482758621    0.31034482758621            24
    0.44827586206897    0.31034482758621    0.31034482758621            24
    0.48275862068966    0.31034482758621    0.31034482758621            24
    0.34482758620690    0.34482758620690    0.31034482758621            24
    0.37931034482759    0.34482758620690    0.31034482758621            48
    0.41379310344828    0.34482758620690    0.31034482758621            48
    0.44827586206897    0.34482758620690    0.31034482758621            48
    0.48275862068966    0.34482758620690    0.31034482758621            48
    0.37931034482759    0.37931034482759    0.31034482758621            24
    0.41379310344828    0.37931034482759    0.31034482758621            48
    0.44827586206897    0.37931034482759    0.31034482758621            48
    0.48275862068966    0.37931034482759    0.31034482758621            48
    0.41379310344828    0.41379310344828    0.31034482758621            24
    0.44827586206897    0.41379310344828    0.31034482758621            48
    0.48275862068966    0.41379310344828    0.31034482758621            48
    0.44827586206897    0.44827586206897    0.31034482758621            24
    0.48275862068966    0.44827586206897    0.31034482758621            48
    0.48275862068966    0.48275862068966    0.31034482758621            24
    0.34482758620690    0.34482758620690    0.34482758620690             8
    0.37931034482759    0.34482758620690    0.34482758620690            24
    0.41379310344828    0.34482758620690    0.34482758620690            24
    0.44827586206897    0.34482758620690    0.34482758620690            24
    0.48275862068966    0.34482758620690    0.34482758620690            24
    0.37931034482759    0.37931034482759    0.34482758620690            24
    0.41379310344828    0.37931034482759    0.34482758620690            48
    0.44827586206897    0.37931034482759    0.34482758620690            48
    0.48275862068966    0.37931034482759    0.34482758620690            48
    0.41379310344828    0.41379310344828    0.34482758620690            24
    0.44827586206897    0.41379310344828    0.34482758620690            48
    0.48275862068966    0.41379310344828    0.34482758620690            48
    0.44827586206897    0.44827586206897    0.34482758620690            24
    0.48275862068966    0.44827586206897    0.34482758620690            48
    0.48275862068966    0.48275862068966    0.34482758620690            24
    0.37931034482759    0.37931034482759    0.37931034482759             8
    0.41379310344828    0.37931034482759    0.37931034482759            24
    0.44827586206897    0.37931034482759    0.37931034482759            24
    0.48275862068966    0.37931034482759    0.37931034482759            24
    0.41379310344828    0.41379310344828    0.37931034482759            24
    0.44827586206897    0.41379310344828    0.37931034482759            48
    0.48275862068966    0.41379310344828    0.37931034482759            48
    0.44827586206897    0.44827586206897    0.37931034482759            24
    0.48275862068966    0.44827586206897    0.37931034482759            48
    0.48275862068966    0.48275862068966    0.37931034482759            24
    0.41379310344828    0.41379310344828    0.41379310344828             8
    0.44827586206897    0.41379310344828    0.41379310344828            24
    0.48275862068966    0.41379310344828    0.41379310344828            24
    0.44827586206897    0.44827586206897    0.41379310344828            24
    0.48275862068966    0.44827586206897    0.41379310344828            48
    0.48275862068966    0.48275862068966    0.41379310344828            24
    0.44827586206897    0.44827586206897    0.44827586206897             8
    0.48275862068966    0.44827586206897    0.44827586206897            24
    0.48275862068966    0.48275862068966    0.44827586206897            24
    0.48275862068966    0.48275862068966    0.48275862068966             8
