    2   36    6
  9.013  1.000
    1    1  0.0150  0.0000  0.0000
 -0.069465766432   0.074726988368   0.006071914300
  0.010022883382  -0.021016651806  -0.003631420389
  0.010022768014  -0.016200713621   0.000070692096
  0.001081501295  -0.002002749073  -0.004446830846
 -0.000456057393   0.003085471851  -0.002129792299
 -0.000933317195  -0.003152056539  -0.000285843489
  0.001084610069   0.001615083422   0.002877703662
 -0.000935785134  -0.003148442540   0.000113150146
 -0.000459058577  -0.000545783914   0.001065217046
  0.003789277113   0.000033297252  -0.002772563927
  0.002177354241   0.001467327616  -0.004417410873
  0.000315871212  -0.004275130025  -0.000674964610
  0.000695052203   0.001262513701   0.000203864448
  0.003577859486   0.000998169171  -0.000420601474
  0.001753335141   0.000287622564   0.000077767073
  0.008261046665   0.002089926501   0.010808928868
 -0.001768345534   0.000702877627  -0.000581624041
 -0.002516737130   0.001405527030   0.000967515806
  0.009507679919  -0.018695830432   0.014392307800
  0.013453219808  -0.020995410526  -0.016102041371
  0.000005451648  -0.000885081358   0.000447872774
  0.001065808097   0.000305739980  -0.000157338751
  0.000171694194  -0.000439578946   0.002459363660
  0.000857605647   0.000327476619  -0.000359285537
  0.002947645124   0.000778640146  -0.003208552523
  0.000393476413   0.000116186922   0.000149020714
  0.000836705823   0.000168464090   0.000285427290
  0.000456890073   0.000947387823  -0.000637420051
  0.000745539458   0.001286353039   0.000000975056
  0.000383634485  -0.001176442638   0.001322559425
 -0.000060182717  -0.000015974065  -0.000011954069
  0.000000380510   0.000116603223   0.000085806609
  0.000568000137   0.000021352675   0.000042996438
  0.001812986494   0.000473974523  -0.001039148527
  0.000365697754  -0.000731419793   0.000074381556
  0.000241275705   0.001064281131  -0.000640671988
    1    2  0.0000  0.0150  0.0000
  0.074695134268  -0.207056251627   0.002566438998
 -0.016167646615   0.044324083499   0.003564036184
 -0.021022409531   0.044329943442  -0.005135104057
  0.001646261811  -0.001508074352   0.001195819503
 -0.000558311271   0.000089649672  -0.004047655353
 -0.003167046007   0.004984616631  -0.000101573107
 -0.002018063281  -0.001495328979  -0.001212678687
 -0.003166242824   0.004984941118   0.000031218565
  0.003116769817   0.000079549717   0.002892229768
  0.000071863975   0.000739797194  -0.003580869183
  0.001480499837   0.002160007090   0.000572013808
 -0.004341604490   0.008271446058  -0.000283864505
  0.001264278178   0.000306838804  -0.000052888002
  0.001021331338   0.001739785539  -0.000203614523
  0.000345231262  -0.000677071249   0.000187743884
  0.002089625096   0.004354574611   0.004731127602
  0.000682084600  -0.004456607634   0.001831494600
  0.001399149696  -0.003835431230  -0.001726929174
 -0.017374089561   0.050093741275  -0.035169347037
 -0.022389406539   0.046166361482   0.034457883884
 -0.000829783363   0.001548467069   0.000194788311
  0.000146979749   0.000270454601  -0.000365395149
 -0.000454490472   0.001019043063   0.001059650520
  0.000493382619   0.000459773700   0.000134822918
  0.000750719795   0.001548199789  -0.001385139484
  0.000604807689   0.000567666900   0.000259433579
 -0.000305983575   0.000107310291  -0.000072988116
  0.000958827217  -0.001281113329  -0.000273898152
 -0.001526694314   0.000270899653   0.001768986589
  0.001622369249   0.000658389609  -0.001194963225
  0.000184976202  -0.000113433531   0.000132198886
 -0.000061339816  -0.000141341187  -0.000105194878
  0.000012303543   0.000545826108   0.000023585626
 -0.000364782502  -0.001198616905   0.000067068461
 -0.000793666677   0.001814539497   0.000039387877
  0.001954964898   0.000327363614  -0.000797826934
    1    3  0.0000  0.0000  0.0150
  0.006075718598   0.002507527911  -0.169690929847
  0.000115851011  -0.005106993998  -0.003868140651
 -0.003714350211   0.003585471839  -0.003879715856
  0.002846192785  -0.001205620549  -0.002078988968
  0.001040462288   0.002903146315  -0.002080280447
  0.000104036374   0.000038566785   0.000533017136
 -0.004417908202   0.001194746688  -0.002077725621
 -0.000264281925  -0.000112180760   0.000531147277
 -0.002100556677  -0.004045924805  -0.002089267536
 -0.002786962712  -0.003557897382   0.014981790474
 -0.004427296720   0.000552808499   0.014709011196
 -0.000688848326  -0.000289083320  -0.000372526170
  0.000199262860  -0.000065082402   0.000556126551
 -0.000445602205  -0.000195262440   0.001187597175
  0.000086308787   0.000195885026   0.000558625489
  0.010841637365   0.004716528394   0.026321769091
 -0.000564591647   0.001851932125   0.001737929141
  0.000975912249  -0.001733668730   0.001728626801
  0.015817659347  -0.041627568391   0.055907629401
 -0.019881461533   0.039875232162   0.055921627342
 -0.000608295433  -0.000287280194  -0.001631961158
 -0.000109322360   0.000524404118   0.000714186195
 -0.001723422072  -0.000753117481   0.002232815700
  0.000322706714  -0.000430878660   0.000703209384
  0.001453116683   0.000637589572   0.001777924563
  0.000378670828  -0.000546041605   0.000628032443
 -0.000132592408   0.000658305215   0.000642279542
 -0.005124471612  -0.002234627673   0.006800835291
  0.001216440210  -0.000205350752  -0.000930780565
  0.000671408730   0.001024417203  -0.000958791210
 -0.000062852720   0.000043518455  -0.000319127596
 -0.000006575237  -0.000081778306  -0.000320685183
  0.000531456205   0.000244532997  -0.000260324426
  0.002041472796   0.001424016947   0.001328928592
 -0.000128668855  -0.000034855634  -0.000308692683
  0.002469747024   0.000534582828   0.001364829131
   19    1  0.0150  0.0000  0.0000
  0.009571398664  -0.017360373315   0.015748880465
  0.000005976216  -0.000791853585  -0.000608708977
  0.013506199828  -0.022361736619  -0.019850011637
  0.002879710912   0.000715988283   0.001523800324
  0.000825055958  -0.000331438343  -0.000100896334
  0.000335122898   0.000618347248   0.000436237552
  0.001007096751   0.000163315222  -0.000117520661
  0.000860372273   0.000470521726   0.000318769104
  0.000130736902  -0.000485532576  -0.001746489891
  0.000436961932   0.000952582680  -0.005080069650
  0.000741279048  -0.001542629712   0.001236469817
  0.000369956536   0.001627790410   0.000661363463
 -0.000017900791   0.000186423952  -0.000075873969
  0.000011632355  -0.000042576746  -0.000017606144
  0.000591341055   0.000010677721   0.000543000859
  0.001768278152  -0.000343949863   0.002034874280
  0.000383717964  -0.000795818410  -0.000118000798
  0.000237617581   0.001926720738   0.002449485570
 -0.038300500364   0.040904049668   0.003317487462
  0.000350224344  -0.002540141184   0.001208300464
  0.000366298675  -0.001540334913  -0.001180972042
  0.001799848878  -0.000639393948  -0.000903530055
  0.000063961256   0.000969719725  -0.000543471272
 -0.000195198706  -0.000242625754  -0.000083481647
  0.001784970330  -0.000668291023   0.000993233020
 -0.000209606250  -0.000247721330   0.000093141440
  0.000043137710   0.000981995581   0.000552903631
  0.000469696870  -0.000252276283  -0.000942266711
 -0.000271335884   0.000017640512   0.000225146890
 -0.000113680861   0.000270908948  -0.000152098768
 -0.000177584445  -0.000114152006  -0.000063054560
  0.000244731718   0.000094848855  -0.000009562668
  0.000126986885   0.000196161395  -0.000019701815
 -0.000048854269   0.000428167191  -0.000135004250
  0.000541116572  -0.000125869436   0.000027368445
 -0.000118766690  -0.000109144809   0.000377859062
   19    2  0.0000  0.0150  0.0000
 -0.018734063839   0.050152104561  -0.041588060759
 -0.000814507783   0.001502238004  -0.000268752246
 -0.021021353029   0.046226134774   0.039843992033
  0.000727276169   0.001549610781   0.000658923284
  0.000175617645   0.000083088609   0.000690762903
  0.000109066536   0.000563696827  -0.000554805235
  0.000308493213   0.000272287200   0.000536018513
  0.000320728909   0.000434341241  -0.000473667993
 -0.000477984971   0.001018343957  -0.000780901543
  0.000944557717  -0.001282469053  -0.002223601357
  0.001279484292   0.000278668598  -0.000219455101
 -0.001175373594   0.000637533604   0.001039633543
 -0.000023496846  -0.000116287587   0.000048793247
  0.000166597163  -0.000136355544  -0.000088815003
  0.000026193056   0.000550907280   0.000240365883
  0.000504755575  -0.001217505635   0.001418891088
 -0.000781304931   0.001833820546  -0.000042285663
  0.001057438540   0.000303519835   0.000531382171
  0.040931967193  -0.113850410666   0.001432015850
 -0.001531357983   0.004131424097  -0.002703126269
 -0.002563253656   0.004129322746   0.002727327958
 -0.000657662201  -0.000244234532   0.000105246500
  0.000984314749   0.001514438107  -0.000741568930
 -0.000242423214   0.000247152098  -0.000035451812
 -0.000639263154  -0.000242120988  -0.000169260967
 -0.000242772431   0.000246389580   0.000044780086
  0.000966765204   0.001513393201   0.000865542486
 -0.000261528438  -0.000159706386   0.000670313710
  0.000001675197  -0.000262489527   0.000101948526
  0.000291678003   0.000439871437  -0.001154142605
 -0.000109203363   0.000023029479  -0.000030263943
  0.000088359086  -0.000134308272  -0.000017427135
  0.000199522906  -0.000020160955   0.000005161141
  0.000420260501   0.000273078401   0.000152652957
 -0.000129726035  -0.000316563391  -0.000196424217
 -0.000099476185   0.000058217574   0.000174258899
   19    3  0.0000  0.0000  0.0150
  0.014405930194  -0.035197579523   0.055984582366
  0.000466325222   0.000161091440  -0.001542343137
 -0.016130686518   0.034516535082   0.056043595367
 -0.003208264839  -0.001391213199   0.001818866645
  0.000283492014  -0.000103924678   0.000696774122
  0.000112282516   0.000268533222   0.000671321017
 -0.000127132024  -0.000381044812   0.000766597677
 -0.000368390378   0.000159983727   0.000746841049
  0.002458167694   0.001077914599   0.002277322692
 -0.000597017586  -0.000269908630   0.006788202052
 -0.000001699161   0.001711329586  -0.000906014763
  0.001287760106  -0.001163893784  -0.000934103070
 -0.000042711982   0.000123171107  -0.000319878029
  0.000084408152  -0.000117180853  -0.000314100239
  0.000063443210   0.000039094573  -0.000262955225
 -0.001016087463   0.000053190566   0.001341137191
  0.000090123307   0.000063905072  -0.000294801570
 -0.000652476948  -0.000789182367   0.001348406404
  0.003338037092   0.001385905157  -0.122163676184
 -0.001160135384   0.002724580472  -0.000399900290
  0.001197057607  -0.002656557379  -0.000367367441
  0.000981837882  -0.000173472750  -0.000578974246
  0.000551624561   0.000846345081  -0.000587224742
  0.000100753480   0.000044705529  -0.000364558419
 -0.000873972170   0.000108841199  -0.000580149237
 -0.000073479514  -0.000032693515  -0.000365274042
 -0.000506041094  -0.000711863010  -0.000576671469
 -0.000929286973   0.000652517177   0.000962525129
  0.000222569246   0.000123820070  -0.000000414791
 -0.000137618750  -0.001150797585   0.000973578044
 -0.000055513785  -0.000023461418  -0.000231445372
 -0.000012649811  -0.000019220124  -0.000223266837
 -0.000023763759   0.000001326979  -0.000220643308
 -0.000127417249   0.000146242923  -0.000264518282
  0.000016268389  -0.000185290802  -0.000254021574
  0.000384264715   0.000158250870   0.001332552510
