75   
18   

1    
  0.0083828654666698   0.0054522992001279   0.0000000000000000
  -0.0838053300   -0.0064845600   -0.0012829800
   0.0098830200    0.0046800400   -0.0058860000
   0.0009465400    0.0009617100   -0.0010706600
   0.0010085300    0.0009988500   -0.0015540300
   0.0081125800    0.0060692400    0.0014119500
   0.0111235400   -0.0064217800   -0.0040346200
   0.0004341900    0.0067842400   -0.0021756000
   0.0001448300   -0.0011435700   -0.0016141900
   0.0002768700    0.0003174600   -0.0013709300
   0.0032956600    0.0006945700   -0.0025414200
   0.0016118000    0.0011473500   -0.0017477900
  -0.0003724400    0.0008783800   -0.0012538400
   0.0004897300    0.0009988800   -0.0011798100
   0.0010797800    0.0004181000   -0.0011893400
   0.0004023200    0.0005123100   -0.0014990300
   0.0018715200    0.0007587100   -0.0013219000
   0.0003989800    0.0005185400   -0.0015139600
   0.0011806500    0.0002784600   -0.0014252500
   0.0005032500    0.0010171500   -0.0015313000
  -0.0003079100    0.0007744000   -0.0015323600
   0.0094164000   -0.0038354500   -0.0013589900
   0.0033705200    0.0005742500   -0.0006479900
   0.0002105100    0.0004730300   -0.0015941000
   0.0001067500   -0.0011791200   -0.0016095500
   0.0016295500    0.0048122000    0.0016292000
   0.0056588600    0.0023234900   -0.0091844400
   0.0006987200    0.0009133100   -0.0093516000
  -0.0012668100   -0.0002396500   -0.0080827000
   0.0013108000    0.0022159600   -0.0073229300
   0.0028280200    0.0052348600   -0.0030762000
   0.0005417400    0.0011476400   -0.0093509800
   0.0012413400    0.0019276100   -0.0093462400
   0.0006030600    0.0012038300   -0.0085798400
  -0.0008859100    0.0002706700   -0.0081653400
  -0.0015648900    0.0010300600   -0.0079119400
  -0.0002537800    0.0003105200   -0.0074429000
   0.0000900900    0.0009567500   -0.0087350000
   0.0001330500    0.0002645100   -0.0082316400
   0.0001552800    0.0008157900   -0.0079660800
  -0.0001002400    0.0001447200   -0.0092656100
   0.0001036100    0.0008011700   -0.0075034000
   0.0002237700   -0.0002770100   -0.0081975200
   0.0001934300    0.0005986000   -0.0081174700
  -0.0001351700   -0.0001197500   -0.0078303800
   0.0000435900    0.0004156400   -0.0083430100
   0.0012326800   -0.0000398300   -0.0104388100
  -0.0002168600    0.0007120400   -0.0081450400
   0.0006873100    0.0006676900   -0.0079005500
   0.0005245200    0.0010908200   -0.0077590800
   0.0001479400    0.0013083400   -0.0073418600
   0.0144052600   -0.0097743300    0.0242786000
   0.0001570700   -0.0004327200    0.0094810100
  -0.0010230100   -0.0014830100    0.0095833200
  -0.0004638900    0.0002837700    0.0091436000
  -0.0007835800   -0.0028027600    0.0064536100
   0.0137083000   -0.0079960200   -0.0009715200
  -0.0010550700   -0.0026627200    0.0110042500
  -0.0005696300    0.0001940500    0.0098677100
  -0.0012681300   -0.0015207900    0.0095420800
   0.0009759400    0.0001561400    0.0097480300
   0.0001139000   -0.0009647800    0.0097416900
  -0.0006837300   -0.0002781300    0.0094998800
  -0.0001473400   -0.0006253900    0.0098155400
  -0.0005192400   -0.0006059800    0.0094122400
  -0.0007171600   -0.0010389300    0.0096568900
  -0.0011992600   -0.0010833000    0.0095789200
  -0.0008443700   -0.0010112900    0.0095532500
  -0.0008229700   -0.0012917100    0.0095862400
  -0.0007914800   -0.0014520700    0.0094955000
  -0.0007094800   -0.0007793000    0.0095385400
  -0.0003436400   -0.0000876300    0.0093148200
  -0.0009584000   -0.0010546300    0.0095994500
  -0.0007554000   -0.0007074200    0.0097256300
  -0.0000947900   -0.0004050300    0.0091558700
  -0.0006159000   -0.0008572000    0.0096798700

1    
 -0.0083828654666698  -0.0054522992001279   0.0000000000000000
   0.0851560800    0.0077946000   -0.0011323800
  -0.0077185900   -0.0033056000    0.0030509000
   0.0005061400    0.0000675100   -0.0016879500
   0.0005675000    0.0001055700   -0.0012001600
  -0.0072477800   -0.0053622700   -0.0042225600
  -0.0097207800    0.0076783500    0.0012743200
   0.0010050900   -0.0054566600   -0.0006216600
   0.0014093900    0.0022479900   -0.0011628300
   0.0012089800    0.0007419500   -0.0014004000
  -0.0017738300    0.0003701200   -0.0002111000
  -0.0001069200   -0.0000747300   -0.0010287400
   0.0018933500    0.0001750900   -0.0015228800
   0.0010115400    0.0000523900   -0.0015978800
   0.0004294600    0.0006361300   -0.0015751400
   0.0011163500    0.0005501900   -0.0012782900
  -0.0003485300    0.0003074500   -0.0014428400
   0.0011130200    0.0005563100   -0.0012552300
   0.0003349300    0.0007968600   -0.0013344800
   0.0010251100    0.0000706500   -0.0012450500
   0.0018031300    0.0003089900   -0.0012443700
  -0.0078656000    0.0047880700   -0.0013690800
  -0.0018540000    0.0004880900   -0.0020959500
   0.0013377800    0.0005973000   -0.0011775300
   0.0013715000    0.0022121200   -0.0011738200
  -0.0000410100   -0.0039830700   -0.0044346000
  -0.0055250100   -0.0014104600   -0.0071916900
  -0.0006060600    0.0000360700   -0.0069729300
   0.0013029600    0.0011550700   -0.0082191600
  -0.0012760800   -0.0013176600   -0.0089887400
  -0.0027857400   -0.0043476700   -0.0133620400
  -0.0005243300   -0.0002374000   -0.0069785700
  -0.0012245100   -0.0010595900   -0.0069235700
  -0.0005362800   -0.0002998000   -0.0077226900
   0.0009437000    0.0006578800   -0.0081328900
   0.0016349200   -0.0001276300   -0.0083495500
   0.0003116700    0.0006128900   -0.0088325100
  -0.0000492300   -0.0000231500   -0.0075695500
  -0.0000947400    0.0006725900   -0.0080658300
  -0.0001063400    0.0000978700   -0.0083288400
   0.0001545500    0.0007771900   -0.0070283300
  -0.0000584600    0.0001229900   -0.0087882100
  -0.0001679400    0.0011897800   -0.0080958800
  -0.0001490400    0.0003089700   -0.0081794100
   0.0001949600    0.0010494300   -0.0084676000
  -0.0000028600    0.0004984000   -0.0079576900
  -0.0011704800    0.0009503300   -0.0058799100
   0.0002494300    0.0002070800   -0.0081443600
  -0.0006271700    0.0002666300   -0.0083957600
  -0.0004713000   -0.0001692300   -0.0085356800
  -0.0000801000   -0.0004021200   -0.0089418600
  -0.0159900100    0.0074190700   -0.0051404400
  -0.0016439300   -0.0015940200    0.0095861900
  -0.0004679300   -0.0005746200    0.0094661000
  -0.0010697300   -0.0023703600    0.0099394400
  -0.0006708900    0.0008940900    0.0126031000
  -0.0151433200    0.0061978700    0.0199454800
  -0.0005866900    0.0006007000    0.0080588400
  -0.0010698600   -0.0021027600    0.0091911100
  -0.0003302300   -0.0003999300    0.0095382200
  -0.0026347900   -0.0020898500    0.0092967200
  -0.0016225500   -0.0011089800    0.0093250900
  -0.0008631600   -0.0017684300    0.0095749500
  -0.0013555800   -0.0014139200    0.0092662300
  -0.0010051100   -0.0014309900    0.0096627800
  -0.0008173400   -0.0009840400    0.0094172300
  -0.0003931500   -0.0009129900    0.0094677800
  -0.0006915500   -0.0009680000    0.0095243600
  -0.0007419700   -0.0006984700    0.0094456400
  -0.0007991500   -0.0005443200    0.0095822900
  -0.0008208700   -0.0011905400    0.0095124600
  -0.0012267900   -0.0018599300    0.0097461500
  -0.0006409400   -0.0008726000    0.0094677200
  -0.0008722400   -0.0012368900    0.0093534000
  -0.0014907700   -0.0015118000    0.0099304900
  -0.0010002900   -0.0010501500    0.0093816100

1    
 -0.0086627951907802   0.0049955960087456   0.0000000000000000
   0.1335830000   -0.0762471100   -0.0029473000
  -0.0029211300   -0.0007720000    0.0026918500
   0.0011069400    0.0000433700   -0.0014926500
   0.0011171400    0.0000571300   -0.0013437900
  -0.0040059500   -0.0025241600   -0.0011199200
  -0.0201362200    0.0144766100    0.0016731100
   0.0000001700    0.0043632600   -0.0054419400
   0.0001908800    0.0008714200   -0.0013794400
   0.0009862900    0.0010224900   -0.0011864100
  -0.0012357500   -0.0005237000   -0.0002508900
  -0.0005900600    0.0010466700   -0.0009142700
   0.0006000300    0.0026739800   -0.0007224000
   0.0013443700    0.0004658600   -0.0012735700
   0.0004570500    0.0000924700   -0.0015796100
   0.0013298400    0.0002024400   -0.0013832000
  -0.0003525900    0.0014394500   -0.0018400000
   0.0013308700    0.0002005700   -0.0013840400
   0.0005400000    0.0002450400   -0.0015638000
   0.0013529000    0.0004786100   -0.0014183600
   0.0006751900    0.0027776600   -0.0025007500
  -0.0207071300    0.0110358700   -0.0041923500
  -0.0011496200   -0.0003932400   -0.0020207000
   0.0008998500    0.0008614800   -0.0012049300
   0.0001788500    0.0008539800   -0.0013839000
   0.0010792400    0.0061098000   -0.0015892400
  -0.0057423000   -0.0007062000   -0.0083722900
  -0.0002607900    0.0003150100   -0.0074822000
   0.0014812600    0.0014713600   -0.0081886600
  -0.0010722000   -0.0006660700   -0.0086354100
  -0.0000321200    0.0005402400   -0.0081348100
  -0.0018882900    0.0060869700   -0.0079673600
  -0.0005963100    0.0007998600   -0.0081394400
  -0.0008597000   -0.0003818900   -0.0077697000
   0.0005709200    0.0001925500   -0.0077787000
   0.0025671400    0.0004117000   -0.0074836200
  -0.0008095400    0.0015120200   -0.0114484800
   0.0000037500    0.0007914500   -0.0088188100
   0.0002942400    0.0016406100   -0.0085308700
   0.0001494700    0.0003898400   -0.0081465800
   0.0001130100    0.0008119000   -0.0071264600
   0.0002154000    0.0003475300   -0.0081374000
   0.0001804100    0.0011828000   -0.0080893000
  -0.0001175800   -0.0013133500   -0.0081066000
   0.0005262400    0.0001268900   -0.0085166400
  -0.0002296800    0.0002122500   -0.0091677900
  -0.0012762400    0.0006506400   -0.0048916700
  -0.0005270500   -0.0000350600   -0.0082002900
  -0.0008657900    0.0009877900   -0.0081472900
   0.0004414700    0.0019724800   -0.0076570100
   0.0013255800   -0.0016581600   -0.0087574100
  -0.0316964700    0.0180004100   -0.0176041800
  -0.0010779100   -0.0011593400    0.0095531100
  -0.0006974400   -0.0007302700    0.0095359400
  -0.0009595400   -0.0015297700    0.0095438600
  -0.0024065200   -0.0000581400    0.0095214200
  -0.0338226600    0.0169441800    0.0378943900
  -0.0019593600   -0.0002781100    0.0095330600
  -0.0010516200   -0.0014306500    0.0094528700
  -0.0007186600   -0.0005893000    0.0094897400
  -0.0028210100   -0.0019614300    0.0094415800
  -0.0011348500   -0.0001850700    0.0090464300
  -0.0008162300   -0.0006431900    0.0095182300
  -0.0004624700   -0.0005775200    0.0096052700
  -0.0007721600   -0.0010183000    0.0095323900
  -0.0006629900   -0.0008158600    0.0094156000
  -0.0002112300   -0.0013368500    0.0095231800
  -0.0006829500   -0.0011639700    0.0095929600
  -0.0010173600   -0.0011808000    0.0095000300
  -0.0010754100   -0.0012569700    0.0095871300
  -0.0008770700   -0.0011820500    0.0096413000
  -0.0016687100   -0.0010913900    0.0099844300
  -0.0006026600   -0.0009475500    0.0094751200
  -0.0006565500   -0.0010570700    0.0095364300
  -0.0004623200   -0.0005497300    0.0095245400
  -0.0009513000    0.0012576300    0.0096184700

1    
  0.0086627951907802  -0.0049955960087456   0.0000000000000000
  -0.1322306100    0.0770322500   -0.0029328500
   0.0044610500    0.0017991900   -0.0054417900
   0.0004022200    0.0010096300   -0.0012734100
   0.0004118400    0.0010224700   -0.0014186500
   0.0054299000    0.0036079700   -0.0015929600
   0.0206003500   -0.0127814600   -0.0041942400
   0.0014692400   -0.0032966000    0.0026935700
   0.0013349400    0.0002101300   -0.0013797400
   0.0005273500    0.0000507600   -0.0015800000
   0.0027407000    0.0015848500   -0.0025004500
   0.0020982600    0.0000272700   -0.0018401700
   0.0009094800   -0.0015822100   -0.0020221200
   0.0001589700    0.0005916000   -0.0014926100
   0.0010640100    0.0009780600   -0.0011868900
   0.0001834100    0.0008649900   -0.0013829400
   0.0018763600   -0.0003765400   -0.0009146100
   0.0001844700    0.0008631300   -0.0013841500
   0.0009679800    0.0008202700   -0.0012052500
   0.0001675700    0.0006045300   -0.0013440500
   0.0008428700   -0.0017241700   -0.0002513900
   0.0232930000   -0.0105629300    0.0016714500
   0.0026849900    0.0014691200   -0.0007232200
   0.0006197400    0.0001998700   -0.0015641000
   0.0013230900    0.0001928400   -0.0013841800
   0.0004947600   -0.0051113500   -0.0011220600
   0.0058491700    0.0016203600   -0.0079558700
   0.0003194600    0.0006061300   -0.0088178700
  -0.0014358100   -0.0005513900   -0.0081065000
   0.0011248300    0.0015805200   -0.0076564700
   0.0001187400    0.0004495800   -0.0081364700
   0.0019046100   -0.0051267400   -0.0083606600
   0.0006333300    0.0000950300   -0.0081397600
   0.0009092300    0.0012846500   -0.0085304500
  -0.0005145000    0.0007252600   -0.0085170400
  -0.0024649000    0.0005199300   -0.0087650200
   0.0008386300   -0.0005665300   -0.0048897100
   0.0000402400    0.0001412000   -0.0074813900
  -0.0002594800   -0.0007276100   -0.0077692900
  -0.0001004500    0.0005338400   -0.0081462600
  -0.0000616900    0.0001185700   -0.0091667900
  -0.0001643000    0.0005648600   -0.0081389200
  -0.0001278100   -0.0002671000   -0.0082004300
   0.0001717800    0.0022276700   -0.0081884600
  -0.0004783500    0.0007971800   -0.0077791800
   0.0002825400    0.0007113200   -0.0071254400
   0.0013482200    0.0002661900   -0.0114464300
   0.0005745400    0.0009587200   -0.0080895900
   0.0009241700   -0.0000457800   -0.0081478300
  -0.0004008200   -0.0010526300   -0.0086350100
  -0.0012865700    0.0026303000   -0.0074911900
   0.0312620300   -0.0206320200    0.0378737500
  -0.0004186300   -0.0008749900    0.0095208700
  -0.0007877400   -0.0013259100    0.0095103000
  -0.0005764900   -0.0005482500    0.0095215700
   0.0009257000   -0.0019791400    0.0095238600
   0.0311605700   -0.0182061800   -0.0175998300
   0.0003713500   -0.0016217300    0.0095313900
  -0.0005852800   -0.0004881200    0.0095923300
  -0.0008813000   -0.0013301000    0.0095892100
   0.0011818900    0.0000380000    0.0096089900
  -0.0004206100   -0.0018475700    0.0099821500
  -0.0007308300   -0.0013569400    0.0095514700
  -0.0010446000   -0.0014533000    0.0094654700
  -0.0007556000   -0.0010274000    0.0095329500
  -0.0008829300   -0.0012078100    0.0096509100
  -0.0013818900   -0.0006629400    0.0095233800
  -0.0008541700   -0.0008102100    0.0094800900
  -0.0005472900   -0.0008042100    0.0095262200
  -0.0005166300   -0.0007446900    0.0094871400
  -0.0006480900   -0.0007958500    0.0094057900
   0.0001276200   -0.0008741900    0.0090496100
  -0.0009948000   -0.0009769200    0.0095882900
  -0.0009682800   -0.0008774800    0.0095362100
  -0.0011198900   -0.0013730100    0.0095473000
  -0.0006748200   -0.0032062400    0.0094494100

1    
  0.0000000000000000   0.0000000000000000   0.0100000000000000
   0.0006691600    0.0003662800   -0.0995856600
   0.0021734200    0.0034681900   -0.0042548200
   0.0006327000    0.0003952700   -0.0012905300
   0.0010022600    0.0007339300   -0.0012902500
  -0.0042136600    0.0000402100   -0.0042626700
   0.0026328500   -0.0022633600   -0.0050647500
   0.0025872600    0.0032307100   -0.0042520500
   0.0006390500    0.0003262600   -0.0014105200
   0.0005276900    0.0005000700   -0.0012237600
   0.0015677900    0.0006281600   -0.0010076100
   0.0010749700    0.0001589700   -0.0003894700
   0.0013601000   -0.0006649900   -0.0010084400
   0.0006988900    0.0003576300   -0.0012908200
   0.0008434200    0.0003188300   -0.0012231600
   0.0006826800    0.0004055800   -0.0015320800
   0.0002738100    0.0006199700   -0.0003895500
   0.0006989400    0.0004297200   -0.0015326800
   0.0009829700    0.0005392200   -0.0012225300
   0.0008091600    0.0008443600   -0.0012904700
   0.0004340600    0.0012816500   -0.0010071700
  -0.0026030100    0.0007581800   -0.0050646400
  -0.0005838400    0.0004550600   -0.0010089800
   0.0006505800    0.0007326100   -0.0012231600
   0.0006285000    0.0003112900   -0.0014112700
   0.0028205400   -0.0040160900   -0.0042599000
  -0.0073788500   -0.0015984600   -0.0004223100
   0.0005316400    0.0003489700   -0.0078866500
   0.0000705800    0.0003334500   -0.0078149300
   0.0003620800    0.0009346900   -0.0070239300
   0.0067954900    0.0122128900    0.0062442200
   0.0019551600   -0.0069990300   -0.0004016100
  -0.0006571800   -0.0007249200   -0.0068540000
   0.0001385400    0.0004049300   -0.0084775800
  -0.0000417800    0.0011554500   -0.0084725100
  -0.0012011900    0.0004922200   -0.0084705100
  -0.0005939600    0.0009862900   -0.0073824200
  -0.0003256100    0.0008444100   -0.0078859900
  -0.0000794600    0.0005318800   -0.0084773800
  -0.0003718000   -0.0002255000   -0.0076427700
   0.0007319900    0.0001835900   -0.0081610200
   0.0001599200    0.0006880700   -0.0088549600
   0.0004120500    0.0004048200   -0.0084093000
  -0.0001067900    0.0004351600   -0.0078149000
   0.0006614300    0.0007512500   -0.0084725300
  -0.0005715900    0.0009327500   -0.0081622700
   0.0007856700    0.0001885800   -0.0073830600
  -0.0002147000    0.0007692500   -0.0084091000
   0.0000767500    0.0005525900   -0.0084814100
   0.0002647300    0.0009885200   -0.0070250400
   0.0006687900   -0.0005826900   -0.0084672000
   0.0246180600   -0.0150757700    0.0464173200
  -0.0008252700   -0.0006509400    0.0099472600
  -0.0007827900   -0.0010762300    0.0095325900
  -0.0005794800   -0.0012422100    0.0098998900
   0.0010320900    0.0020562700    0.0105365900
  -0.0256859500    0.0139774400    0.0464357200
  -0.0018007700   -0.0026964900    0.0108000500
  -0.0008148000   -0.0006315200    0.0098094100
  -0.0008246100   -0.0009792600    0.0095479500
  -0.0011545900   -0.0017775400    0.0101055800
  -0.0023861700   -0.0004442200    0.0097145000
  -0.0004178300   -0.0008819200    0.0099453000
  -0.0004715500   -0.0008481600    0.0098220700
  -0.0006939900   -0.0009017100    0.0096216600
  -0.0007601000   -0.0010404000    0.0095024100
  -0.0007950000   -0.0009969700    0.0093660900
  -0.0008337500   -0.0010008200    0.0095636300
  -0.0008041700   -0.0010512300    0.0095224600
  -0.0008003100   -0.0010320000    0.0095455400
  -0.0007933900   -0.0009924900    0.0094923600
   0.0005302900   -0.0020881600    0.0097171700
  -0.0007784100   -0.0010256100    0.0095591400
  -0.0008270500   -0.0009928400    0.0096840100
  -0.0010614000   -0.0009000200    0.0099027800
  -0.0013512500   -0.0016740300    0.0101146200

1    
  0.0000000000000000   0.0000000000000000  -0.0100000000000000
   0.0007452700    0.0005272800    0.0962732900
  -0.0006964100   -0.0024544000    0.0014915600
   0.0008768700    0.0006688300   -0.0014780700
   0.0005219300    0.0003399400   -0.0014778000
   0.0057731900    0.0010758000    0.0014836700
  -0.0009591000    0.0032405500    0.0023736500
  -0.0010978600   -0.0022252500    0.0014903400
   0.0008833600    0.0007493500   -0.0013642100
   0.0009810100    0.0005670800   -0.0015455000
  -0.0000377200    0.0004409500   -0.0017556400
   0.0004410800    0.0009116800   -0.0023764100
   0.0001450400    0.0017308300   -0.0017582200
   0.0008138700    0.0007057500   -0.0014778900
   0.0006748500    0.0007443700   -0.0015461900
   0.0008276800    0.0006568400   -0.0012394000
   0.0012431900    0.0004480600   -0.0023765000
   0.0008225000    0.0006445200   -0.0012400200
   0.0005263100    0.0005334900   -0.0015456000
   0.0007087600    0.0002317500   -0.0014775300
   0.0010783400   -0.0002024600   -0.0017569100
   0.0039616300    0.0004021000    0.0023737700
   0.0020989600    0.0006040800   -0.0017570500
   0.0008747900    0.0003335700   -0.0015449400
   0.0008817000    0.0007497700   -0.0013649900
  -0.0012866300    0.0051479900    0.0014824500
   0.0077445800    0.0025808900   -0.0162361700
  -0.0004786500    0.0005734000   -0.0084266100
  -0.0000229200    0.0005887800   -0.0084827400
  -0.0003110800   -0.0000182600   -0.0092833100
  -0.0069739000   -0.0116830700   -0.0230619400
  -0.0020095400    0.0082180200   -0.0162572800
   0.0006993300    0.0016287000   -0.0094226500
  -0.0000794000    0.0005067500   -0.0078187500
   0.0000930200   -0.0002424400   -0.0078303900
   0.0012830600    0.0004240100   -0.0078003100
   0.0006452300   -0.0000495600   -0.0089238200
   0.0003735600    0.0000839100   -0.0084274200
   0.0001171300    0.0003938800   -0.0078189600
   0.0004226100    0.0011522100   -0.0086530600
  -0.0006738000    0.0007465800   -0.0081409500
  -0.0001063100    0.0002286900   -0.0074357800
  -0.0003637000    0.0005097100   -0.0078813600
   0.0001618500    0.0004821700   -0.0084826600
  -0.0006150600    0.0001659100   -0.0078304500
   0.0006207700   -0.0000033700   -0.0081397200
  -0.0007323600    0.0007430400   -0.0089231100
   0.0002633100    0.0001501300   -0.0078817100
  -0.0000294000    0.0003702400   -0.0078122200
  -0.0002215100   -0.0000690500   -0.0092823300
  -0.0006328400    0.0015294700   -0.0078035400
  -0.0248615400    0.0123476100   -0.0265355200
  -0.0007055900   -0.0014120800    0.0091249100
  -0.0007068200   -0.0009818300    0.0095172400
  -0.0009564600   -0.0008349400    0.0091738400
  -0.0024892200   -0.0040524800    0.0085455400
   0.0228443700   -0.0151224000   -0.0265290800
   0.0001853800    0.0007491000    0.0082799100
  -0.0008246100   -0.0012926900    0.0092396300
  -0.0007731300   -0.0009403400    0.0095324800
  -0.0004584500   -0.0001120800    0.0089330500
   0.0008648300   -0.0016132100    0.0093420000
  -0.0011368200   -0.0011622900    0.0091226200
  -0.0010389600   -0.0011875700    0.0092525300
  -0.0008320800   -0.0011410800    0.0094495700
  -0.0007783900   -0.0009840600    0.0095675100
  -0.0007991000   -0.0010045700    0.0096837600
  -0.0007017500   -0.0009827100    0.0095125200
  -0.0007598700   -0.0009385600    0.0095073700
  -0.0007930200   -0.0009678500    0.0095301900
  -0.0007361700   -0.0009793600    0.0095581600
  -0.0021099000    0.0001396800    0.0093447800
  -0.0008279300   -0.0009021400    0.0095073600
  -0.0008026000   -0.0009501000    0.0093922900
  -0.0005200700   -0.0010222100    0.0091773400
  -0.0002587000   -0.0002350800    0.0089413600

26   
  0.0083828654666698   0.0054522992001279   0.0000000000000000
   0.0072604500    0.0009324000   -0.0087724200
   0.0035655800    0.0053457800    0.0109730800
   0.0028675000    0.0010852300   -0.0008403300
  -0.0011401700    0.0007881200   -0.0014164000
   0.0013645600    0.0009943600   -0.0010227500
   0.0017796900    0.0003142500   -0.0009017800
   0.0011083300    0.0010110800   -0.0014192200
   0.0004577400    0.0023941700   -0.0008918200
   0.0014135500    0.0007381600   -0.0012936000
   0.0011863800   -0.0002154500   -0.0014142100
   0.0008391300    0.0008770200   -0.0011472300
   0.0009703900    0.0001990400   -0.0016309000
   0.0003531200    0.0003180600   -0.0006908600
   0.0015492300   -0.0002677800   -0.0015117800
   0.0002975300    0.0008008500   -0.0010906300
   0.0006548600    0.0001091400   -0.0016178700
   0.0004353500    0.0005072700   -0.0009471300
   0.0008898700    0.0008890900   -0.0020942800
   0.0002115600    0.0013382400   -0.0014317600
   0.0008478200    0.0009939600   -0.0014664700
   0.0003356900    0.0027364000   -0.0039102000
  -0.0011120900    0.0014985300   -0.0024257300
   0.0000698100   -0.0000174700   -0.0010616000
   0.0019821500    0.0002703300   -0.0013224400
   0.0019984900    0.0020339200   -0.0026031900
  -0.0658010200   -0.0207704300   -0.0092166700
   0.0058649900    0.0056767000   -0.0089756700
  -0.0002387900    0.0003321700   -0.0078640100
  -0.0004366000    0.0006619800   -0.0085539400
   0.0065874000    0.0032433200   -0.0069928700
   0.0128044400   -0.0039043900   -0.0095102100
   0.0033381600    0.0036925700   -0.0084229600
   0.0011159100    0.0022841700   -0.0072779700
  -0.0010531900   -0.0002024200   -0.0080676400
   0.0036726500    0.0000536600   -0.0090354900
   0.0001079200    0.0015000500   -0.0089525800
  -0.0004218300    0.0002588100   -0.0078815300
   0.0004795600    0.0006092800   -0.0081856700
   0.0001470300   -0.0003257900   -0.0082393200
   0.0001458800    0.0007115600   -0.0078389900
   0.0005458100    0.0008357400   -0.0074143900
   0.0001417800    0.0007129100   -0.0087387700
   0.0001103300   -0.0002635100   -0.0079204000
   0.0006918800    0.0002911900   -0.0080889900
  -0.0006908900    0.0006682200   -0.0085362800
   0.0149161600   -0.0071276900   -0.0086108200
   0.0034348700    0.0004472300   -0.0076095700
  -0.0010064000   -0.0002651900   -0.0081124600
   0.0010982200    0.0022600400   -0.0089806100
   0.0019897800    0.0055487900   -0.0065865900
  -0.0003335000   -0.0004271000    0.0080245500
  -0.0006200200   -0.0000031300    0.0098879100
  -0.0006075000   -0.0008473400    0.0094238400
  -0.0007750200   -0.0009097600    0.0095109500
  -0.0010766100   -0.0013138900    0.0097143600
  -0.0015747300   -0.0009325300    0.0106974800
  -0.0003554600   -0.0006584600    0.0091957700
  -0.0008307200   -0.0009999800    0.0093621400
  -0.0007638700   -0.0009783300    0.0095209600
  -0.0007251200   -0.0008439900    0.0093173400
  -0.0006157900   -0.0007572000    0.0093519400
  -0.0008544500   -0.0007894100    0.0096569100
  -0.0006580000   -0.0010201600    0.0093829900
  -0.0006532900   -0.0008575300    0.0095253200
  -0.0006015500   -0.0008984300    0.0097404800
  -0.0005653900   -0.0009815300    0.0095682600
  -0.0008786600   -0.0010448000    0.0094988400
  -0.0003787500   -0.0010561900    0.0094705500
  -0.0007460900   -0.0010561600    0.0095313600
  -0.0006689000   -0.0010563800    0.0093243900
  -0.0008461500   -0.0011129600    0.0096594700
  -0.0001213600   -0.0011991500    0.0095520400
  -0.0007812000   -0.0006668800    0.0095415200
  -0.0007724600   -0.0010060600    0.0093942700
  -0.0009259700   -0.0011863100    0.0097123000

26   
 -0.0083828654666698  -0.0054522992001279   0.0000000000000000
  -0.0058582600    0.0001742000    0.0061814200
  -0.0020481600   -0.0042354700   -0.0135940800
  -0.0013050000   -0.0000110400   -0.0019239700
   0.0026648800    0.0002836500   -0.0013555300
   0.0000884700    0.0000727900   -0.0017472300
  -0.0002647600    0.0007532800   -0.0018720200
   0.0003876300    0.0000582300   -0.0013586700
   0.0010460500   -0.0013014100   -0.0018759600
   0.0000998800    0.0003357600   -0.0014818800
   0.0003545100    0.0012754200   -0.0013510000
   0.0006778800    0.0001974700   -0.0016207400
   0.0005445600    0.0008649900   -0.0011417200
   0.0011573800    0.0007584100   -0.0020800000
  -0.0000300900    0.0013440000   -0.0012609100
   0.0012037000    0.0002723500   -0.0016836800
   0.0008611000    0.0009639700   -0.0011437300
   0.0010693400    0.0005568500   -0.0018187900
   0.0006275800    0.0001720500   -0.0006771000
   0.0013034200   -0.0002825600   -0.0013421200
   0.0006809300    0.0000562500   -0.0012948600
   0.0012067100   -0.0016272000    0.0010618600
   0.0025825200   -0.0004203300   -0.0003803700
   0.0014270400    0.0010960900   -0.0017107300
  -0.0004762700    0.0007946500   -0.0014495300
  -0.0004691200   -0.0009506500   -0.0001829400
   0.0660157700    0.0214675400   -0.0073531900
  -0.0052338200   -0.0043366800   -0.0072787900
   0.0002808300    0.0005760800   -0.0084125000
   0.0004940000    0.0002740700   -0.0077251900
  -0.0071554400   -0.0027045900   -0.0092673400
  -0.0128860000    0.0050001800   -0.0067481900
  -0.0032559500   -0.0026034900   -0.0078581100
  -0.0010462100   -0.0013412500   -0.0090227900
   0.0010909200    0.0011288600   -0.0082338800
  -0.0036296100    0.0008618000   -0.0072678700
  -0.0000666600   -0.0005799800   -0.0073432200
   0.0004886900    0.0006406600   -0.0084247700
  -0.0004368000    0.0003145100   -0.0081053800
  -0.0000964300    0.0012435900   -0.0080503900
  -0.0000939300    0.0002100000   -0.0084628600
  -0.0004900800    0.0000799500   -0.0088855800
  -0.0000981500    0.0002115300   -0.0075616500
  -0.0000568400    0.0011885200   -0.0083695000
  -0.0006361400    0.0006292800   -0.0082066300
   0.0007251100    0.0002728100   -0.0077670200
  -0.0147383600    0.0078721700   -0.0076787900
  -0.0033625400    0.0004791300   -0.0087039600
   0.0010613800    0.0011834200   -0.0081938300
  -0.0010632900   -0.0013663500   -0.0073248900
  -0.0019621200   -0.0048091700   -0.0097286700
  -0.0011814200   -0.0016311400    0.0110038600
  -0.0009124800   -0.0020436700    0.0092118100
  -0.0008774600   -0.0012068600    0.0096283600
  -0.0007606500   -0.0011677100    0.0095598000
  -0.0004002400   -0.0007228800    0.0093528000
  -0.0000737500   -0.0010143400    0.0083709100
  -0.0012353700   -0.0012478400    0.0098618100
  -0.0008151000   -0.0009353700    0.0096824700
  -0.0008379300   -0.0009458700    0.0095606200
  -0.0008889000   -0.0010554200    0.0097315200
  -0.0008977800   -0.0013057000    0.0097163500
  -0.0006919400   -0.0012555700    0.0094240900
  -0.0008486500   -0.0010150800    0.0096909100
  -0.0008743200   -0.0011900000    0.0095442300
  -0.0009420800   -0.0011277700    0.0093317200
  -0.0010308200   -0.0010179600    0.0094820800
  -0.0006604100   -0.0009344800    0.0095796800
  -0.0011852500   -0.0009343900    0.0095610700
  -0.0008479500   -0.0009396500    0.0095446700
  -0.0008616000   -0.0009171800    0.0097264500
  -0.0007438100   -0.0008456300    0.0094230300
  -0.0014745300   -0.0007396800    0.0095194000
  -0.0008451300   -0.0012739200    0.0095338000
  -0.0008058700   -0.0009141900    0.0096853200
  -0.0006868100   -0.0007120600    0.0093525600

26   
 -0.0086627951907802   0.0049955960087456   0.0000000000000000
  -0.0041945300    0.0009077600    0.0041598600
   0.0006722400    0.0005618800   -0.0014460100
   0.0003855900    0.0006675600   -0.0014365600
   0.0016507100    0.0005652600   -0.0014872600
   0.0004537900    0.0003671000   -0.0018752100
  -0.0007147100    0.0004394900   -0.0021828900
   0.0023009700   -0.0012502000   -0.0024923800
   0.0004519800    0.0007865600   -0.0013292700
  -0.0001388400    0.0010461900   -0.0013870600
   0.0008039500    0.0010663800   -0.0010206100
   0.0009495100    0.0004314700   -0.0013770500
   0.0006705000    0.0005826000   -0.0006378700
   0.0010453200   -0.0001776300   -0.0017937700
   0.0011795900   -0.0002526100   -0.0012780000
   0.0003149100    0.0002298600   -0.0017448100
   0.0000970100    0.0018599600   -0.0005911500
   0.0006706400    0.0005731100   -0.0021380700
   0.0008835100    0.0004607100   -0.0013830300
   0.0004322800    0.0006702200   -0.0012648600
   0.0007543000    0.0008805800   -0.0008885000
  -0.0020055300    0.0045649800   -0.0068620200
   0.0030143600    0.0000807300   -0.0003076600
   0.0015141000    0.0006462500   -0.0009793300
   0.0004775800    0.0007507400   -0.0015037600
   0.0001463500    0.0008936200   -0.0013868100
   0.0889614300   -0.0506412000   -0.0082005700
  -0.0048495400   -0.0001384200   -0.0075181400
   0.0001987600    0.0011090900   -0.0084947800
   0.0000070600    0.0007911800   -0.0076275600
  -0.0037364400    0.0019058200   -0.0076588300
  -0.0301546100    0.0157512000   -0.0070921900
  -0.0018985200    0.0050747600   -0.0087670200
  -0.0000317900    0.0004903200   -0.0081531500
   0.0003869500    0.0008733400   -0.0083455000
  -0.0034069000    0.0003338500   -0.0076035400
  -0.0000206000    0.0000309500   -0.0064533600
  -0.0013615100    0.0039015800   -0.0078513100
  -0.0004594000   -0.0000133900   -0.0078036200
  -0.0001526300   -0.0000669300   -0.0079532400
   0.0000675900    0.0004436000   -0.0081519100
   0.0004201100    0.0006869000   -0.0098479000
   0.0000640500    0.0004310300   -0.0081520100
  -0.0001863400   -0.0001254700   -0.0083524700
  -0.0002577900    0.0003103400   -0.0086694700
  -0.0016024200    0.0035034200   -0.0087045200
  -0.0269846500    0.0181215000   -0.0091092900
  -0.0036512100   -0.0000598500   -0.0084605200
   0.0004262900    0.0009384200   -0.0079465600
  -0.0000329600    0.0004966100   -0.0081540600
  -0.0031083100    0.0028666600   -0.0086146700
  -0.0008821100   -0.0009582900    0.0095017900
  -0.0008868500   -0.0015726800    0.0088047800
  -0.0009483500   -0.0011360900    0.0094684200
  -0.0008463100   -0.0011662400    0.0095552700
  -0.0005330500   -0.0009466900    0.0095359800
  -0.0000984900   -0.0011364300    0.0083878900
  -0.0003895900   -0.0005718400    0.0102756600
  -0.0008362900   -0.0009508600    0.0095255200
  -0.0007408700   -0.0007455200    0.0095530600
  -0.0010145400   -0.0010123300    0.0095289800
  -0.0010289300   -0.0011020600    0.0097825100
  -0.0012791600   -0.0007616100    0.0094285200
  -0.0007620500   -0.0007842700    0.0095946000
  -0.0009215800   -0.0011791400    0.0095229500
  -0.0009440100   -0.0009144600    0.0095356200
  -0.0008672600   -0.0007399700    0.0092778000
  -0.0006403400   -0.0010633100    0.0095408500
  -0.0009560900   -0.0007312200    0.0095693800
  -0.0007261100   -0.0008708300    0.0095195100
  -0.0008163500   -0.0007779600    0.0095180200
  -0.0002865500   -0.0015248500    0.0106915500
  -0.0012803200   -0.0006626300    0.0096449700
  -0.0011296400   -0.0009550400    0.0094832100
  -0.0008631100   -0.0009237000    0.0095394100
  -0.0007742100   -0.0011798400    0.0095340100

26   
  0.0086627951907802  -0.0049955960087456   0.0000000000000000
   0.0056237800    0.0001596200   -0.0068505100
   0.0008229400    0.0004703900   -0.0014552900
   0.0011301100    0.0003954800   -0.0013294300
  -0.0001346800    0.0005051300   -0.0012787200
   0.0010603600    0.0007039400   -0.0008878900
   0.0022380800    0.0006248800   -0.0005906100
  -0.0007626700    0.0022551300   -0.0003095400
   0.0010608400    0.0002779900   -0.0014363500
   0.0016520600    0.0000139000   -0.0013861800
   0.0007161600   -0.0000023900   -0.0017439400
   0.0005706200    0.0006502000   -0.0013758800
   0.0008352200    0.0004790200   -0.0021385000
   0.0004750900    0.0012459300   -0.0009803800
   0.0003357500    0.0013235200   -0.0014871900
   0.0011958300    0.0008419700   -0.0010203900
   0.0014158100   -0.0007892400   -0.0021823400
   0.0008433500    0.0004821600   -0.0006389000
   0.0006329800    0.0006037300   -0.0013829500
   0.0010875600    0.0003986000   -0.0015041000
   0.0007655800    0.0001866900   -0.0018740400
   0.0035621000   -0.0035710500    0.0041714600
  -0.0015639400    0.0009756000   -0.0024938600
  -0.0000041700    0.0004284100   -0.0017943700
   0.0010379500    0.0003216200   -0.0012640400
   0.0013745900    0.0001860700   -0.0013861200
  -0.0887521700    0.0518375700   -0.0082097000
   0.0049882900    0.0011124200   -0.0087674000
  -0.0001460200   -0.0001947600   -0.0078037300
   0.0000388000    0.0001403000   -0.0086695600
   0.0036792300   -0.0010439900   -0.0086152100
   0.0288382000   -0.0140718900   -0.0091092600
   0.0019496400   -0.0040523900   -0.0075184900
   0.0000846200    0.0004229500   -0.0081532100
  -0.0003449500    0.0000405700   -0.0079534700
   0.0034785200    0.0005765400   -0.0087041000
   0.0000236300    0.0009164500   -0.0098480200
   0.0014155400   -0.0029801400   -0.0084617400
   0.0004954300    0.0009383600   -0.0084947400
   0.0002023500    0.0009831800   -0.0083458300
  -0.0000148200    0.0004922200   -0.0081526900
  -0.0003248300    0.0002039200   -0.0064533300
  -0.0000185000    0.0004794800   -0.0081518500
   0.0002385300    0.0010458700   -0.0079471500
   0.0003198800    0.0006081100   -0.0076277900
   0.0016377500   -0.0025750500   -0.0076030300
   0.0283754300   -0.0180010200   -0.0070922400
   0.0036968900    0.0009850000   -0.0078524900
  -0.0003755400   -0.0000156000   -0.0083527800
   0.0000840100    0.0004301800   -0.0081542200
   0.0031607200   -0.0020629500   -0.0076594700
  -0.0006270100   -0.0011054200    0.0095000100
  -0.0006425600   -0.0004918100    0.0102812700
  -0.0005410700   -0.0009198800    0.0095832200
  -0.0006941200   -0.0009147900    0.0095164300
  -0.0009579800   -0.0011090800    0.0095381600
  -0.0015553300   -0.0008008000    0.0106921300
  -0.0012033900   -0.0013244800    0.0088020100
  -0.0008004500   -0.0009711300    0.0095255400
  -0.0008551500   -0.0011755100    0.0095301400
  -0.0005957600   -0.0008869700    0.0095158900
  -0.0004960100   -0.0009618900    0.0092852200
  -0.0002743600   -0.0012865400    0.0096489200
  -0.0007451600   -0.0012451000    0.0094800800
  -0.0006063900   -0.0008654100    0.0095459400
  -0.0005996400   -0.0011136000    0.0095355800
  -0.0007203400   -0.0012720900    0.0097742600
  -0.0008956600   -0.0009156500    0.0095415300
  -0.0006108000   -0.0012604100    0.0094620700
  -0.0008676200   -0.0011278300    0.0095586400
  -0.0007148500   -0.0012037500    0.0095311900
  -0.0013074700   -0.0004343700    0.0083876700
  -0.0003245300   -0.0012702500    0.0094241400
  -0.0004990400   -0.0009892800    0.0095906200
  -0.0007209100   -0.0010058400    0.0095391600
  -0.0008463400   -0.0007308000    0.0095317600

26   
  0.0000000000000000   0.0000000000000000   0.0100000000000000
   0.0002101700   -0.0006286800    0.0067156500
   0.0037247700    0.0056806600    0.0135324500
   0.0015255100    0.0008843000   -0.0002505600
   0.0008230000    0.0005629200   -0.0010485200
  -0.0003277800    0.0000052700   -0.0011152300
  -0.0025273400    0.0013995800   -0.0006192200
   0.0016173300    0.0006814100   -0.0017226500
   0.0006773300    0.0013726800   -0.0002514300
   0.0008968500    0.0007737800   -0.0017186500
   0.0007931900    0.0004790000   -0.0016464000
   0.0011187500    0.0011643100   -0.0020925100
   0.0012724900   -0.0006148100   -0.0013941500
   0.0011623500    0.0005010700   -0.0017044000
   0.0007492300    0.0006054900   -0.0010481600
   0.0006926400    0.0005380300   -0.0016470100
   0.0031556200   -0.0018790100   -0.0006185400
  -0.0004937300    0.0004034400   -0.0013932000
   0.0008603000    0.0007089200   -0.0008790200
   0.0009441400    0.0000922400   -0.0017139500
   0.0008451400   -0.0006713000   -0.0011142200
   0.0000312300   -0.0005344800    0.0067368800
   0.0004468600    0.0013526900   -0.0017257100
   0.0005245600    0.0008690600   -0.0017042000
   0.0002829900    0.0004736900   -0.0017135900
   0.0000805600   -0.0006388600   -0.0001027500
  -0.0005129500   -0.0004631900   -0.0551024600
   0.0003456700    0.0020004900   -0.0061051100
  -0.0005248300    0.0005469200   -0.0078500800
   0.0003867300    0.0004026200   -0.0078497400
  -0.0008114000    0.0002360800   -0.0061058900
   0.0004503600   -0.0009815400   -0.0090857600
   0.0011965700    0.0015084400   -0.0061035000
  -0.0004394100   -0.0003510200   -0.0082779400
  -0.0000798900    0.0006913200   -0.0081276200
   0.0005216700    0.0007062100   -0.0075346300
   0.0014660600   -0.0004163500   -0.0065985800
   0.0001452300   -0.0004334900   -0.0075351800
   0.0003719100    0.0000307600   -0.0078501400
   0.0002777400    0.0004881100   -0.0081269700
  -0.0003066400   -0.0001098300   -0.0092398300
  -0.0014561200    0.0012674300   -0.0065985100
   0.0001990000    0.0007615500   -0.0092369900
  -0.0001486400    0.0005545800   -0.0081265100
  -0.0002061900    0.0007417400   -0.0078499700
  -0.0000089600    0.0010118200   -0.0075342500
  -0.0014361200    0.0001074600   -0.0090858000
  -0.0008096300    0.0001171500   -0.0075354900
   0.0001941600    0.0003571300   -0.0081270600
   0.0005172700    0.0013161400   -0.0082789700
   0.0002490600   -0.0003736600   -0.0061043400
  -0.0025087700   -0.0040740000    0.0145480400
  -0.0002795500   -0.0002532500    0.0093087700
  -0.0006674400   -0.0008424000    0.0095030100
  -0.0007653400   -0.0008993400    0.0095437700
  -0.0008712500   -0.0010050900    0.0093533000
   0.0001554700    0.0000746000    0.0080799200
  -0.0003667000   -0.0001403700    0.0093018700
  -0.0007141600   -0.0007802500    0.0094395100
  -0.0006850400   -0.0010771200    0.0094582900
  -0.0004153400   -0.0009383600    0.0094821700
  -0.0002845300   -0.0016393500    0.0097988400
  -0.0012630200   -0.0005688100    0.0100826100
  -0.0006316400   -0.0008555400    0.0095142200
  -0.0009212800   -0.0009827000    0.0094514800
  -0.0008592600   -0.0011663200    0.0096314400
  -0.0015586500   -0.0008972200    0.0097916400
  -0.0007822200   -0.0010133500    0.0091635400
  -0.0011274800   -0.0008213600    0.0094352600
  -0.0006772500   -0.0009245600    0.0095468000
  -0.0009512300   -0.0006479800    0.0094844700
  -0.0003871600    0.0003937500    0.0080783000
  -0.0001639900   -0.0011605000    0.0100783100
  -0.0004913100   -0.0011826600    0.0094561800
  -0.0007220600   -0.0008434300    0.0093299400
  -0.0007276000   -0.0010526800    0.0093487600

26   
  0.0000000000000000   0.0000000000000000  -0.0100000000000000
   0.0010766300    0.0017000300   -0.0090996700
  -0.0020426800   -0.0043239800   -0.0157752400
  -0.0000071600    0.0001860700   -0.0025107300
   0.0006963200    0.0005077000   -0.0017171700
   0.0018229200    0.0010612100   -0.0016559800
   0.0040387100   -0.0003345300   -0.0021600600
  -0.0000542800    0.0003172300   -0.0010600100
   0.0008405000   -0.0003021400   -0.0025095100
   0.0006196500    0.0002919900   -0.0010501900
   0.0007259600    0.0005839200   -0.0011198100
   0.0003995200   -0.0000859800   -0.0006741000
   0.0002389300    0.0016811600   -0.0013723600
   0.0003539700    0.0005753600   -0.0010630300
   0.0007646400    0.0004683900   -0.0017167400
   0.0008176700    0.0005324200   -0.0011198700
  -0.0016362400    0.0029397000   -0.0021607600
   0.0020089900    0.0006591300   -0.0013739000
   0.0006568400    0.0003566900   -0.0018901500
   0.0005711700    0.0009699800   -0.0010562600
   0.0006802900    0.0017198600   -0.0016564500
   0.0016004000    0.0014066300   -0.0091202200
   0.0009855700   -0.0002780700   -0.0010565100
   0.0009944900    0.0002061400   -0.0010627800
   0.0012291100    0.0005914300   -0.0010554900
   0.0014391300    0.0017163500   -0.0026722500
   0.0005375800    0.0013404900    0.0373425300
  -0.0003444400   -0.0011104900   -0.0101721100
   0.0005772200    0.0003723000   -0.0084460600
  -0.0003435400    0.0005196800   -0.0084457500
   0.0009042800    0.0007106600   -0.0101729300
  -0.0002610300    0.0018212600   -0.0071918600
  -0.0011491800   -0.0006471400   -0.0101736900
   0.0004888900    0.0012585200   -0.0080198600
   0.0001229700    0.0002301000   -0.0081713900
  -0.0004640200    0.0002142200   -0.0087652700
  -0.0014357900    0.0013468100   -0.0097059200
  -0.0000975500    0.0013506800   -0.0087664800
  -0.0003314300    0.0008963400   -0.0084458100
  -0.0002220600    0.0004328100   -0.0081721500
   0.0003531000    0.0010346800   -0.0070708300
   0.0015230900   -0.0003615400   -0.0097058600
  -0.0001503100    0.0001544000   -0.0070680200
   0.0001974300    0.0003689900   -0.0081717200
   0.0002617100    0.0001697700   -0.0084456700
   0.0000599800   -0.0000905000   -0.0087655600
   0.0013460400    0.0008957400   -0.0071918900
   0.0008548400    0.0008003800   -0.0087661300
  -0.0001389500    0.0005643500   -0.0081708600
  -0.0004609800   -0.0003802000   -0.0080209100
  -0.0001983900    0.0013497600   -0.0101745700
   0.0009622600    0.0019454000    0.0045814900
  -0.0012380900   -0.0017781400    0.0098080200
  -0.0008178200   -0.0012137900    0.0095446500
  -0.0007735600   -0.0011795100    0.0095270100
  -0.0006142400   -0.0010415100    0.0097121800
  -0.0017824000   -0.0020145500    0.0109982900
  -0.0012035200   -0.0017292300    0.0098064900
  -0.0009221800   -0.0011410700    0.0096053300
  -0.0009128800   -0.0008446000    0.0096239600
  -0.0011913500   -0.0009578800    0.0095645300
  -0.0012330500   -0.0004273300    0.0092693000
  -0.0002974200   -0.0014709200    0.0089911200
  -0.0008778400   -0.0011703300    0.0095564800
  -0.0006063300   -0.0010638600    0.0096164600
  -0.0006840700   -0.0008612000    0.0094380400
  -0.0000349800   -0.0011098600    0.0092608400
  -0.0007557000   -0.0009690000    0.0099130100
  -0.0004379000   -0.0011682500    0.0095951300
  -0.0009153500   -0.0010716900    0.0095304300
  -0.0005791300   -0.0013290800    0.0095665700
  -0.0012227000   -0.0023310300    0.0109990900
  -0.0014301100   -0.0007741400    0.0089870800
  -0.0011363600   -0.0007593400    0.0096166000
  -0.0008580000   -0.0010792600    0.0097475500
  -0.0008877900   -0.0008485800    0.0097083700

51   
  0.0083828654666698   0.0054522992001279   0.0000000000000000
   0.0149813100   -0.0063995200    0.0117757900
   0.0006799700   -0.0013784800    0.0017854800
   0.0015706200    0.0010820400   -0.0013320900
   0.0003683800    0.0002572200   -0.0014429600
   0.0015491700    0.0012318000   -0.0012319600
   0.0017314200    0.0005998800   -0.0008897700
   0.0001976500    0.0017830200   -0.0022347700
   0.0009491300    0.0018711500   -0.0015746500
   0.0008179500    0.0008006700   -0.0014071400
   0.0005499200    0.0005172300   -0.0013979900
   0.0003529600    0.0004467700   -0.0013828100
   0.0009705300    0.0004988600   -0.0014133100
   0.0008475300   -0.0000540600   -0.0014057400
   0.0008304600    0.0000624200   -0.0014345000
   0.0007302200    0.0004365200   -0.0014465000
   0.0010950600    0.0014257600   -0.0024319900
   0.0006475300    0.0007495600   -0.0013926300
   0.0010023300    0.0009432100   -0.0012612400
   0.0008690000    0.0016830800   -0.0010520400
   0.0009361100    0.0011425900   -0.0010075400
   0.0161107900   -0.0081682900   -0.0138136400
   0.0033488700    0.0005141300   -0.0021418500
   0.0001997900    0.0001060900   -0.0014184600
   0.0014988000    0.0009234000   -0.0011962400
   0.0005428700   -0.0010383100   -0.0031276500
   0.0004491900    0.0010590400   -0.0112314200
  -0.0003630100    0.0002303500   -0.0082471300
   0.0001413300    0.0003977700   -0.0080679700
   0.0002821800    0.0004499100   -0.0079872200
   0.0006389400    0.0007439700   -0.0073398100
  -0.0001267300    0.0004709400   -0.0070578300
  -0.0000512200    0.0001467000   -0.0081391200
   0.0000413300    0.0004085300   -0.0080238700
   0.0002890800    0.0004045100   -0.0079921500
   0.0004205000    0.0006690700   -0.0077207100
   0.0000892800    0.0007395400   -0.0087301500
   0.0000031400    0.0005712600   -0.0081165900
  -0.0000512900    0.0005951600   -0.0080080200
   0.0001957700    0.0007602000   -0.0083417100
  -0.0000864200    0.0004059000   -0.0081700900
   0.0003350200    0.0004773500   -0.0080841400
   0.0001957500    0.0005736500   -0.0083067000
   0.0002649400    0.0004318000   -0.0082576300
  -0.0000012700    0.0006480100   -0.0079584500
   0.0002294600    0.0002507300   -0.0083088500
  -0.0006270800    0.0003546500   -0.0067645000
   0.0002271200    0.0003852800   -0.0078164500
  -0.0000655200    0.0006389900   -0.0081169100
   0.0000160700    0.0004318300   -0.0079676900
  -0.0000073600    0.0014902000   -0.0073703500
  -0.0420330300    0.0041977100    0.0058361000
   0.0025698500    0.0006006500    0.0085925400
  -0.0008447100   -0.0010370900    0.0095182500
  -0.0008306400   -0.0011036300    0.0095645800
   0.0025496300    0.0004557100    0.0108934100
  -0.0008503400   -0.0014020100    0.0104633800
  -0.0011624700    0.0007739700    0.0092105300
  -0.0011221900   -0.0013122900    0.0092036500
  -0.0008073900   -0.0009942100    0.0095849100
  -0.0005271600   -0.0009456300    0.0096574900
  -0.0007242300   -0.0009874500    0.0094787500
  -0.0007707000   -0.0010058300    0.0095750200
  -0.0007527000   -0.0010830200    0.0095432200
  -0.0007504100   -0.0011216200    0.0095503800
  -0.0007202500   -0.0009907000    0.0095894100
  -0.0007702900   -0.0009480100    0.0096033100
  -0.0007176300   -0.0009677000    0.0094904700
  -0.0008132200   -0.0010261200    0.0094863000
  -0.0008339600   -0.0010082400    0.0095368300
  -0.0008113700   -0.0008940700    0.0095325200
  -0.0014178600   -0.0005161300    0.0091752400
  -0.0005777600   -0.0008833800    0.0094058900
  -0.0007765600   -0.0010703400    0.0094862700
  -0.0010959700   -0.0013242300    0.0099194300
  -0.0012262100    0.0008216000    0.0101037900

51   
 -0.0083828654666698  -0.0054522992001279   0.0000000000000000
  -0.0134484100    0.0077706300   -0.0147403300
   0.0007940200    0.0023151000   -0.0044969500
  -0.0000496500   -0.0000131700   -0.0014259400
   0.0011516300    0.0008142600   -0.0013276600
  -0.0000856900   -0.0001860900   -0.0015467300
  -0.0002193800    0.0004687400   -0.0018882400
   0.0013050500   -0.0007041200   -0.0005341300
   0.0005665100   -0.0007942900   -0.0011873500
   0.0007008900    0.0002709200   -0.0013632000
   0.0009654100    0.0005480700   -0.0013720900
   0.0011592200    0.0006163300   -0.0013902300
   0.0005459100    0.0005687400   -0.0013580600
   0.0006635800    0.0011241700   -0.0013645100
   0.0006828800    0.0010066000   -0.0013357700
   0.0007848700    0.0006303300   -0.0013258200
   0.0004230700   -0.0003553300   -0.0003439200
   0.0008605800    0.0003224200   -0.0013770800
   0.0005160600    0.0001181800   -0.0015073700
   0.0006507300   -0.0006281400   -0.0017126300
   0.0005902100   -0.0000923400   -0.0017630400
  -0.0147109600    0.0090546000    0.0109938900
  -0.0017553700    0.0005630700   -0.0006497400
   0.0013134900    0.0009562400   -0.0013539100
   0.0000076200    0.0001494200   -0.0015648200
   0.0010126900    0.0022217000    0.0004161000
  -0.0003994000   -0.0001446400   -0.0050398500
   0.0004074300    0.0006763100   -0.0080514000
  -0.0000930000    0.0005216300   -0.0082275200
  -0.0002359400    0.0004713100   -0.0083156900
  -0.0006084500    0.0001709100   -0.0089744700
   0.0001627500    0.0004501100   -0.0092438800
   0.0000930400    0.0007662600   -0.0081619000
   0.0000079400    0.0004998800   -0.0082662900
  -0.0002387600    0.0005102200   -0.0083019500
  -0.0003628400    0.0002518600   -0.0085713300
  -0.0000387000    0.0001837500   -0.0075686700
   0.0000448400    0.0003495800   -0.0081759500
   0.0000945100    0.0003303700   -0.0082877000
  -0.0001468100    0.0001683100   -0.0079526700
   0.0001313200    0.0005165100   -0.0081235700
  -0.0002855600    0.0004487700   -0.0082183300
  -0.0001448300    0.0003438800   -0.0079932900
  -0.0002071700    0.0004848200   -0.0080377600
   0.0000554600    0.0002721400   -0.0083363200
  -0.0001771400    0.0006590700   -0.0079911000
   0.0006883300    0.0005576900   -0.0095279500
  -0.0001714300    0.0005341800   -0.0084775300
   0.0001114200    0.0002850700   -0.0081809900
   0.0000312700    0.0004964800   -0.0083387800
   0.0000672500   -0.0005672100   -0.0089378400
   0.0406072500   -0.0063441100    0.0133736100
  -0.0040131500   -0.0025882000    0.0104862200
  -0.0006464300   -0.0010234900    0.0095316000
  -0.0007076100   -0.0009743700    0.0095040800
  -0.0041339800   -0.0025787400    0.0081723800
  -0.0007759700   -0.0005324300    0.0086164700
  -0.0004250400   -0.0026429300    0.0098711800
  -0.0005132200   -0.0005999700    0.0098415200
  -0.0007912600   -0.0009282100    0.0094962000
  -0.0010785400   -0.0009514100    0.0093911700
  -0.0007875600   -0.0010783300    0.0095876400
  -0.0007786600   -0.0010394900    0.0095015800
  -0.0007547800   -0.0009475200    0.0095305500
  -0.0007763800   -0.0009215100    0.0095162500
  -0.0008219300   -0.0010353300    0.0094825200
  -0.0008247900   -0.0010524400    0.0094464000
  -0.0008192100   -0.0010124900    0.0095883300
  -0.0007506200   -0.0009622000    0.0095439400
  -0.0007607400   -0.0009885200    0.0095407700
  -0.0007186700   -0.0010824600    0.0095191000
  -0.0001863400   -0.0014256200    0.0099051900
  -0.0010283800   -0.0010440400    0.0096627600
  -0.0008489600   -0.0008682300    0.0095861100
  -0.0004870800   -0.0006118000    0.0091538900
  -0.0003884300   -0.0027494900    0.0089728200

51   
 -0.0086627951907802   0.0049955960087456   0.0000000000000000
  -0.0321296000    0.0185445800   -0.0304189800
  -0.0009213400    0.0014718500   -0.0013904400
   0.0010268900    0.0008432900   -0.0016474800
   0.0006982700    0.0006508400   -0.0013754000
   0.0003478900    0.0002609300   -0.0011450600
   0.0003300600    0.0012842400   -0.0031099200
  -0.0000666100    0.0015799100   -0.0012730300
   0.0006201300    0.0001339100   -0.0011173300
   0.0009146100    0.0004441300   -0.0013832500
   0.0009080700    0.0004702800   -0.0014376200
   0.0013419300    0.0001980500   -0.0013861000
   0.0007833500    0.0005916000   -0.0013647500
   0.0005573400    0.0004187300   -0.0013969200
   0.0006266700    0.0005281000   -0.0013932900
   0.0008886600    0.0004351900   -0.0013329700
  -0.0000667600    0.0005080300    0.0002910300
   0.0007269300    0.0004787800   -0.0014085000
   0.0007499000    0.0005369100   -0.0013834600
   0.0005973600    0.0001892000   -0.0015437800
   0.0007948200    0.0010197500   -0.0016280000
  -0.0303543500    0.0193631500    0.0261533300
  -0.0005588700    0.0007178700   -0.0015009500
   0.0007583900    0.0007648400   -0.0013712400
   0.0009811900    0.0008535500   -0.0012213500
  -0.0004043200    0.0012128100   -0.0013872200
  -0.0001090300    0.0005225600   -0.0081130400
   0.0001934500    0.0004672600   -0.0080260200
   0.0000613400    0.0005324000   -0.0080813200
  -0.0000638800    0.0005502300   -0.0081207600
   0.0003403600    0.0006768200   -0.0081874100
   0.0004456500   -0.0002316300   -0.0078290100
   0.0001049700    0.0003097800   -0.0082668400
  -0.0000444600    0.0004982700   -0.0081507700
  -0.0000794100    0.0008444000   -0.0085330200
  -0.0007142100    0.0003079600   -0.0087921600
  -0.0002065700    0.0004620700   -0.0074347800
  -0.0001356900    0.0004877800   -0.0078174700
  -0.0000204600    0.0003935600   -0.0082140700
  -0.0003600800    0.0003572000   -0.0077625600
   0.0001504100    0.0003879600   -0.0081483600
  -0.0000822600    0.0006568700   -0.0088615000
  -0.0001462800    0.0005605000   -0.0081481400
  -0.0000159500    0.0005008900   -0.0079920900
  -0.0000963700    0.0004936400   -0.0081765300
  -0.0002171600    0.0011702200   -0.0075035500
   0.0008420100    0.0004386200   -0.0084652500
  -0.0000765400    0.0005826600   -0.0084800200
  -0.0000345200    0.0004766300   -0.0083054500
   0.0000078700    0.0004741700   -0.0081451700
  -0.0000071700    0.0000802800   -0.0081188800
   0.0726302500   -0.0432732700    0.0110656500
  -0.0025594400   -0.0021913200    0.0102198100
  -0.0007000900   -0.0010575900    0.0095393000
  -0.0006917100   -0.0010101300    0.0094998800
  -0.0024846800   -0.0021108300    0.0086630300
   0.0000146800   -0.0008296100    0.0081062200
  -0.0006799200    0.0011845000    0.0088585500
  -0.0006521600   -0.0010514700    0.0095242600
  -0.0008913300   -0.0009659400    0.0095106400
  -0.0009917100   -0.0009427100    0.0093842600
  -0.0007542200   -0.0010299900    0.0096806500
  -0.0008270900   -0.0007822100    0.0093563200
  -0.0007069000   -0.0010381100    0.0095223100
  -0.0008042800   -0.0009377800    0.0095637500
  -0.0008342900   -0.0009778600    0.0095350100
  -0.0008042000   -0.0010026100    0.0093797400
  -0.0008312100   -0.0009545900    0.0095383700
  -0.0008640100   -0.0009811600    0.0094918500
  -0.0007841800   -0.0010829700    0.0095737500
  -0.0008624100   -0.0008285300    0.0096649600
  -0.0005288400   -0.0017348900    0.0109453800
  -0.0010356700   -0.0010394100    0.0097157300
  -0.0008668100   -0.0009067200    0.0095595500
  -0.0006288200   -0.0010604600    0.0095394500
  -0.0007476100    0.0011040600    0.0104084300

51   
  0.0086627951907802  -0.0049955960087456   0.0000000000000000
   0.0326297300   -0.0169629500    0.0261463400
   0.0024127700   -0.0004470000   -0.0013916100
   0.0004813500    0.0002132800   -0.0011174100
   0.0008177800    0.0004177800   -0.0013939900
   0.0011602800    0.0008096100   -0.0016287600
   0.0011493200   -0.0001950900    0.0002910100
   0.0015775100   -0.0005137100   -0.0015004100
   0.0008916500    0.0009204900   -0.0016472200
   0.0006034400    0.0006233800   -0.0013830000
   0.0006065300    0.0005966400   -0.0013329100
   0.0001721600    0.0008721400   -0.0013862600
   0.0007261600    0.0004801300   -0.0014076200
   0.0009553000    0.0006509600   -0.0013710900
   0.0008879700    0.0005414400   -0.0013753100
   0.0006282200    0.0006328500   -0.0014382300
   0.0016238900    0.0005365300   -0.0031099200
   0.0007947400    0.0005843600   -0.0013644700
   0.0007669200    0.0005271800   -0.0013833400
   0.0009228700    0.0008860500   -0.0012217500
   0.0007284500    0.0000416400   -0.0011452500
   0.0328224200   -0.0189164200   -0.0304262200
   0.0020767800    0.0003450100   -0.0012720700
   0.0007574800    0.0003033200   -0.0013963200
   0.0005405200    0.0002219200   -0.0015430400
   0.0019283500   -0.0001287000   -0.0013864100
   0.0001463000    0.0003743000   -0.0081127700
  -0.0001445700    0.0004542500   -0.0082668000
  -0.0000135900    0.0003887200   -0.0082140900
   0.0001167900    0.0003722000   -0.0081759500
  -0.0002895700    0.0002405000   -0.0081188200
  -0.0004032500    0.0011562000   -0.0084662800
  -0.0000533700    0.0006080100   -0.0080259600
   0.0000984500    0.0004160900   -0.0081507000
   0.0001268200    0.0000730100   -0.0077625900
   0.0007644900    0.0006057700   -0.0075021400
   0.0002503600    0.0004660700   -0.0088609500
   0.0001812800    0.0004343700   -0.0084799900
   0.0000656900    0.0005300200   -0.0080811700
   0.0004109400    0.0005649800   -0.0085331600
  -0.0001046300    0.0005347700   -0.0081490700
   0.0001412700    0.0002590900   -0.0074341100
   0.0001988200    0.0003611900   -0.0081473600
   0.0000699400    0.0004156900   -0.0083054100
   0.0001479300    0.0004258800   -0.0081203600
   0.0002668900   -0.0002591000   -0.0087906700
  -0.0007842900    0.0004794400   -0.0078300800
   0.0001279000    0.0003350800   -0.0078174000
   0.0000818900    0.0004453500   -0.0079917700
   0.0000440600    0.0004532200   -0.0081451000
   0.0000543100    0.0008442200   -0.0081874700
  -0.0741010000    0.0413475800    0.0110724000
   0.0010233300    0.0001382400    0.0088626900
  -0.0007878500   -0.0009997300    0.0095108400
  -0.0008483900   -0.0010718000    0.0095707300
   0.0010060300    0.0000591200    0.0104127600
  -0.0016147600   -0.0011152600    0.0109458300
  -0.0008990300   -0.0030814000    0.0102155300
  -0.0009795400   -0.0008627300    0.0095244400
  -0.0007043300   -0.0009532500    0.0095710200
  -0.0006154300   -0.0009524000    0.0096631100
  -0.0007539200   -0.0010395600    0.0093876900
  -0.0007228200   -0.0012623900    0.0097196900
  -0.0008013900   -0.0009911300    0.0095508400
  -0.0007214500   -0.0011060300    0.0095035900
  -0.0007088900   -0.0010503600    0.0095350800
  -0.0007958200   -0.0009981800    0.0096729300
  -0.0007056800   -0.0010269200    0.0095384600
  -0.0007000100   -0.0010086800    0.0095384100
  -0.0008096600   -0.0009163500    0.0095033400
  -0.0006659100   -0.0011488200    0.0093867700
  -0.0010979100   -0.0001820700    0.0081057900
  -0.0005670800   -0.0008890300    0.0093519600
  -0.0007609200   -0.0010347000    0.0095130800
  -0.0009562600   -0.0008718500    0.0095394400
  -0.0008747900   -0.0030024200    0.0086590100

51   
  0.0000000000000000   0.0000000000000000   0.0100000000000000
   0.0254387100   -0.0109826000    0.0347787000
  -0.0009605500   -0.0024484200   -0.0003922100
   0.0005274700    0.0001574900   -0.0010222000
   0.0007823200    0.0006029700   -0.0013788000
   0.0007197300    0.0004988200   -0.0009765400
   0.0003557100    0.0007612300   -0.0011992300
   0.0007890000    0.0007555900   -0.0008006300
   0.0005485500    0.0001457600   -0.0010223300
   0.0008626700    0.0007141100   -0.0012393700
   0.0008288800    0.0005439800   -0.0013597300
   0.0007876900    0.0005884200   -0.0015445900
   0.0006924000    0.0006578800   -0.0014191300
   0.0007014600    0.0005407100   -0.0013784700
   0.0008044500    0.0005901700   -0.0013785200
   0.0007314100    0.0006012300   -0.0013604100
   0.0011582800    0.0002981100   -0.0011991800
   0.0008972200    0.0005389500   -0.0014190900
   0.0006886300    0.0004108900   -0.0012986500
   0.0008702500    0.0008671500   -0.0011006800
   0.0007474800    0.0004827700   -0.0009760900
  -0.0215786900    0.0161336500    0.0347846300
   0.0009337700    0.0006726500   -0.0008007700
   0.0007899900    0.0004899100   -0.0013781800
   0.0009905700    0.0007986500   -0.0011000000
   0.0015822400    0.0019664800   -0.0001242400
  -0.0008060000   -0.0009793300   -0.0031769800
   0.0001256600    0.0006339600   -0.0083266900
  -0.0000017700    0.0004547500   -0.0081407200
   0.0000046700    0.0003086200   -0.0081711200
   0.0006537300    0.0000909700   -0.0084080100
  -0.0006174500    0.0016569700   -0.0096061900
   0.0001247000    0.0006336000   -0.0083270400
  -0.0000543200    0.0003168200   -0.0083577800
   0.0000576000    0.0004131000   -0.0082290300
  -0.0000328800    0.0005780600   -0.0076035800
   0.0002009800    0.0002711900   -0.0078862100
  -0.0000846300    0.0002600100   -0.0081918800
   0.0000302400    0.0004368800   -0.0081408200
  -0.0000315500    0.0004674000   -0.0082288000
   0.0000005700    0.0004223900   -0.0085234000
  -0.0002277300    0.0005169800   -0.0078867700
   0.0001394200    0.0006575000   -0.0080512600
   0.0000287200    0.0004390100   -0.0082318500
  -0.0000954400    0.0003649300   -0.0081715300
   0.0001582500    0.0004663400   -0.0076034100
   0.0013822100    0.0005041700   -0.0096050000
  -0.0000949100    0.0002652700   -0.0081919900
   0.0000058200    0.0004530300   -0.0082320500
  -0.0000642700    0.0003076000   -0.0082322900
  -0.0006093800    0.0008199400   -0.0084107100
  -0.0028419800   -0.0046583600   -0.0651264100
   0.0005228900   -0.0005351600    0.0086961600
  -0.0007062200   -0.0010326400    0.0094595800
  -0.0007820000   -0.0010333500    0.0094697500
  -0.0016825800   -0.0013032200    0.0086933000
  -0.0018882200    0.0000122800    0.0089890600
  -0.0010116400    0.0004141100    0.0086925300
  -0.0006032600   -0.0005879800    0.0094749700
  -0.0008401700   -0.0009859000    0.0095041500
  -0.0009854000   -0.0009012400    0.0094415700
  -0.0006227800   -0.0010942700    0.0095521700
  -0.0008557800   -0.0008859200    0.0094562100
  -0.0007768200   -0.0009839200    0.0094712000
  -0.0007647900   -0.0010715200    0.0094971700
  -0.0007987100   -0.0010607500    0.0094532500
  -0.0009175400   -0.0009163100    0.0095443500
  -0.0007386700   -0.0009386900    0.0094565900
  -0.0007908200   -0.0009496000    0.0094786500
  -0.0007846800   -0.0010058700    0.0094729400
  -0.0006334700   -0.0011223500    0.0094437500
   0.0005835000   -0.0014070800    0.0089887900
  -0.0006429400   -0.0009657300    0.0094520600
  -0.0007705800   -0.0009555100    0.0094996800
  -0.0009703400   -0.0012741600    0.0094896900
  -0.0005788900   -0.0019035800    0.0086896700

51   
  0.0000000000000000   0.0000000000000000  -0.0100000000000000
  -0.0250007600    0.0125952400   -0.0381704000
   0.0024857700    0.0035328500   -0.0023809500
   0.0009873300    0.0009103900   -0.0017463400
   0.0007322800    0.0004651300   -0.0013920700
   0.0007984400    0.0005708700   -0.0017969000
   0.0011694600    0.0003015400   -0.0015697200
   0.0007253500    0.0003066800   -0.0019719400
   0.0009688800    0.0009204700   -0.0017458400
   0.0006541200    0.0003521900   -0.0015290500
   0.0006857600    0.0005226400   -0.0014095000
   0.0007252800    0.0004807900   -0.0012248800
   0.0008219200    0.0004111800   -0.0013513200
   0.0008112900    0.0005312200   -0.0013917800
   0.0007096600    0.0004783400   -0.0013915800
   0.0007843500    0.0004671600   -0.0014094800
   0.0003522700    0.0007733600   -0.0015697500
   0.0006188900    0.0005275100   -0.0013519600
   0.0008287900    0.0006552300   -0.0014687300
   0.0006478900    0.0002018100   -0.0016682800
   0.0007692300    0.0005872900   -0.0017967800
   0.0241040500   -0.0157247800   -0.0381762700
   0.0005782200    0.0003916800   -0.0019713800
   0.0007269900    0.0005799200   -0.0013916300
   0.0005259200    0.0002723100   -0.0016678100
  -0.0000681600   -0.0008986600   -0.0026422200
   0.0008653600    0.0019154100   -0.0131412200
  -0.0000782700    0.0002848100   -0.0079655900
   0.0000493900    0.0004658200   -0.0081552500
   0.0000490700    0.0006155600   -0.0081272900
  -0.0006289600    0.0008230200   -0.0079062700
   0.0006595800   -0.0007401200   -0.0066829000
  -0.0000755500    0.0002820100   -0.0079652200
   0.0001090200    0.0005997100   -0.0079379500
  -0.0000123900    0.0005067900   -0.0080663800
   0.0000839000    0.0003387800   -0.0086926400
  -0.0001511100    0.0006546600   -0.0084148500
   0.0001327400    0.0006634500   -0.0081075600
   0.0000137700    0.0004867900   -0.0081549800
   0.0000848300    0.0004546100   -0.0080667100
   0.0000455300    0.0005018300   -0.0077716700
   0.0002808900    0.0004035800   -0.0084141600
  -0.0000897300    0.0002602100   -0.0082424500
   0.0000253000    0.0004791700   -0.0080646900
   0.0001472700    0.0005566700   -0.0081270500
  -0.0001070500    0.0004474500   -0.0086927400
  -0.0013318700    0.0004102700   -0.0066841300
   0.0001453300    0.0006557700   -0.0081074100
   0.0000420900    0.0004702400   -0.0080641800
   0.0001152600    0.0006191100   -0.0080643500
   0.0006658500    0.0000809000   -0.0079036500
   0.0013808700    0.0026789200    0.0854749900
  -0.0020732800   -0.0015345100    0.0103786700
  -0.0007834400   -0.0010247700    0.0095894900
  -0.0007570600   -0.0010471200    0.0095997700
   0.0002094400   -0.0007389100    0.0103759000
   0.0002584700   -0.0019494200    0.0101061300
  -0.0005753200   -0.0023312000    0.0103739300
  -0.0010324400   -0.0013322200    0.0095729900
  -0.0007557400   -0.0009325400    0.0095766400
  -0.0006187400   -0.0009937000    0.0096043600
  -0.0008900500   -0.0009710700    0.0095118200
  -0.0006930600   -0.0011607000    0.0096190300
  -0.0007315300   -0.0010463600    0.0096011100
  -0.0007609800   -0.0009716600    0.0095693300
  -0.0007439000   -0.0009655000    0.0096170200
  -0.0006773200   -0.0010859800    0.0095044500
  -0.0007986100   -0.0010425100    0.0096203600
  -0.0007731100   -0.0010393600    0.0095507700
  -0.0008092500   -0.0009913300    0.0096028300
  -0.0008970400   -0.0008518500    0.0096065500
  -0.0021895300   -0.0005312200    0.0101058900
  -0.0009629200   -0.0009623100    0.0096148700
  -0.0008572600   -0.0009849300    0.0095721400
  -0.0006128300   -0.0006538900    0.0095876700
  -0.0010388200    0.0000152500    0.0103710900
