Automatically generated mesh
     405
Reciprocal lattice
    0.00000000000000    0.00000000000000    0.00000000000000             1
    0.05882352941177    0.00000000000000    0.00000000000000             4
    0.11764705882353    0.00000000000000    0.00000000000000             4
    0.17647058823530    0.00000000000000    0.00000000000000             4
    0.23529411764706    0.00000000000000    0.00000000000000             4
    0.29411764705883    0.00000000000000    0.00000000000000             4
    0.35294117647059    0.00000000000000    0.00000000000000             4
    0.41176470588236    0.00000000000000    0.00000000000000             4
    0.47058823529412    0.00000000000000    0.00000000000000             4
    0.05882352941177    0.05882352941177    0.00000000000000             4
    0.11764705882353    0.05882352941177    0.00000000000000             8
    0.17647058823530    0.05882352941177    0.00000000000000             8
    0.23529411764706    0.05882352941177    0.00000000000000             8
    0.29411764705883    0.05882352941177    0.00000000000000             8
    0.35294117647059    0.05882352941177    0.00000000000000             8
    0.41176470588236    0.05882352941177    0.00000000000000             8
    0.47058823529412    0.05882352941177    0.00000000000000             8
    0.11764705882353    0.11764705882353    0.00000000000000             4
    0.17647058823530    0.11764705882353    0.00000000000000             8
    0.23529411764706    0.11764705882353    0.00000000000000             8
    0.29411764705883    0.11764705882353    0.00000000000000             8
    0.35294117647059    0.11764705882353    0.00000000000000             8
    0.41176470588236    0.11764705882353    0.00000000000000             8
    0.47058823529412    0.11764705882353    0.00000000000000             8
    0.17647058823530    0.17647058823530    0.00000000000000             4
    0.23529411764706    0.17647058823530    0.00000000000000             8
    0.29411764705883    0.17647058823530    0.00000000000000             8
    0.35294117647059    0.17647058823530    0.00000000000000             8
    0.41176470588236    0.17647058823530    0.00000000000000             8
    0.47058823529412    0.17647058823530    0.00000000000000             8
    0.23529411764706    0.23529411764706    0.00000000000000             4
    0.29411764705883    0.23529411764706    0.00000000000000             8
    0.35294117647059    0.23529411764706    0.00000000000000             8
    0.41176470588236    0.23529411764706    0.00000000000000             8
    0.47058823529412    0.23529411764706    0.00000000000000             8
    0.29411764705883    0.29411764705883    0.00000000000000             4
    0.35294117647059    0.29411764705883    0.00000000000000             8
    0.41176470588236    0.29411764705883    0.00000000000000             8
    0.47058823529412    0.29411764705883    0.00000000000000             8
    0.35294117647059    0.35294117647059    0.00000000000000             4
    0.41176470588236    0.35294117647059    0.00000000000000             8
    0.47058823529412    0.35294117647059    0.00000000000000             8
    0.41176470588236    0.41176470588236    0.00000000000000             4
    0.47058823529412    0.41176470588236    0.00000000000000             8
    0.47058823529412    0.47058823529412    0.00000000000000             4
    0.00000000000000    0.00000000000000    0.05882352941177             2
    0.05882352941177    0.00000000000000    0.05882352941177             8
    0.11764705882353    0.00000000000000    0.05882352941177             8
    0.17647058823530    0.00000000000000    0.05882352941177             8
    0.23529411764706    0.00000000000000    0.05882352941177             8
    0.29411764705883    0.00000000000000    0.05882352941177             8
    0.35294117647059    0.00000000000000    0.05882352941177             8
    0.41176470588236    0.00000000000000    0.05882352941177             8
    0.47058823529412    0.00000000000000    0.05882352941177             8
    0.05882352941177    0.05882352941177    0.05882352941177             8
    0.11764705882353    0.05882352941177    0.05882352941177            16
    0.17647058823530    0.05882352941177    0.05882352941177            16
    0.23529411764706    0.05882352941177    0.05882352941177            16
    0.29411764705883    0.05882352941177    0.05882352941177            16
    0.35294117647059    0.05882352941177    0.05882352941177            16
    0.41176470588236    0.05882352941177    0.05882352941177            16
    0.47058823529412    0.05882352941177    0.05882352941177            16
    0.11764705882353    0.11764705882353    0.05882352941177             8
    0.17647058823530    0.11764705882353    0.05882352941177            16
    0.23529411764706    0.11764705882353    0.05882352941177            16
    0.29411764705883    0.11764705882353    0.05882352941177            16
    0.35294117647059    0.11764705882353    0.05882352941177            16
    0.41176470588236    0.11764705882353    0.05882352941177            16
    0.47058823529412    0.11764705882353    0.05882352941177            16
    0.17647058823530    0.17647058823530    0.05882352941177             8
    0.23529411764706    0.17647058823530    0.05882352941177            16
    0.29411764705883    0.17647058823530    0.05882352941177            16
    0.35294117647059    0.17647058823530    0.05882352941177            16
    0.41176470588236    0.17647058823530    0.05882352941177            16
    0.47058823529412    0.17647058823530    0.05882352941177            16
    0.23529411764706    0.23529411764706    0.05882352941177             8
    0.29411764705883    0.23529411764706    0.05882352941177            16
    0.35294117647059    0.23529411764706    0.05882352941177            16
    0.41176470588236    0.23529411764706    0.05882352941177            16
    0.47058823529412    0.23529411764706    0.05882352941177            16
    0.29411764705883    0.29411764705883    0.05882352941177             8
    0.35294117647059    0.29411764705883    0.05882352941177            16
    0.41176470588236    0.29411764705883    0.05882352941177            16
    0.47058823529412    0.29411764705883    0.05882352941177            16
    0.35294117647059    0.35294117647059    0.05882352941177             8
    0.41176470588236    0.35294117647059    0.05882352941177            16
    0.47058823529412    0.35294117647059    0.05882352941177            16
    0.41176470588236    0.41176470588236    0.05882352941177             8
    0.47058823529412    0.41176470588236    0.05882352941177            16
    0.47058823529412    0.47058823529412    0.05882352941177             8
    0.00000000000000    0.00000000000000    0.11764705882353             2
    0.05882352941177    0.00000000000000    0.11764705882353             8
    0.11764705882353    0.00000000000000    0.11764705882353             8
    0.17647058823530    0.00000000000000    0.11764705882353             8
    0.23529411764706    0.00000000000000    0.11764705882353             8
    0.29411764705883    0.00000000000000    0.11764705882353             8
    0.35294117647059    0.00000000000000    0.11764705882353             8
    0.41176470588236    0.00000000000000    0.11764705882353             8
    0.47058823529412    0.00000000000000    0.11764705882353             8
    0.05882352941177    0.05882352941177    0.11764705882353             8
    0.11764705882353    0.05882352941177    0.11764705882353            16
    0.17647058823530    0.05882352941177    0.11764705882353            16
    0.23529411764706    0.05882352941177    0.11764705882353            16
    0.29411764705883    0.05882352941177    0.11764705882353            16
    0.35294117647059    0.05882352941177    0.11764705882353            16
    0.41176470588236    0.05882352941177    0.11764705882353            16
    0.47058823529412    0.05882352941177    0.11764705882353            16
    0.11764705882353    0.11764705882353    0.11764705882353             8
    0.17647058823530    0.11764705882353    0.11764705882353            16
    0.23529411764706    0.11764705882353    0.11764705882353            16
    0.29411764705883    0.11764705882353    0.11764705882353            16
    0.35294117647059    0.11764705882353    0.11764705882353            16
    0.41176470588236    0.11764705882353    0.11764705882353            16
    0.47058823529412    0.11764705882353    0.11764705882353            16
    0.17647058823530    0.17647058823530    0.11764705882353             8
    0.23529411764706    0.17647058823530    0.11764705882353            16
    0.29411764705883    0.17647058823530    0.11764705882353            16
    0.35294117647059    0.17647058823530    0.11764705882353            16
    0.41176470588236    0.17647058823530    0.11764705882353            16
    0.47058823529412    0.17647058823530    0.11764705882353            16
    0.23529411764706    0.23529411764706    0.11764705882353             8
    0.29411764705883    0.23529411764706    0.11764705882353            16
    0.35294117647059    0.23529411764706    0.11764705882353            16
    0.41176470588236    0.23529411764706    0.11764705882353            16
    0.47058823529412    0.23529411764706    0.11764705882353            16
    0.29411764705883    0.29411764705883    0.11764705882353             8
    0.35294117647059    0.29411764705883    0.11764705882353            16
    0.41176470588236    0.29411764705883    0.11764705882353            16
    0.47058823529412    0.29411764705883    0.11764705882353            16
    0.35294117647059    0.35294117647059    0.11764705882353             8
    0.41176470588236    0.35294117647059    0.11764705882353            16
    0.47058823529412    0.35294117647059    0.11764705882353            16
    0.41176470588236    0.41176470588236    0.11764705882353             8
    0.47058823529412    0.41176470588236    0.11764705882353            16
    0.47058823529412    0.47058823529412    0.11764705882353             8
    0.00000000000000    0.00000000000000    0.17647058823530             2
    0.05882352941177    0.00000000000000    0.17647058823530             8
    0.11764705882353    0.00000000000000    0.17647058823530             8
    0.17647058823530    0.00000000000000    0.17647058823530             8
    0.23529411764706    0.00000000000000    0.17647058823530             8
    0.29411764705883    0.00000000000000    0.17647058823530             8
    0.35294117647059    0.00000000000000    0.17647058823530             8
    0.41176470588236    0.00000000000000    0.17647058823530             8
    0.47058823529412    0.00000000000000    0.17647058823530             8
    0.05882352941177    0.05882352941177    0.17647058823530             8
    0.11764705882353    0.05882352941177    0.17647058823530            16
    0.17647058823530    0.05882352941177    0.17647058823530            16
    0.23529411764706    0.05882352941177    0.17647058823530            16
    0.29411764705883    0.05882352941177    0.17647058823530            16
    0.35294117647059    0.05882352941177    0.17647058823530            16
    0.41176470588236    0.05882352941177    0.17647058823530            16
    0.47058823529412    0.05882352941177    0.17647058823530            16
    0.11764705882353    0.11764705882353    0.17647058823530             8
    0.17647058823530    0.11764705882353    0.17647058823530            16
    0.23529411764706    0.11764705882353    0.17647058823530            16
    0.29411764705883    0.11764705882353    0.17647058823530            16
    0.35294117647059    0.11764705882353    0.17647058823530            16
    0.41176470588236    0.11764705882353    0.17647058823530            16
    0.47058823529412    0.11764705882353    0.17647058823530            16
    0.17647058823530    0.17647058823530    0.17647058823530             8
    0.23529411764706    0.17647058823530    0.17647058823530            16
    0.29411764705883    0.17647058823530    0.17647058823530            16
    0.35294117647059    0.17647058823530    0.17647058823530            16
    0.41176470588236    0.17647058823530    0.17647058823530            16
    0.47058823529412    0.17647058823530    0.17647058823530            16
    0.23529411764706    0.23529411764706    0.17647058823530             8
    0.29411764705883    0.23529411764706    0.17647058823530            16
    0.35294117647059    0.23529411764706    0.17647058823530            16
    0.41176470588236    0.23529411764706    0.17647058823530            16
    0.47058823529412    0.23529411764706    0.17647058823530            16
    0.29411764705883    0.29411764705883    0.17647058823530             8
    0.35294117647059    0.29411764705883    0.17647058823530            16
    0.41176470588236    0.29411764705883    0.17647058823530            16
    0.47058823529412    0.29411764705883    0.17647058823530            16
    0.35294117647059    0.35294117647059    0.17647058823530             8
    0.41176470588236    0.35294117647059    0.17647058823530            16
    0.47058823529412    0.35294117647059    0.17647058823530            16
    0.41176470588236    0.41176470588236    0.17647058823530             8
    0.47058823529412    0.41176470588236    0.17647058823530            16
    0.47058823529412    0.47058823529412    0.17647058823530             8
    0.00000000000000    0.00000000000000    0.23529411764706             2
    0.05882352941177    0.00000000000000    0.23529411764706             8
    0.11764705882353    0.00000000000000    0.23529411764706             8
    0.17647058823530    0.00000000000000    0.23529411764706             8
    0.23529411764706    0.00000000000000    0.23529411764706             8
    0.29411764705883    0.00000000000000    0.23529411764706             8
    0.35294117647059    0.00000000000000    0.23529411764706             8
    0.41176470588236    0.00000000000000    0.23529411764706             8
    0.47058823529412    0.00000000000000    0.23529411764706             8
    0.05882352941177    0.05882352941177    0.23529411764706             8
    0.11764705882353    0.05882352941177    0.23529411764706            16
    0.17647058823530    0.05882352941177    0.23529411764706            16
    0.23529411764706    0.05882352941177    0.23529411764706            16
    0.29411764705883    0.05882352941177    0.23529411764706            16
    0.35294117647059    0.05882352941177    0.23529411764706            16
    0.41176470588236    0.05882352941177    0.23529411764706            16
    0.47058823529412    0.05882352941177    0.23529411764706            16
    0.11764705882353    0.11764705882353    0.23529411764706             8
    0.17647058823530    0.11764705882353    0.23529411764706            16
    0.23529411764706    0.11764705882353    0.23529411764706            16
    0.29411764705883    0.11764705882353    0.23529411764706            16
    0.35294117647059    0.11764705882353    0.23529411764706            16
    0.41176470588236    0.11764705882353    0.23529411764706            16
    0.47058823529412    0.11764705882353    0.23529411764706            16
    0.17647058823530    0.17647058823530    0.23529411764706             8
    0.23529411764706    0.17647058823530    0.23529411764706            16
    0.29411764705883    0.17647058823530    0.23529411764706            16
    0.35294117647059    0.17647058823530    0.23529411764706            16
    0.41176470588236    0.17647058823530    0.23529411764706            16
    0.47058823529412    0.17647058823530    0.23529411764706            16
    0.23529411764706    0.23529411764706    0.23529411764706             8
    0.29411764705883    0.23529411764706    0.23529411764706            16
    0.35294117647059    0.23529411764706    0.23529411764706            16
    0.41176470588236    0.23529411764706    0.23529411764706            16
    0.47058823529412    0.23529411764706    0.23529411764706            16
    0.29411764705883    0.29411764705883    0.23529411764706             8
    0.35294117647059    0.29411764705883    0.23529411764706            16
    0.41176470588236    0.29411764705883    0.23529411764706            16
    0.47058823529412    0.29411764705883    0.23529411764706            16
    0.35294117647059    0.35294117647059    0.23529411764706             8
    0.41176470588236    0.35294117647059    0.23529411764706            16
    0.47058823529412    0.35294117647059    0.23529411764706            16
    0.41176470588236    0.41176470588236    0.23529411764706             8
    0.47058823529412    0.41176470588236    0.23529411764706            16
    0.47058823529412    0.47058823529412    0.23529411764706             8
    0.00000000000000    0.00000000000000    0.29411764705883             2
    0.05882352941177    0.00000000000000    0.29411764705883             8
    0.11764705882353    0.00000000000000    0.29411764705883             8
    0.17647058823530    0.00000000000000    0.29411764705883             8
    0.23529411764706    0.00000000000000    0.29411764705883             8
    0.29411764705883    0.00000000000000    0.29411764705883             8
    0.35294117647059    0.00000000000000    0.29411764705883             8
    0.41176470588236    0.00000000000000    0.29411764705883             8
    0.47058823529412    0.00000000000000    0.29411764705883             8
    0.05882352941177    0.05882352941177    0.29411764705883             8
    0.11764705882353    0.05882352941177    0.29411764705883            16
    0.17647058823530    0.05882352941177    0.29411764705883            16
    0.23529411764706    0.05882352941177    0.29411764705883            16
    0.29411764705883    0.05882352941177    0.29411764705883            16
    0.35294117647059    0.05882352941177    0.29411764705883            16
    0.41176470588236    0.05882352941177    0.29411764705883            16
    0.47058823529412    0.05882352941177    0.29411764705883            16
    0.11764705882353    0.11764705882353    0.29411764705883             8
    0.17647058823530    0.11764705882353    0.29411764705883            16
    0.23529411764706    0.11764705882353    0.29411764705883            16
    0.29411764705883    0.11764705882353    0.29411764705883            16
    0.35294117647059    0.11764705882353    0.29411764705883            16
    0.41176470588236    0.11764705882353    0.29411764705883            16
    0.47058823529412    0.11764705882353    0.29411764705883            16
    0.17647058823530    0.17647058823530    0.29411764705883             8
    0.23529411764706    0.17647058823530    0.29411764705883            16
    0.29411764705883    0.17647058823530    0.29411764705883            16
    0.35294117647059    0.17647058823530    0.29411764705883            16
    0.41176470588236    0.17647058823530    0.29411764705883            16
    0.47058823529412    0.17647058823530    0.29411764705883            16
    0.23529411764706    0.23529411764706    0.29411764705883             8
    0.29411764705883    0.23529411764706    0.29411764705883            16
    0.35294117647059    0.23529411764706    0.29411764705883            16
    0.41176470588236    0.23529411764706    0.29411764705883            16
    0.47058823529412    0.23529411764706    0.29411764705883            16
    0.29411764705883    0.29411764705883    0.29411764705883             8
    0.35294117647059    0.29411764705883    0.29411764705883            16
    0.41176470588236    0.29411764705883    0.29411764705883            16
    0.47058823529412    0.29411764705883    0.29411764705883            16
    0.35294117647059    0.35294117647059    0.29411764705883             8
    0.41176470588236    0.35294117647059    0.29411764705883            16
    0.47058823529412    0.35294117647059    0.29411764705883            16
    0.41176470588236    0.41176470588236    0.29411764705883             8
    0.47058823529412    0.41176470588236    0.29411764705883            16
    0.47058823529412    0.47058823529412    0.29411764705883             8
    0.00000000000000    0.00000000000000    0.35294117647059             2
    0.05882352941177    0.00000000000000    0.35294117647059             8
    0.11764705882353    0.00000000000000    0.35294117647059             8
    0.17647058823530    0.00000000000000    0.35294117647059             8
    0.23529411764706    0.00000000000000    0.35294117647059             8
    0.29411764705883    0.00000000000000    0.35294117647059             8
    0.35294117647059    0.00000000000000    0.35294117647059             8
    0.41176470588236    0.00000000000000    0.35294117647059             8
    0.47058823529412    0.00000000000000    0.35294117647059             8
    0.05882352941177    0.05882352941177    0.35294117647059             8
    0.11764705882353    0.05882352941177    0.35294117647059            16
    0.17647058823530    0.05882352941177    0.35294117647059            16
    0.23529411764706    0.05882352941177    0.35294117647059            16
    0.29411764705883    0.05882352941177    0.35294117647059            16
    0.35294117647059    0.05882352941177    0.35294117647059            16
    0.41176470588236    0.05882352941177    0.35294117647059            16
    0.47058823529412    0.05882352941177    0.35294117647059            16
    0.11764705882353    0.11764705882353    0.35294117647059             8
    0.17647058823530    0.11764705882353    0.35294117647059            16
    0.23529411764706    0.11764705882353    0.35294117647059            16
    0.29411764705883    0.11764705882353    0.35294117647059            16
    0.35294117647059    0.11764705882353    0.35294117647059            16
    0.41176470588236    0.11764705882353    0.35294117647059            16
    0.47058823529412    0.11764705882353    0.35294117647059            16
    0.17647058823530    0.17647058823530    0.35294117647059             8
    0.23529411764706    0.17647058823530    0.35294117647059            16
    0.29411764705883    0.17647058823530    0.35294117647059            16
    0.35294117647059    0.17647058823530    0.35294117647059            16
    0.41176470588236    0.17647058823530    0.35294117647059            16
    0.47058823529412    0.17647058823530    0.35294117647059            16
    0.23529411764706    0.23529411764706    0.35294117647059             8
    0.29411764705883    0.23529411764706    0.35294117647059            16
    0.35294117647059    0.23529411764706    0.35294117647059            16
    0.41176470588236    0.23529411764706    0.35294117647059            16
    0.47058823529412    0.23529411764706    0.35294117647059            16
    0.29411764705883    0.29411764705883    0.35294117647059             8
    0.35294117647059    0.29411764705883    0.35294117647059            16
    0.41176470588236    0.29411764705883    0.35294117647059            16
    0.47058823529412    0.29411764705883    0.35294117647059            16
    0.35294117647059    0.35294117647059    0.35294117647059             8
    0.41176470588236    0.35294117647059    0.35294117647059            16
    0.47058823529412    0.35294117647059    0.35294117647059            16
    0.41176470588236    0.41176470588236    0.35294117647059             8
    0.47058823529412    0.41176470588236    0.35294117647059            16
    0.47058823529412    0.47058823529412    0.35294117647059             8
    0.00000000000000    0.00000000000000    0.41176470588236             2
    0.05882352941177    0.00000000000000    0.41176470588236             8
    0.11764705882353    0.00000000000000    0.41176470588236             8
    0.17647058823530    0.00000000000000    0.41176470588236             8
    0.23529411764706    0.00000000000000    0.41176470588236             8
    0.29411764705883    0.00000000000000    0.41176470588236             8
    0.35294117647059    0.00000000000000    0.41176470588236             8
    0.41176470588236    0.00000000000000    0.41176470588236             8
    0.47058823529412    0.00000000000000    0.41176470588236             8
    0.05882352941177    0.05882352941177    0.41176470588236             8
    0.11764705882353    0.05882352941177    0.41176470588236            16
    0.17647058823530    0.05882352941177    0.41176470588236            16
    0.23529411764706    0.05882352941177    0.41176470588236            16
    0.29411764705883    0.05882352941177    0.41176470588236            16
    0.35294117647059    0.05882352941177    0.41176470588236            16
    0.41176470588236    0.05882352941177    0.41176470588236            16
    0.47058823529412    0.05882352941177    0.41176470588236            16
    0.11764705882353    0.11764705882353    0.41176470588236             8
    0.17647058823530    0.11764705882353    0.41176470588236            16
    0.23529411764706    0.11764705882353    0.41176470588236            16
    0.29411764705883    0.11764705882353    0.41176470588236            16
    0.35294117647059    0.11764705882353    0.41176470588236            16
    0.41176470588236    0.11764705882353    0.41176470588236            16
    0.47058823529412    0.11764705882353    0.41176470588236            16
    0.17647058823530    0.17647058823530    0.41176470588236             8
    0.23529411764706    0.17647058823530    0.41176470588236            16
    0.29411764705883    0.17647058823530    0.41176470588236            16
    0.35294117647059    0.17647058823530    0.41176470588236            16
    0.41176470588236    0.17647058823530    0.41176470588236            16
    0.47058823529412    0.17647058823530    0.41176470588236            16
    0.23529411764706    0.23529411764706    0.41176470588236             8
    0.29411764705883    0.23529411764706    0.41176470588236            16
    0.35294117647059    0.23529411764706    0.41176470588236            16
    0.41176470588236    0.23529411764706    0.41176470588236            16
    0.47058823529412    0.23529411764706    0.41176470588236            16
    0.29411764705883    0.29411764705883    0.41176470588236             8
    0.35294117647059    0.29411764705883    0.41176470588236            16
    0.41176470588236    0.29411764705883    0.41176470588236            16
    0.47058823529412    0.29411764705883    0.41176470588236            16
    0.35294117647059    0.35294117647059    0.41176470588236             8
    0.41176470588236    0.35294117647059    0.41176470588236            16
    0.47058823529412    0.35294117647059    0.41176470588236            16
    0.41176470588236    0.41176470588236    0.41176470588236             8
    0.47058823529412    0.41176470588236    0.41176470588236            16
    0.47058823529412    0.47058823529412    0.41176470588236             8
    0.00000000000000    0.00000000000000    0.47058823529412             2
    0.05882352941177    0.00000000000000    0.47058823529412             8
    0.11764705882353    0.00000000000000    0.47058823529412             8
    0.17647058823530    0.00000000000000    0.47058823529412             8
    0.23529411764706    0.00000000000000    0.47058823529412             8
    0.29411764705883    0.00000000000000    0.47058823529412             8
    0.35294117647059    0.00000000000000    0.47058823529412             8
    0.41176470588236    0.00000000000000    0.47058823529412             8
    0.47058823529412    0.00000000000000    0.47058823529412             8
    0.05882352941177    0.05882352941177    0.47058823529412             8
    0.11764705882353    0.05882352941177    0.47058823529412            16
    0.17647058823530    0.05882352941177    0.47058823529412            16
    0.23529411764706    0.05882352941177    0.47058823529412            16
    0.29411764705883    0.05882352941177    0.47058823529412            16
    0.35294117647059    0.05882352941177    0.47058823529412            16
    0.41176470588236    0.05882352941177    0.47058823529412            16
    0.47058823529412    0.05882352941177    0.47058823529412            16
    0.11764705882353    0.11764705882353    0.47058823529412             8
    0.17647058823530    0.11764705882353    0.47058823529412            16
    0.23529411764706    0.11764705882353    0.47058823529412            16
    0.29411764705883    0.11764705882353    0.47058823529412            16
    0.35294117647059    0.11764705882353    0.47058823529412            16
    0.41176470588236    0.11764705882353    0.47058823529412            16
    0.47058823529412    0.11764705882353    0.47058823529412            16
    0.17647058823530    0.17647058823530    0.47058823529412             8
    0.23529411764706    0.17647058823530    0.47058823529412            16
    0.29411764705883    0.17647058823530    0.47058823529412            16
    0.35294117647059    0.17647058823530    0.47058823529412            16
    0.41176470588236    0.17647058823530    0.47058823529412            16
    0.47058823529412    0.17647058823530    0.47058823529412            16
    0.23529411764706    0.23529411764706    0.47058823529412             8
    0.29411764705883    0.23529411764706    0.47058823529412            16
    0.35294117647059    0.23529411764706    0.47058823529412            16
    0.41176470588236    0.23529411764706    0.47058823529412            16
    0.47058823529412    0.23529411764706    0.47058823529412            16
    0.29411764705883    0.29411764705883    0.47058823529412             8
    0.35294117647059    0.29411764705883    0.47058823529412            16
    0.41176470588236    0.29411764705883    0.47058823529412            16
    0.47058823529412    0.29411764705883    0.47058823529412            16
    0.35294117647059    0.35294117647059    0.47058823529412             8
    0.41176470588236    0.35294117647059    0.47058823529412            16
    0.47058823529412    0.35294117647059    0.47058823529412            16
    0.41176470588236    0.41176470588236    0.47058823529412             8
    0.47058823529412    0.41176470588236    0.47058823529412            16
    0.47058823529412    0.47058823529412    0.47058823529412             8
