75   
18   

1    
  0.0083828654666698   0.0054522992001279   0.0000000000000000
  -0.0836561100   -0.0061494800   -0.0368021700
   0.0101674600    0.0049272200   -0.0413921900
   0.0010293200    0.0013713800   -0.0365724200
   0.0011049600    0.0013953600   -0.0369896700
   0.0083802500    0.0063496600   -0.0340557700
   0.0112890600   -0.0063277700   -0.0394962600
   0.0006174000    0.0070662400   -0.0377176900
   0.0002332100   -0.0009162700   -0.0370128900
   0.0006373100    0.0006071300   -0.0368637700
   0.0032558600    0.0009194600   -0.0380937900
   0.0016930800    0.0014279600   -0.0372750200
  -0.0003598900    0.0010966400   -0.0366700100
   0.0009272700    0.0013755800   -0.0366743100
   0.0010383700    0.0007208700   -0.0366748100
   0.0006986900    0.0007487700   -0.0369673200
   0.0019810800    0.0009882300   -0.0367866300
   0.0006996700    0.0007583200   -0.0370239400
   0.0011276800    0.0005908100   -0.0368961900
   0.0009281200    0.0014099900   -0.0369538200
  -0.0003058400    0.0010234400   -0.0370997300
   0.0095593900   -0.0036997700   -0.0369203500
   0.0033113100    0.0008221200   -0.0360686200
   0.0005822700    0.0007547400   -0.0370413000
   0.0001959100   -0.0009492300   -0.0371606600
   0.0018287700    0.0050657300   -0.0338244800
   0.0052572400    0.0014848100    0.0506493000
   0.0002587900    0.0001546300    0.0504249000
  -0.0017998300   -0.0009938500    0.0517079700
   0.0009580600    0.0013701600    0.0524700300
   0.0023655700    0.0045485200    0.0566321700
   0.0000928700    0.0004084300    0.0504489400
   0.0008239600    0.0012382800    0.0504241100
   0.0001815800    0.0003574000    0.0511979700
  -0.0014334500   -0.0004141700    0.0516339200
  -0.0018993100    0.0002515500    0.0519259500
  -0.0006677000   -0.0002950600    0.0522606700
  -0.0003788200    0.0000828800    0.0510369700
  -0.0002861500   -0.0004334400    0.0515469400
  -0.0002893300   -0.0000441300    0.0518264400
  -0.0005150700   -0.0005396900    0.0505447800
  -0.0002998900   -0.0000174400    0.0523153000
  -0.0001920000   -0.0009993900    0.0515682300
  -0.0002793800   -0.0002609500    0.0516648400
  -0.0005748300   -0.0008969800    0.0519918100
  -0.0003918400   -0.0002491700    0.0514251200
   0.0008280500   -0.0006130700    0.0492778700
  -0.0007324500   -0.0001538300    0.0515991100
   0.0002857900   -0.0000639300    0.0519221600
   0.0000672200    0.0003800100    0.0520078000
  -0.0002791000    0.0005238900    0.0525017500
   0.0146684500   -0.0092518900   -0.0000189800
   0.0004961900    0.0000850900   -0.0148206900
  -0.0007827900   -0.0010461900   -0.0147176900
  -0.0002302500    0.0007201000   -0.0151537500
  -0.0004961300   -0.0023146900   -0.0178436400
   0.0139928800   -0.0074712000   -0.0252611900
  -0.0007735900   -0.0021735500   -0.0133007200
  -0.0003304200    0.0006318800   -0.0144242800
  -0.0010215300   -0.0010916700   -0.0147543000
   0.0012958800    0.0006582900   -0.0145539100
   0.0004412700   -0.0003716800   -0.0145604000
  -0.0004139000    0.0002277400   -0.0147935200
   0.0001442100   -0.0001781700   -0.0144760000
  -0.0002562200   -0.0001466300   -0.0148820200
  -0.0004481600   -0.0005520200   -0.0146599800
  -0.0009497900   -0.0006567600   -0.0147109300
  -0.0005179900   -0.0004782200   -0.0147366600
  -0.0005940100   -0.0008699000   -0.0147214900
  -0.0005618200   -0.0010423300   -0.0147869100
  -0.0003921800   -0.0002431800   -0.0147771200
   0.0000104000    0.0005007900   -0.0149858500
  -0.0006992500   -0.0005574800   -0.0146786300
  -0.0004742900   -0.0002360000   -0.0145755400
   0.0001899900    0.0000324400   -0.0151583700
  -0.0003614900   -0.0003773600   -0.0146187200

1    
 -0.0083828654666698  -0.0054522992001279   0.0000000000000000
   0.0853176400    0.0079985300   -0.0365824300
  -0.0076992500   -0.0030098900   -0.0324102700
   0.0007286800    0.0001975600   -0.0371512900
   0.0007857400    0.0002500100   -0.0367292300
  -0.0071976600   -0.0051064800   -0.0397227200
  -0.0095779900    0.0081198400   -0.0342297900
   0.0011403700   -0.0052074700   -0.0360457200
   0.0016315400    0.0025578000   -0.0367332200
   0.0011532300    0.0009917900   -0.0368728100
  -0.0014228700    0.0006908200   -0.0356236300
   0.0001267400    0.0001862700   -0.0364665000
   0.0021839100    0.0004939700   -0.0370731800
   0.0008889300    0.0002126300   -0.0370669400
   0.0007886900    0.0008714300   -0.0370550500
   0.0011275300    0.0008498900   -0.0367752800
  -0.0001503800    0.0006154300   -0.0369432000
   0.0011285200    0.0008593700   -0.0367102400
   0.0006932500    0.0010254100   -0.0368301000
   0.0009080700    0.0002190000   -0.0367863500
   0.0021200600    0.0006019800   -0.0366415500
  -0.0076956400    0.0051948100   -0.0367733500
  -0.0014853300    0.0007748000   -0.0376418600
   0.0012830900    0.0008550200   -0.0366955900
   0.0015944800    0.0025244200   -0.0365909300
   0.0000629700   -0.0036895500   -0.0399466600
  -0.0059989600   -0.0020771100    0.0525395300
  -0.0010351400   -0.0007127400    0.0528115700
   0.0009649100    0.0004039700    0.0515508900
  -0.0017904500   -0.0019824900    0.0507818400
  -0.0031926200   -0.0051657000    0.0464947200
  -0.0009404800   -0.0010060500    0.0527845000
  -0.0016771500   -0.0018729900    0.0528700500
  -0.0009868900   -0.0009586500    0.0520620600
   0.0006176800   -0.0001643800    0.0516283800
   0.0010979800   -0.0008562000    0.0513756700
  -0.0001463700   -0.0002863400    0.0510257500
  -0.0004505700   -0.0006574900    0.0522185200
  -0.0005431200   -0.0001380600    0.0517180400
  -0.0005296800   -0.0005464200    0.0514395900
  -0.0003032500   -0.0000445500    0.0527216700
  -0.0005247700   -0.0005647600    0.0509524300
  -0.0006242700    0.0004080200    0.0516994600
  -0.0005467400   -0.0003366900    0.0515986400
  -0.0002366800    0.0003162900    0.0512703500
  -0.0004351400   -0.0003440300    0.0518357300
  -0.0016335500    0.0000182000    0.0539644300
  -0.0001039900   -0.0004345400    0.0516717100
  -0.0010967500   -0.0005108100    0.0513435900
  -0.0008878200   -0.0009617100    0.0512596400
  -0.0005245800   -0.0011264900    0.0507753200
  -0.0156948100    0.0078631100   -0.0294394400
  -0.0014220700   -0.0011432000   -0.0147070100
  -0.0001478300   -0.0000430600   -0.0148279100
  -0.0007448000   -0.0018408000   -0.0143592600
  -0.0003980200    0.0013735700   -0.0116972800
  -0.0148672500    0.0066415900   -0.0043615500
  -0.0003091600    0.0010785700   -0.0162338000
  -0.0007490200   -0.0015725000   -0.0151132800
  -0.0000175100    0.0001376000   -0.0147607300
  -0.0023965600   -0.0016252300   -0.0149963200
  -0.0013918400   -0.0007349800   -0.0149680100
  -0.0005719300   -0.0013044300   -0.0147264100
  -0.0010882900   -0.0008949300   -0.0150388900
  -0.0007083400   -0.0009225100   -0.0146394800
  -0.0005274000   -0.0005051700   -0.0148618900
  -0.0000837400   -0.0003739000   -0.0148384600
  -0.0004594900   -0.0005351400   -0.0147815900
  -0.0004100300   -0.0001504300   -0.0148414100
  -0.0004704900    0.0000109000   -0.0147301500
  -0.0005794800   -0.0007605300   -0.0147677200
  -0.0010205000   -0.0014811300   -0.0145479900
  -0.0003405100   -0.0004029400   -0.0148498100
  -0.0005954000   -0.0007434700   -0.0149414700
  -0.0012156800   -0.0009819200   -0.0143517900
  -0.0006957900   -0.0005647200   -0.0149145500

1    
 -0.0086627951907802   0.0049955960087456   0.0000000000000000
   0.1338111200   -0.0760192700   -0.0384310800
  -0.0029123900   -0.0004435100   -0.0328314400
   0.0012866300    0.0004868000   -0.0369680000
   0.0013071600    0.0005141200   -0.0368118000
  -0.0040127200   -0.0022334300   -0.0365890500
  -0.0201121400    0.0148477400   -0.0339192900
   0.0000346600    0.0047245700   -0.0408847900
   0.0004164500    0.0010972400   -0.0368612300
   0.0010540800    0.0010964800   -0.0366597800
  -0.0007993500   -0.0003647800   -0.0357488100
  -0.0003647500    0.0012428300   -0.0363262000
   0.0010100600    0.0027860800   -0.0362079500
   0.0013645700    0.0006262800   -0.0367629100
   0.0007376600    0.0005334500   -0.0370694600
   0.0012191200    0.0006261100   -0.0368645000
  -0.0000957800    0.0016849800   -0.0373901700
   0.0012204200    0.0006247800   -0.0368658500
   0.0008169900    0.0006811200   -0.0370201400
   0.0013631100    0.0006260600   -0.0369145400
   0.0010662900    0.0028587100   -0.0379653100
  -0.0207117700    0.0113709100   -0.0395653000
  -0.0007296400   -0.0002611000   -0.0374967500
   0.0009747500    0.0009465000   -0.0367121600
   0.0004076400    0.0010854300   -0.0368665200
   0.0011323400    0.0065142100   -0.0370871500
  -0.0061948800   -0.0013714100    0.0513738300
  -0.0007861600   -0.0005307200    0.0522942400
   0.0010724000    0.0006241700    0.0515831400
  -0.0015454900   -0.0013174500    0.0511178700
  -0.0003583700   -0.0002754300    0.0516482200
  -0.0024064200    0.0053043400    0.0518509500
  -0.0010010600    0.0000300500    0.0516427600
  -0.0012651600   -0.0009856800    0.0520118300
   0.0002384300   -0.0006511700    0.0520270500
   0.0019877000   -0.0003220000    0.0523046600
  -0.0011156100    0.0007239600    0.0483449400
  -0.0003951100    0.0001620800    0.0509659000
  -0.0002536500    0.0007881300    0.0512487300
  -0.0003709800   -0.0003142000    0.0516329800
  -0.0002594000    0.0000310900    0.0526051000
  -0.0003338900   -0.0003394100    0.0516411700
  -0.0003397900    0.0002572800    0.0516671200
  -0.0004598400   -0.0020433000    0.0516830000
   0.0002234500   -0.0006697000    0.0512382300
  -0.0006097700   -0.0005800100    0.0506586900
  -0.0016146000   -0.0001989000    0.0548726400
  -0.0008559200   -0.0006295500    0.0516027800
  -0.0013354900    0.0002546800    0.0516331300
  -0.0001031800    0.0012016900    0.0521525100
   0.0008007200   -0.0022948800    0.0510160000
  -0.0313625800    0.0184675800   -0.0418946100
  -0.0008364900   -0.0007116700   -0.0147361100
  -0.0004056700   -0.0002791600   -0.0147699700
  -0.0006768200   -0.0010167100   -0.0147730900
  -0.0021352800    0.0004291200   -0.0147773600
  -0.0335012600    0.0173897700    0.0135867500
  -0.0016769400    0.0002053300   -0.0147660300
  -0.0007677500   -0.0009040500   -0.0148453800
  -0.0004448600   -0.0001334400   -0.0147933700
  -0.0025757900   -0.0015239300   -0.0148532200
  -0.0008500700    0.0003060300   -0.0152500100
  -0.0005257300   -0.0001082200   -0.0147890300
  -0.0002173900   -0.0001185000   -0.0146941800
  -0.0004882800   -0.0005377800   -0.0147663100
  -0.0003423400   -0.0002717400   -0.0148811700
   0.0000637600   -0.0008522300   -0.0147750400
  -0.0004313600   -0.0007491900   -0.0146920600
  -0.0007046900   -0.0006928700   -0.0147906400
  -0.0007745500   -0.0007552200   -0.0147262900
  -0.0006301100   -0.0007657400   -0.0146580500
  -0.0013919600   -0.0006173600   -0.0143151500
  -0.0002789600   -0.0004073100   -0.0148358300
  -0.0003915500   -0.0005666900   -0.0147620000
  -0.0002076800   -0.0000854400   -0.0147558500
  -0.0006481000    0.0017934300   -0.0146832900

1    
  0.0086627951907802  -0.0049955960087456   0.0000000000000000
  -0.1321478300    0.0773437800   -0.0384168600
   0.0047564300    0.0020100700   -0.0408848200
   0.0005305800    0.0011072000   -0.0367627600
   0.0005341200    0.0011050900   -0.0369147000
   0.0057533200    0.0038567400   -0.0370908100
   0.0208927000   -0.0126173000   -0.0395671300
   0.0017490800   -0.0031244400   -0.0328299200
   0.0014175000    0.0005188000   -0.0368616700
   0.0007678700    0.0005147300   -0.0370699600
   0.0026147200    0.0019641300   -0.0379650000
   0.0021819300    0.0003723400   -0.0373902800
   0.0008136000   -0.0011523800   -0.0374981600
   0.0004525500    0.0009688900   -0.0369680500
   0.0010944100    0.0010735000   -0.0366604100
   0.0006053000    0.0009810000   -0.0368641800
   0.0019330800   -0.0000834500   -0.0363264900
   0.0006066100    0.0009797100   -0.0368657000
   0.0010044900    0.0009277000   -0.0367123900
   0.0004678400    0.0009977800   -0.0368120200
   0.0007618300   -0.0012668600   -0.0357493800
   0.0236022000   -0.0103558500   -0.0339209500
   0.0025765000    0.0018804700   -0.0362087000
   0.0008579600    0.0006585900   -0.0370202900
   0.0014089100    0.0005073000   -0.0368666600
   0.0007498100   -0.0049713300   -0.0365911500
   0.0054301000    0.0007806000    0.0518624200
  -0.0000269300   -0.0000533900    0.0509670100
  -0.0018974000   -0.0012126700    0.0516830300
   0.0007291700    0.0007237200    0.0521529100
  -0.0004250000   -0.0002406200    0.0516466100
   0.0015542900   -0.0058508800    0.0513854400
   0.0001684300   -0.0006403600    0.0516426500
   0.0004447200    0.0003842500    0.0512492800
  -0.0010535400    0.0000651300    0.0512377900
  -0.0027542600   -0.0002528000    0.0510083600
   0.0002715400   -0.0012841500    0.0548747300
  -0.0004295500   -0.0007364800    0.0522952100
  -0.0005802400   -0.0013800500    0.0520123700
  -0.0004504800   -0.0002687400    0.0516334500
  -0.0005582300   -0.0006063200    0.0506596700
  -0.0004849000   -0.0002538700    0.0516393200
  -0.0004789600   -0.0008487300    0.0516023000
  -0.0003579800    0.0014500200    0.0515832900
  -0.0010430600    0.0000875800    0.0520266000
  -0.0002078500   -0.0000012700    0.0526060500
   0.0008182700   -0.0003927900    0.0483471300
   0.0000329800    0.0000455300    0.0516665200
   0.0005237100   -0.0008187700    0.0516323600
  -0.0007287400   -0.0017879200    0.0511181100
  -0.0016328300    0.0017619100    0.0522971400
   0.0314881000   -0.0201313400    0.0135661500
  -0.0000997400   -0.0003563400   -0.0147864900
  -0.0005206500   -0.0008117800   -0.0147803600
  -0.0003008700   -0.0000962500   -0.0147587000
   0.0012128800   -0.0015012300   -0.0147748900
   0.0313990700   -0.0176838300   -0.0418901800
   0.0006496100   -0.0011359500   -0.0147677100
  -0.0003093600   -0.0000467600   -0.0147071300
  -0.0005963100   -0.0008190100   -0.0147241600
   0.0014950500    0.0005680000   -0.0146928000
  -0.0001477400   -0.0013715900   -0.0143173900
  -0.0004629200   -0.0009244700   -0.0147377000
  -0.0007296800   -0.0009444900   -0.0148328000
  -0.0004805800   -0.0005417900   -0.0147658100
  -0.0006449000   -0.0007862900   -0.0146484300
  -0.0010987500   -0.0001827300   -0.0147748600
  -0.0005474800   -0.0002602400   -0.0148307700
  -0.0003017100   -0.0003265100   -0.0147796600
  -0.0002578700   -0.0002799700   -0.0147959800
  -0.0003364300   -0.0002464400   -0.0148910500
   0.0004112700   -0.0003826900   -0.0152468100
  -0.0007605000   -0.0005522900   -0.0146966900
  -0.0006753300   -0.0004033100   -0.0147621200
  -0.0008161900   -0.0008721700   -0.0147697100
  -0.0004177400   -0.0027756700   -0.0148452400

1    
  0.0000000000000000   0.0000000000000000   0.0100000000000000
   0.0008050400    0.0006022300   -0.1355128100
   0.0023280100    0.0037663200   -0.0397782000
   0.0008059800    0.0007228800   -0.0367659700
   0.0011422400    0.0009916500   -0.0367658100
  -0.0040454300    0.0002508100   -0.0397860400
   0.0026772200   -0.0019667700   -0.0405805900
   0.0027677800    0.0035137500   -0.0397754800
   0.0007568000    0.0005303800   -0.0369326700
   0.0007188000    0.0007804100   -0.0367132200
   0.0017556800    0.0009637800   -0.0365020200
   0.0012833300    0.0003806800   -0.0358494500
   0.0014574000   -0.0004627600   -0.0365031800
   0.0008955900    0.0006715800   -0.0367660600
   0.0009903800    0.0006246700   -0.0367126400
   0.0008229900    0.0006487400   -0.0369941200
   0.0003613900    0.0009115400   -0.0358495400
   0.0008624500    0.0007132700   -0.0369948800
   0.0011418400    0.0007978900   -0.0367124600
   0.0009620800    0.0010948500   -0.0367658400
   0.0006304800    0.0016125300   -0.0365014700
  -0.0023684500    0.0009453900   -0.0405804800
  -0.0004576300    0.0006406700   -0.0365038300
   0.0007947100    0.0009998100   -0.0367130800
   0.0008321500    0.0006646600   -0.0369333100
   0.0029183400   -0.0037648200   -0.0397833200
  -0.0078080100   -0.0023761200    0.0594041000
   0.0000801500   -0.0004196100    0.0519371200
  -0.0003653400   -0.0003391300    0.0520016300
  -0.0000764000    0.0001456400    0.0528459300
   0.0063808000    0.0114950900    0.0660398700
   0.0014958000   -0.0077593200    0.0594248700
  -0.0010369700   -0.0013820800    0.0529956300
  -0.0003034200   -0.0003924900    0.0513064700
  -0.0004769300    0.0003548100    0.0512698100
  -0.0016395000   -0.0002599500    0.0514091400
  -0.0009798000    0.0002558300    0.0524248300
  -0.0007659600    0.0000694600    0.0519377600
  -0.0005494300   -0.0002491900    0.0513064800
  -0.0008086300   -0.0009814000    0.0522168600
   0.0002808400   -0.0005253700    0.0516329400
  -0.0002993300   -0.0001070100    0.0509475600
  -0.0000502400   -0.0003048300    0.0513728400
  -0.0004718400   -0.0002783900    0.0520014300
   0.0001851800   -0.0000258500    0.0512697400
  -0.0009603500    0.0001879300    0.0516316500
   0.0003453100   -0.0005106200    0.0524242200
  -0.0005985800    0.0000143400    0.0513731800
  -0.0003910200   -0.0002570000    0.0512710200
  -0.0001997700    0.0002145800    0.0528446400
   0.0002358700   -0.0013381800    0.0514122900
   0.0248652800   -0.0145678800    0.0221131300
  -0.0005419600   -0.0001522300   -0.0143274300
  -0.0005063800   -0.0005846400   -0.0147884100
  -0.0003102300   -0.0007636100   -0.0143905400
   0.0013305600    0.0025722100   -0.0137788300
  -0.0253688800    0.0144449900    0.0221315400
  -0.0015262400   -0.0022219100   -0.0135221300
  -0.0005356000   -0.0001526900   -0.0144808600
  -0.0005484200   -0.0005152900   -0.0147754700
  -0.0008806800   -0.0013049600   -0.0141701300
  -0.0020915500    0.0000529100   -0.0145972300
  -0.0001268300   -0.0003876800   -0.0143293000
  -0.0001956800   -0.0003674100   -0.0144682000
  -0.0004130200   -0.0004159700   -0.0146680500
  -0.0004780200   -0.0005626200   -0.0148133900
  -0.0005213700   -0.0005239800   -0.0149046600
  -0.0005501800   -0.0005076700   -0.0147498800
  -0.0005158400   -0.0005666300   -0.0147984600
  -0.0005358500   -0.0005614200   -0.0147778400
  -0.0005198800   -0.0005098300   -0.0148234400
   0.0008142500   -0.0015850000   -0.0145945100
  -0.0004922700   -0.0005339700   -0.0147544000
  -0.0005539800   -0.0005208500   -0.0146083700
  -0.0007806600   -0.0004280800   -0.0143877200
  -0.0010781600   -0.0012011100   -0.0141609500

1    
  0.0000000000000000   0.0000000000000000  -0.0100000000000000
   0.0009201700    0.0008304700    0.0612343900
  -0.0005422600   -0.0022147200   -0.0339516000
   0.0010149300    0.0008792900   -0.0369693600
   0.0006921500    0.0006219900   -0.0369692000
   0.0059175200    0.0014058800   -0.0339594800
  -0.0006924700    0.0034837200   -0.0330775700
  -0.0009677300   -0.0019715800   -0.0339527700
   0.0010762400    0.0010841000   -0.0368085200
   0.0011011700    0.0008266700   -0.0370221000
   0.0000857900    0.0006460000   -0.0372275700
   0.0005448700    0.0012290100   -0.0378833600
   0.0003583200    0.0020672800   -0.0372306900
   0.0009267500    0.0009309000   -0.0369693800
   0.0008391100    0.0009785000   -0.0370227700
   0.0009987400    0.0009538700   -0.0367436600
   0.0014656000    0.0006967400   -0.0378834500
   0.0009698900    0.0009003200   -0.0367444100
   0.0006783400    0.0008130800   -0.0370225900
   0.0008674300    0.0005202200   -0.0369691500
   0.0011937200    0.0000071100   -0.0372289500
   0.0040382600    0.0007545600   -0.0330774600
   0.0022832100    0.0009572000   -0.0372294200
   0.0010405900    0.0006051900   -0.0370219500
   0.0009891700    0.0009361500   -0.0368091500
  -0.0010732100    0.0054381900   -0.0339606600
   0.0073021200    0.0018521700    0.0434988500
  -0.0008963500   -0.0001658800    0.0513097400
  -0.0004582600   -0.0002455400    0.0512614200
  -0.0007428500   -0.0007362100    0.0504072900
  -0.0074299200   -0.0124723400    0.0367037600
  -0.0024198600    0.0074708000    0.0434776600
   0.0002082000    0.0007784500    0.0502879400
  -0.0005086900   -0.0002023300    0.0519584400
  -0.0003423300   -0.0009492700    0.0519885500
   0.0008494800   -0.0003304500    0.0518805000
   0.0001609300   -0.0008256800    0.0508297200
  -0.0000582700   -0.0006472800    0.0513089500
  -0.0002828500   -0.0003322900    0.0519584100
  -0.0000108000    0.0004019100    0.0510466000
  -0.0010936400   -0.0000525300    0.0516262300
  -0.0005171200   -0.0004822300    0.0523218400
  -0.0007719200   -0.0002878700    0.0518975100
  -0.0003433800   -0.0003117200    0.0512617300
  -0.0010099500   -0.0005640700    0.0519885600
   0.0001380800   -0.0007663800    0.0516275300
  -0.0011625900   -0.0000640900    0.0508303700
  -0.0002237600   -0.0006019000    0.0518970200
  -0.0004323300   -0.0003271700    0.0519968400
  -0.0006279200   -0.0008017400    0.0504084500
  -0.0010696700    0.0007770900    0.0518774500
  -0.0245489900    0.0128074300   -0.0508247000
  -0.0004285500   -0.0009428300   -0.0151946500
  -0.0004228700   -0.0005051400   -0.0147558400
  -0.0006656600   -0.0003460400   -0.0151302900
  -0.0022278900   -0.0036008300   -0.0157334500
   0.0230871800   -0.0146222400   -0.0508182300
   0.0004710800    0.0012430200   -0.0159923900
  -0.0005441500   -0.0008035800   -0.0150646800
  -0.0004898200   -0.0004369400   -0.0147381300
  -0.0001730800    0.0003827100   -0.0153856200
   0.0011297500   -0.0011431600   -0.0149402500
  -0.0008680400   -0.0006882300   -0.0151969200
  -0.0007547700   -0.0007006300   -0.0150518000
  -0.0005533600   -0.0006593100   -0.0148550200
  -0.0005012500   -0.0004950800   -0.0147104400
  -0.0005130200   -0.0005099700   -0.0146402100
  -0.0004254500   -0.0005080000   -0.0147678000
  -0.0004881000   -0.0004547200   -0.0147656700
  -0.0004978400   -0.0004711600   -0.0147404100
  -0.0004503700   -0.0004953000   -0.0147198500
  -0.0018343500    0.0006037500   -0.0149374800
  -0.0005541400   -0.0004259800   -0.0147729800
  -0.0005157000   -0.0004541000   -0.0149096600
  -0.0002412100   -0.0005263400   -0.0151267900
   0.0000279500    0.0002590900   -0.0153772600

26   
  0.0083828654666698   0.0054522992001279   0.0000000000000000
   0.0073866000    0.0012169100   -0.0442632700
   0.0036931400    0.0056807600   -0.0244730200
   0.0030186300    0.0013948600   -0.0363456500
  -0.0010137600    0.0009505900   -0.0368549800
   0.0015937700    0.0011385200   -0.0365273700
   0.0019858700    0.0007299100   -0.0363592600
   0.0012661200    0.0012607800   -0.0369016600
   0.0006774600    0.0025733100   -0.0364104300
   0.0016037300    0.0010307500   -0.0368338700
   0.0011617100    0.0000955100   -0.0368542500
   0.0010263300    0.0010813400   -0.0366734700
   0.0011368800    0.0005381500   -0.0370695000
   0.0004467300    0.0006541600   -0.0362208300
   0.0015976000    0.0000004800   -0.0369135200
   0.0005736200    0.0009483000   -0.0365717200
   0.0008104300    0.0005599400   -0.0370468400
   0.0006001900    0.0008661100   -0.0364187500
   0.0010340800    0.0010505000   -0.0375804800
   0.0004826600    0.0015091900   -0.0369589400
   0.0008903300    0.0012651800   -0.0369646100
   0.0005400300    0.0029187100   -0.0394179500
  -0.0008493800    0.0017328600   -0.0379099300
   0.0001722500    0.0002321900   -0.0365699800
   0.0020514900    0.0006011800   -0.0368350600
   0.0021717700    0.0023656300   -0.0379870400
  -0.0662617100   -0.0214801400    0.0505542000
   0.0054826300    0.0049585100    0.0507693100
  -0.0006710500   -0.0003880400    0.0519079400
  -0.0008471100   -0.0000920100    0.0512229700
   0.0061963100    0.0025398200    0.0528061900
   0.0123953900   -0.0047384400    0.0502564600
   0.0030033300    0.0029853200    0.0513668200
   0.0006080300    0.0015095500    0.0524966600
  -0.0015198100   -0.0009899000    0.0517408100
   0.0031607400   -0.0006996500    0.0506511400
  -0.0002935100    0.0007799200    0.0508548600
  -0.0009625400   -0.0004923800    0.0519162900
   0.0000763900   -0.0001440300    0.0515788100
  -0.0002482700   -0.0011032900    0.0515184500
  -0.0002766700   -0.0000288100    0.0519508100
   0.0001373800    0.0001258200    0.0523178700
  -0.0002802300   -0.0000263300    0.0510284000
  -0.0002752000   -0.0010558100    0.0518611600
   0.0002669100   -0.0004297300    0.0516981400
  -0.0012076900   -0.0001187000    0.0512159100
   0.0144793500   -0.0079197100    0.0511630800
   0.0029470900   -0.0003411600    0.0522611100
  -0.0014828600   -0.0010380700    0.0516218900
   0.0005897200    0.0014851900    0.0507877900
   0.0016646800    0.0048274100    0.0531541100
  -0.0000628200    0.0000627700   -0.0162744700
  -0.0003318900    0.0004889300   -0.0144249300
  -0.0003141900   -0.0003364300   -0.0148650400
  -0.0005026100   -0.0004061200   -0.0147964100
  -0.0007896200   -0.0008384500   -0.0145432200
  -0.0012762900   -0.0004582100   -0.0135872300
  -0.0000546700   -0.0001507600   -0.0150886900
  -0.0005877600   -0.0005772200   -0.0149577100
  -0.0004736600   -0.0004956400   -0.0147499000
  -0.0004530600   -0.0003441600   -0.0149809200
  -0.0003475300   -0.0002940300   -0.0149511100
  -0.0006126200   -0.0003371800   -0.0146196800
  -0.0003526200   -0.0005138500   -0.0149256700
  -0.0003731400   -0.0003490100   -0.0147413700
  -0.0003034600   -0.0004015800   -0.0145561600
  -0.0002992500   -0.0005035500   -0.0147563900
  -0.0005806300   -0.0005561700   -0.0147625100
  -0.0001075100   -0.0005847600   -0.0148316000
  -0.0004402400   -0.0005789800   -0.0147768100
  -0.0004001000   -0.0005700900   -0.0149506200
  -0.0005559800   -0.0006184400   -0.0146455500
   0.0001219000   -0.0007688200   -0.0147186100
  -0.0005082500   -0.0001856200   -0.0147675700
  -0.0004901700   -0.0005014800   -0.0149044600
  -0.0006433900   -0.0007022800   -0.0145621500

26   
 -0.0083828654666698  -0.0054522992001279   0.0000000000000000
  -0.0056723600    0.0004278800   -0.0292939000
  -0.0018650000   -0.0040321900   -0.0491138900
  -0.0011458100    0.0002185600   -0.0373849900
   0.0028489800    0.0006606000   -0.0368818500
   0.0001717300    0.0004677100   -0.0372075600
  -0.0001611100    0.0008777300   -0.0373798700
   0.0005412700    0.0003476200   -0.0368427200
   0.0011369000   -0.0009431800   -0.0373234800
   0.0002218700    0.0005827700   -0.0369066900
   0.0006901300    0.0015061300   -0.0368760200
   0.0008022900    0.0005326900   -0.0370605500
   0.0006882300    0.0010664400   -0.0366690300
   0.0013735500    0.0009624600   -0.0375161600
   0.0002311500    0.0016146300   -0.0368240200
   0.0012409900    0.0006649700   -0.0371674400
   0.0010164900    0.0010534100   -0.0366801900
   0.0012170600    0.0007386000   -0.0373133300
   0.0007931700    0.0005489200   -0.0361574300
   0.0013430700    0.0000867500   -0.0367807900
   0.0009476900    0.0003261700   -0.0367620400
   0.0013118600   -0.0012713300   -0.0343976700
   0.0026294900   -0.0001157700   -0.0358619800
   0.0016362900    0.0013847600   -0.0371681700
  -0.0002339300    0.0010024700   -0.0369034600
  -0.0003309800   -0.0007433100   -0.0357653200
   0.0656062400    0.0206699500    0.0524365900
  -0.0057225700   -0.0051249100    0.0525367800
  -0.0001580100   -0.0002097800    0.0513756100
   0.0000343000   -0.0004800600    0.0520579600
  -0.0076341300   -0.0035070100    0.0504949400
  -0.0133468600    0.0043264000    0.0530446300
  -0.0037914400   -0.0034032100    0.0519122700
  -0.0014084900   -0.0020734200    0.0507624200
   0.0006871500    0.0004098700    0.0515169200
  -0.0039901700    0.0001080000    0.0526056100
  -0.0005350400   -0.0013669800    0.0524094000
   0.0001570600   -0.0001141800    0.0513378700
  -0.0009041600   -0.0004387100    0.0516898500
  -0.0005715800    0.0005140500    0.0517504300
  -0.0005426400   -0.0005576100    0.0513076500
  -0.0009525400   -0.0007167000    0.0509423000
  -0.0005462000   -0.0005551500    0.0522325400
  -0.0005414200    0.0004737000    0.0514091300
  -0.0010828800   -0.0001567300    0.0515662800
   0.0003723400   -0.0004485000    0.0520411800
  -0.0151735400    0.0071582500    0.0521071600
  -0.0037442200   -0.0002401500    0.0509857400
   0.0006668700    0.0004496400    0.0516319500
  -0.0014260900   -0.0020989000    0.0524682800
  -0.0025067300   -0.0055940600    0.0500919400
  -0.0008925300   -0.0011536000   -0.0132916900
  -0.0006407400   -0.0015677000   -0.0150696900
  -0.0006105400   -0.0007496600   -0.0146771900
  -0.0004731100   -0.0007033800   -0.0147273300
  -0.0001277800   -0.0002307500   -0.0149843300
   0.0001872400   -0.0005213400   -0.0159386800
  -0.0009761800   -0.0007877200   -0.0144484000
  -0.0004983200   -0.0003905000   -0.0145927300
  -0.0005688600   -0.0004613100   -0.0147629200
  -0.0006020000   -0.0005883600   -0.0145641900
  -0.0006063200   -0.0008020800   -0.0145752100
  -0.0003741500   -0.0007403600   -0.0148932600
  -0.0005936200   -0.0005526900   -0.0145949600
  -0.0005943600   -0.0007306900   -0.0147832500
  -0.0006812100   -0.0006584600   -0.0149654900
  -0.0007378600   -0.0005290500   -0.0147877300
  -0.0003987700   -0.0004559300   -0.0147534700
  -0.0008961500   -0.0004377800   -0.0147314500
  -0.0005939400   -0.0004489000   -0.0147419500
  -0.0005708900   -0.0004365500   -0.0145924600
  -0.0004739700   -0.0003725400   -0.0148666600
  -0.0011583800   -0.0002026400   -0.0148038500
  -0.0005580600   -0.0007871600   -0.0147513600
  -0.0005281700   -0.0004510700   -0.0146108800
  -0.0004096400   -0.0002290700   -0.0149677500

26   
 -0.0086627951907802   0.0049955960087456   0.0000000000000000
  -0.0041154100    0.0011589500   -0.0313414300
   0.0009361900    0.0007683500   -0.0369290200
   0.0004238500    0.0009051400   -0.0369345400
   0.0018960400    0.0008515700   -0.0369297800
   0.0005909700    0.0006679500   -0.0373512300
  -0.0004440200    0.0006488500   -0.0376346400
   0.0023609700   -0.0008749500   -0.0379781900
   0.0005770200    0.0011727800   -0.0367975600
  -0.0000181600    0.0013356300   -0.0368701500
   0.0009761600    0.0013380300   -0.0365491600
   0.0009905700    0.0007668400   -0.0368604600
   0.0008941800    0.0008331300   -0.0361572900
   0.0012786700   -0.0000426300   -0.0372536300
   0.0013658800   -0.0000677600   -0.0368018300
   0.0004759100    0.0004858600   -0.0371825800
   0.0003631000    0.0020588300   -0.0361055700
   0.0008758200    0.0007953800   -0.0375852900
   0.0009537700    0.0007797500   -0.0368662900
   0.0005667300    0.0010003400   -0.0367320200
   0.0008736000    0.0011494300   -0.0363790600
  -0.0018747300    0.0049106000   -0.0423274000
   0.0030309800    0.0003804200   -0.0357884500
   0.0018256500    0.0009146900   -0.0364861800
   0.0005698300    0.0010080400   -0.0370041200
   0.0003319500    0.0011462100   -0.0368702500
   0.0886102900   -0.0514425800    0.0515798000
  -0.0053551800   -0.0008092800    0.0523119300
  -0.0002582800    0.0003490300    0.0512774900
  -0.0004302000    0.0000661900    0.0521648400
  -0.0042492400    0.0012206700    0.0520577600
  -0.0306544300    0.0150629900    0.0526958800
  -0.0024403000    0.0043392200    0.0509640800
  -0.0003668900   -0.0003206200    0.0516274900
  -0.0000578200    0.0001826300    0.0513795700
  -0.0037463700   -0.0005160700    0.0522494700
  -0.0004657300   -0.0007102700    0.0532444700
  -0.0016859300    0.0030777900    0.0520099000
  -0.0009012500   -0.0007457000    0.0519850800
  -0.0006477000   -0.0008427200    0.0518826900
  -0.0003765300   -0.0003049500    0.0516281900
  -0.0000320900   -0.0000639300    0.0500151300
  -0.0003800600   -0.0003174900    0.0516286700
  -0.0006719100   -0.0008871600    0.0513765200
  -0.0007181600   -0.0004548400    0.0511000500
  -0.0019045500    0.0027133900    0.0510046500
  -0.0275108500    0.0173919100    0.0506629100
  -0.0039673300   -0.0008741600    0.0512403200
  -0.0000286100    0.0002325800    0.0518862500
  -0.0003683900   -0.0003148500    0.0516273600
  -0.0036416400    0.0021476600    0.0512301400
  -0.0005812500   -0.0004864900   -0.0147955400
  -0.0006048200   -0.0010644100   -0.0154609800
  -0.0006758500   -0.0006459000   -0.0148506700
  -0.0005788100   -0.0006829800   -0.0147430100
  -0.0002619800   -0.0004505100   -0.0147801000
   0.0001654000   -0.0006266200   -0.0159316800
  -0.0001292400   -0.0001019800   -0.0140529400
  -0.0005535500   -0.0004686000   -0.0147719300
  -0.0004494300   -0.0002471300   -0.0147400300
  -0.0007180200   -0.0005554000   -0.0147426200
  -0.0007338300   -0.0006117300   -0.0145387500
  -0.0009883400   -0.0003073500   -0.0148622700
  -0.0004917200   -0.0002971900   -0.0146811900
  -0.0006485100   -0.0007130600   -0.0147790000
  -0.0006818100   -0.0004206300   -0.0147615900
  -0.0005856000   -0.0002721000   -0.0149957400
  -0.0003858200   -0.0005650100   -0.0147564700
  -0.0006649600   -0.0002418200   -0.0147358000
  -0.0004517300   -0.0003757000   -0.0147774800
  -0.0005046200   -0.0002954100   -0.0148046600
  -0.0000369900   -0.0010400600   -0.0135838300
  -0.0009694600   -0.0001739400   -0.0146588100
  -0.0008490900   -0.0004836000   -0.0148062800
  -0.0005672700   -0.0004491000   -0.0147583500
  -0.0005090800   -0.0006941500   -0.0147447900

26   
  0.0086627951907802  -0.0049955960087456   0.0000000000000000
   0.0058573900    0.0004460000   -0.0423158800
   0.0008693700    0.0008023400   -0.0369382000
   0.0014016200    0.0006973000   -0.0367977100
  -0.0000680600    0.0007590900   -0.0368025400
   0.0012329700    0.0009420900   -0.0363785200
   0.0022768200    0.0009547900   -0.0361051100
  -0.0005119200    0.0024197500   -0.0357904800
   0.0012472700    0.0004301900   -0.0369343400
   0.0018419300    0.0002632400   -0.0368693800
   0.0008571000    0.0002651300   -0.0371816600
   0.0008403000    0.0008538100   -0.0368592200
   0.0009248000    0.0007679800   -0.0375856400
   0.0005513900    0.0016499600   -0.0364871600
   0.0004605800    0.0016794500   -0.0369296900
   0.0013444300    0.0011271800   -0.0365489200
   0.0014611900   -0.0004500300   -0.0376341900
   0.0009480200    0.0008013300   -0.0361582500
   0.0008738600    0.0008244100   -0.0368663600
   0.0012638900    0.0006073900   -0.0370044500
   0.0009574100    0.0004560300   -0.0373501300
   0.0037397900   -0.0033766400   -0.0313298200
  -0.0012692300    0.0012153900   -0.0379798100
  -0.0000044800    0.0006980900   -0.0372542000
   0.0012563300    0.0006033100   -0.0367312200
   0.0015001900    0.0004733200   -0.0368695700
  -0.0892713100    0.0511326400    0.0515707500
   0.0046220100    0.0002759500    0.0509637200
  -0.0005598700   -0.0009432200    0.0519850500
  -0.0003943200   -0.0006408100    0.0510999600
   0.0033229900   -0.0018649300    0.0512297700
   0.0284690500   -0.0148921300    0.0506629500
   0.0016210600   -0.0048251000    0.0523116000
  -0.0004507800   -0.0002728100    0.0516274500
  -0.0007694200   -0.0007756800    0.0518825500
   0.0029448000   -0.0000799500    0.0510050200
  -0.0004008300    0.0001499100    0.0500150700
   0.0008678100   -0.0036611400    0.0512392400
   0.0000654300    0.0001627000    0.0512776400
  -0.0001739300    0.0002532400    0.0513793300
  -0.0004416700   -0.0002667200    0.0516274800
  -0.0007445200   -0.0005516900    0.0532445300
  -0.0004452200   -0.0002792400    0.0516288000
  -0.0001458400    0.0002995200    0.0518857000
  -0.0000897700   -0.0001330300    0.0521646400
   0.0010710100   -0.0032939100    0.0522499500
   0.0280288600   -0.0187776800    0.0526958700
   0.0031450200    0.0002921600    0.0520088300
  -0.0007926400   -0.0008166300    0.0513762400
  -0.0004516300   -0.0002659400    0.0516272700
   0.0028233300   -0.0028490200    0.0520572900
  -0.0003679500   -0.0006095000   -0.0147973300
  -0.0003650300   -0.0000318900   -0.0140474100
  -0.0002535300   -0.0004426800   -0.0146925600
  -0.0004017200   -0.0004301000   -0.0147806300
  -0.0006690100   -0.0006371600   -0.0147407300
  -0.0012594100   -0.0003427000   -0.0135833100
  -0.0009033500   -0.0008265600   -0.0154638500
  -0.0005234000   -0.0004855800   -0.0147719600
  -0.0005871400   -0.0007064600   -0.0147718500
  -0.0003330100   -0.0003761900   -0.0148068500
  -0.0002308200   -0.0004845300   -0.0149883800
  -0.0000058000   -0.0007733600   -0.0146547900
  -0.0004560300   -0.0007644300   -0.0148391100
  -0.0003197700   -0.0003642200   -0.0147471800
  -0.0003021600   -0.0006399600   -0.0147616500
  -0.0004424200   -0.0007718600   -0.0145470500
  -0.0005905400   -0.0004466600   -0.0147558500
  -0.0003419400   -0.0007822800   -0.0148274600
  -0.0005819700   -0.0006550700   -0.0147397600
  -0.0004665900   -0.0007190600   -0.0147403800
  -0.0009971300    0.0000486800   -0.0159319700
  -0.0000756300   -0.0007916900   -0.0148666600
  -0.0002199700   -0.0004929700   -0.0147146000
  -0.0004569100   -0.0005127500   -0.0147585900
  -0.0005513500   -0.0002484100   -0.0147843400

26   
  0.0000000000000000   0.0000000000000000   0.0100000000000000
   0.0004178100   -0.0003426300   -0.0287227100
   0.0038374500    0.0058761200   -0.0219366100
   0.0017040900    0.0011381800   -0.0356440400
   0.0009895700    0.0008345400   -0.0364956600
  -0.0001719900    0.0002671200   -0.0365546200
  -0.0023994400    0.0015930600   -0.0360754600
   0.0018129800    0.0010050700   -0.0371069200
   0.0008075000    0.0016546600   -0.0356451000
   0.0010755700    0.0010840300   -0.0372313500
   0.0009141800    0.0007358100   -0.0371280700
   0.0012965300    0.0014730400   -0.0375532200
   0.0013913900   -0.0003127100   -0.0368643100
   0.0013569300    0.0007881400   -0.0372266300
   0.0009006700    0.0008857000   -0.0364955700
   0.0008539200    0.0007715900   -0.0371288400
   0.0032588400   -0.0016717400   -0.0360748500
  -0.0002921300    0.0006575100   -0.0368633100
   0.0010226500    0.0009903800   -0.0362815800
   0.0010988400    0.0003584400   -0.0371950700
   0.0009935800   -0.0004056300   -0.0365536500
   0.0001746300   -0.0002114800   -0.0287014200
   0.0006287900    0.0016840700   -0.0371097800
   0.0006753700    0.0011813400   -0.0372263500
   0.0004359000    0.0007409800   -0.0371945000
   0.0002296000   -0.0003804800   -0.0355164700
  -0.0009534900   -0.0012257600    0.0043000500
  -0.0000394700    0.0012043200    0.0536005500
  -0.0009698600   -0.0001987300    0.0518900300
  -0.0000473000   -0.0003668600    0.0518903200
  -0.0012972200   -0.0005048700    0.0535998000
   0.0000172300   -0.0017487300    0.0505329100
   0.0006992000    0.0007768200    0.0536021900
  -0.0008818600   -0.0011168900    0.0514386700
  -0.0005725500   -0.0000572800    0.0516265200
   0.0001859400   -0.0000341000    0.0522386400
   0.0009534800   -0.0011386000    0.0531464300
  -0.0002625800   -0.0012823500    0.0522380800
  -0.0000518700   -0.0007273500    0.0518903400
  -0.0001245700   -0.0003124800    0.0516272000
  -0.0007499100   -0.0008769900    0.0505102100
  -0.0018255700    0.0004629300    0.0531465000
  -0.0002306600    0.0000178200    0.0505132000
  -0.0006302200   -0.0001680000    0.0516278000
  -0.0006558600   -0.0000185000    0.0518904700
  -0.0004827400    0.0003509700    0.0522392600
  -0.0018843400   -0.0006508200    0.0505328800
  -0.0013414500   -0.0006603800    0.0522375400
  -0.0001911900   -0.0004208700    0.0516272400
   0.0000791300    0.0005578000    0.0514376600
  -0.0001501000   -0.0011644900    0.0536014000
  -0.0022366200   -0.0036037300   -0.0096997500
   0.0000295700    0.0002363500   -0.0149695200
  -0.0004195400   -0.0003506000   -0.0147640200
  -0.0004911000   -0.0004058100   -0.0147132500
  -0.0005791500   -0.0005119400   -0.0148947300
   0.0004476600    0.0005804000   -0.0161978100
  -0.0000964100    0.0003716400   -0.0149763800
  -0.0004378900   -0.0003026900   -0.0148116300
  -0.0003964800   -0.0006154300   -0.0148223200
  -0.0001122300   -0.0004433300   -0.0148017100
  -0.0000056500   -0.0011480500   -0.0144771900
  -0.0009648400   -0.0001200600   -0.0141808000
  -0.0003287600   -0.0003953500   -0.0147528300
  -0.0006648400   -0.0005023800   -0.0148291600
  -0.0005667300   -0.0006606900   -0.0145957300
  -0.0012716700   -0.0004104500   -0.0144844600
  -0.0004815500   -0.0004934600   -0.0150958100
  -0.0008890300   -0.0003267700   -0.0148241800
  -0.0003860100   -0.0004406300   -0.0147102700
  -0.0006732500   -0.0001383300   -0.0147992900
  -0.0000944500    0.0008992800   -0.0161994800
   0.0000763400   -0.0006784000   -0.0141851500
  -0.0001813800   -0.0007294100   -0.0148032800
  -0.0004357400   -0.0003484400   -0.0149718100
  -0.0004456600   -0.0005534800   -0.0148992800

26   
  0.0000000000000000   0.0000000000000000  -0.0100000000000000
   0.0011825900    0.0019542400   -0.0446285300
  -0.0018468000   -0.0039841800   -0.0512733800
   0.0001244600    0.0004710100   -0.0380827500
   0.0008404900    0.0007759600   -0.0372359100
   0.0019780800    0.0013387900   -0.0371820900
   0.0042203300    0.0000105200   -0.0376693900
   0.0000613900    0.0005319900   -0.0366419500
   0.0010211800   -0.0000456600   -0.0380813600
   0.0007517600    0.0005209300   -0.0365055300
   0.0009161200    0.0008664900   -0.0366043000
   0.0005337300    0.0001465400   -0.0361789500
   0.0004302100    0.0019183800   -0.0368684800
   0.0004701600    0.0008282900   -0.0365078200
   0.0009246800    0.0007276700   -0.0372353300
   0.0009671900    0.0008384100   -0.0366042500
  -0.0014285800    0.0032701400   -0.0376700400
   0.0021186000    0.0009437600   -0.0368700500
   0.0008055600    0.0006148400   -0.0374519200
   0.0007275800    0.0012432700   -0.0365431800
   0.0008427800    0.0019935900   -0.0371825700
   0.0017673200    0.0016257800   -0.0446491800
   0.0011134800   -0.0000702200   -0.0366386100
   0.0011551400    0.0004334600   -0.0365076000
   0.0013870700    0.0008637700   -0.0365425500
   0.0016010800    0.0019975200   -0.0382243300
   0.0001076100    0.0005963600    0.0975029600
  -0.0008286800   -0.0018215700    0.0496817600
   0.0001495900   -0.0003888600    0.0513750500
  -0.0007785000   -0.0002185600    0.0513753100
   0.0005185400   -0.0000548400    0.0496809600
  -0.0006971700    0.0010807700    0.0527482300
  -0.0015233800   -0.0014215300    0.0496801500
   0.0000602900    0.0005167200    0.0518249000
  -0.0002549800   -0.0005272300    0.0516354100
  -0.0009993300   -0.0005510700    0.0510230700
  -0.0017936700    0.0005621200    0.0501101000
  -0.0005619100    0.0006914700    0.0510214200
  -0.0007771800    0.0001458300    0.0513749400
  -0.0006895200   -0.0002729900    0.0516346800
  -0.0000749700    0.0002937300    0.0527380800
   0.0010218000   -0.0010638800    0.0501101500
  -0.0005908200   -0.0006080700    0.0527410400
  -0.0001922500   -0.0004159800    0.0516352500
  -0.0001607500   -0.0005758800    0.0513750600
  -0.0003355000   -0.0009362600    0.0510225800
   0.0009222500    0.0001479000    0.0527482100
   0.0005157800    0.0000691300    0.0510219600
  -0.0006244800   -0.0001654000    0.0516360900
  -0.0008931600   -0.0011282100    0.0518238800
  -0.0006689900    0.0006331400    0.0496793100
   0.0012495300    0.0024420300   -0.0197639800
  -0.0009862800   -0.0012990200   -0.0145081000
  -0.0005063400   -0.0007377900   -0.0147827900
  -0.0004881000   -0.0007052200   -0.0148106500
  -0.0003461200   -0.0005664100   -0.0146341600
  -0.0015149900   -0.0015522900   -0.0133183400
  -0.0009136600   -0.0012720000   -0.0145096900
  -0.0006388700   -0.0006511900   -0.0147379300
  -0.0006414000   -0.0003387000   -0.0146906500
  -0.0009347600   -0.0004853300   -0.0147461900
  -0.0009521000    0.0000486900   -0.0150487600
  -0.0000357400   -0.0009527200   -0.0153390500
  -0.0006205500   -0.0006631500   -0.0147709200
  -0.0003032300   -0.0005763100   -0.0146980200
  -0.0004166200   -0.0003988300   -0.0149285700
   0.0002375200   -0.0006291000   -0.0150571500
  -0.0004962600   -0.0005207100   -0.0144219800
  -0.0001175600   -0.0006953700   -0.0147395600
  -0.0006465800   -0.0005879500   -0.0148070500
  -0.0002974000   -0.0008711800   -0.0147440600
  -0.0009552500   -0.0018688400   -0.0133174100
  -0.0011113200   -0.0002888400   -0.0153431900
  -0.0008861600   -0.0002459000   -0.0147181300
  -0.0005844600   -0.0006065300   -0.0145463100
  -0.0006095700   -0.0003794500   -0.0146378600

51   
  0.0083828654666698   0.0054522992001279   0.0000000000000000
   0.0151196700   -0.0060883200   -0.0237216600
   0.0008424800   -0.0011048400   -0.0336644300
   0.0016779100    0.0013085200   -0.0368269100
   0.0004942900    0.0004630500   -0.0369249400
   0.0017740500    0.0015178300   -0.0367042400
   0.0019581700    0.0009785200   -0.0363583900
   0.0003113800    0.0020761100   -0.0377292600
   0.0011115700    0.0020911000   -0.0370631800
   0.0009756500    0.0010591400   -0.0369024700
   0.0006571700    0.0008424600   -0.0368716300
   0.0004784900    0.0006604200   -0.0368771300
   0.0011983400    0.0007681100   -0.0369018500
   0.0009404700    0.0001627100   -0.0369087600
   0.0009233400    0.0002856300   -0.0369104100
   0.0009603800    0.0007148700   -0.0369213500
   0.0013016200    0.0018013000   -0.0378950500
   0.0007582400    0.0010767300   -0.0368768000
   0.0011404700    0.0011884500   -0.0367424700
   0.0010449500    0.0019034900   -0.0365401100
   0.0010696000    0.0014496200   -0.0364757800
   0.0162715600   -0.0078604900   -0.0492745500
   0.0035621400    0.0007769300   -0.0376356300
   0.0003355900    0.0003008200   -0.0369150900
   0.0016050500    0.0011595400   -0.0366828000
   0.0007004000   -0.0007628500   -0.0386207600
   0.0000048300    0.0003119300    0.0485352800
  -0.0007971400   -0.0005224400    0.0515480200
  -0.0002851200   -0.0003616200    0.0517125900
  -0.0001370000   -0.0002812100    0.0517708100
   0.0002011200    0.0000155700    0.0524671800
  -0.0005389200   -0.0002923100    0.0527448100
  -0.0004776700   -0.0006152200    0.0516507600
  -0.0003914800   -0.0003239400    0.0517678500
  -0.0001466800   -0.0003615500    0.0517965900
  -0.0000658400   -0.0001152900    0.0520254300
  -0.0003496300   -0.0000342400    0.0510576900
  -0.0004524400   -0.0001651600    0.0516761500
  -0.0004772300   -0.0001395300    0.0517815100
  -0.0002549000    0.0000043100    0.0514100200
  -0.0005036800   -0.0003424900    0.0516470400
  -0.0001214100   -0.0002814600    0.0516995600
  -0.0002209500   -0.0001660200    0.0514959300
  -0.0001539600   -0.0003225800    0.0515012800
  -0.0004141700   -0.0000789200    0.0518282200
  -0.0002291600   -0.0005565100    0.0514674300
  -0.0010569400   -0.0003879000    0.0530376200
  -0.0002063200   -0.0003658500    0.0519895700
  -0.0005063900   -0.0000896300    0.0516586500
  -0.0004561800   -0.0003823400    0.0518061100
  -0.0004109800    0.0007435900    0.0524167200
  -0.0417400000    0.0046738700   -0.0184672200
   0.0028501500    0.0010813800   -0.0157079600
  -0.0005421600   -0.0005187800   -0.0147716300
  -0.0005273000   -0.0005863800   -0.0147510600
   0.0028284500    0.0009389300   -0.0134079700
  -0.0005762400   -0.0009532300   -0.0138341000
  -0.0008768000    0.0012566700   -0.0150859200
  -0.0008465700   -0.0008282900   -0.0151137100
  -0.0005201300   -0.0004901600   -0.0147113300
  -0.0002675600   -0.0004811700   -0.0146422800
  -0.0004491600   -0.0005181200   -0.0148161400
  -0.0005014900   -0.0005418900   -0.0147370800
  -0.0004512000   -0.0005657100   -0.0147565000
  -0.0004554600   -0.0006194300   -0.0147503100
  -0.0004439800   -0.0005121500   -0.0147097100
  -0.0005033200   -0.0004667300   -0.0147087500
  -0.0004412000   -0.0004888800   -0.0148075100
  -0.0005191700   -0.0005221800   -0.0148169600
  -0.0005332000   -0.0004896800   -0.0147698600
  -0.0005427200   -0.0004289700   -0.0147604400
  -0.0011391800   -0.0000736900   -0.0151312600
  -0.0003190900   -0.0004178600   -0.0148998600
  -0.0004882400   -0.0005675900   -0.0148221200
  -0.0008201800   -0.0008400900   -0.0143662100
  -0.0009390000    0.0013020500   -0.0142012800

51   
 -0.0083828654666698  -0.0054522992001279   0.0000000000000000
  -0.0132748300    0.0079985200   -0.0502092000
   0.0009419600    0.0025801200   -0.0400129900
   0.0001531000    0.0003002000   -0.0368970600
   0.0013357100    0.0011482800   -0.0368114100
   0.0000001800    0.0000663500   -0.0370403200
  -0.0001355500    0.0006301100   -0.0373852500
   0.0015028500   -0.0004576100   -0.0360056000
   0.0007152500   -0.0004757700   -0.0366643900
   0.0008544100    0.0005512900   -0.0368338500
   0.0011681400    0.0007625100   -0.0368644800
   0.0013446200    0.0009426700   -0.0368623100
   0.0006279700    0.0008391400   -0.0368355200
   0.0008815200    0.0014465900   -0.0368275200
   0.0009006100    0.0013225400   -0.0368259700
   0.0008666300    0.0008914700   -0.0368168200
   0.0005283100   -0.0001919600   -0.0358465700
   0.0010619600    0.0005343000   -0.0368592800
   0.0006879700    0.0004125600   -0.0369926300
   0.0007846900   -0.0003087800   -0.0371903400
   0.0007667400    0.0001395000   -0.0372609200
  -0.0145620900    0.0092864500   -0.0245114600
  -0.0016577100    0.0008404100   -0.0361217500
   0.0014893100    0.0012995300   -0.0368230400
   0.0002130800    0.0004510700   -0.0370446400
   0.0011662100    0.0024858700   -0.0350570900
  -0.0008255700   -0.0009040000    0.0547538100
  -0.0000294900   -0.0000778100    0.0517137200
  -0.0005376000   -0.0002259100    0.0515518700
  -0.0006873200   -0.0003045800    0.0514869500
  -0.0010404600   -0.0006076800    0.0507787200
  -0.0002961600   -0.0002940300    0.0505139000
  -0.0003504800    0.0000212400    0.0516083800
  -0.0004295100   -0.0002739300    0.0515024800
  -0.0006737600   -0.0002298200    0.0514694600
  -0.0007471100   -0.0004705400    0.0512422500
  -0.0004705400   -0.0005487300    0.0522036700
  -0.0003703100   -0.0004209200    0.0515916400
  -0.0003499700   -0.0004419600    0.0514828000
  -0.0005662000   -0.0005830000    0.0518557900
  -0.0003223200   -0.0002419900    0.0516198700
  -0.0006990700   -0.0002998900    0.0515586900
  -0.0005988100   -0.0004232700    0.0517646400
  -0.0006598500   -0.0002671300    0.0517641600
  -0.0004020200   -0.0005075700    0.0514376800
  -0.0005890300   -0.0000402100    0.0517923600
   0.0002474500   -0.0002067700    0.0502295900
  -0.0006085500   -0.0002212100    0.0512771400
  -0.0003170200   -0.0004933100    0.0516042800
  -0.0003671200   -0.0001956100    0.0514476100
  -0.0004001700   -0.0013272700    0.0508357000
   0.0408741100   -0.0058526300   -0.0109175300
  -0.0037337600   -0.0021015300   -0.0138076100
  -0.0003892200   -0.0005742100   -0.0147727100
  -0.0004510700   -0.0005239100   -0.0147744000
  -0.0038529200   -0.0020944200   -0.0161204900
  -0.0004907800   -0.0000138900   -0.0156800900
  -0.0001509500   -0.0021583300   -0.0144267300
  -0.0002292400   -0.0001165000   -0.0144357200
  -0.0005188700   -0.0004648700   -0.0148019100
  -0.0007782700   -0.0004481400   -0.0149033800
  -0.0005027900   -0.0005802900   -0.0147118900
  -0.0004882700   -0.0005359200   -0.0147804900
  -0.0004964900   -0.0004973500   -0.0147639700
  -0.0005116600   -0.0004564700   -0.0147773900
  -0.0005387200   -0.0005468100   -0.0148125800
  -0.0005324100   -0.0005665900   -0.0148359100
  -0.0005358400   -0.0005237300   -0.0147080100
  -0.0004848400   -0.0004984400   -0.0147472500
  -0.0005017200   -0.0005393500   -0.0147467800
  -0.0004274000   -0.0005799600   -0.0147822300
   0.0000950000   -0.0009004700   -0.0143823700
  -0.0007275800   -0.0005419400   -0.0146256900
  -0.0005774900   -0.0004031600   -0.0146999300
  -0.0002029200   -0.0001282200   -0.0151553100
  -0.0001159700   -0.0022623100   -0.0153163700

51   
 -0.0086627951907802   0.0049955960087456   0.0000000000000000
  -0.0319213700    0.0187947200   -0.0658613700
  -0.0007739200    0.0017462400   -0.0368736200
   0.0011838300    0.0011401800   -0.0371236900
   0.0008760400    0.0009063900   -0.0368514600
   0.0004744900    0.0005124600   -0.0366232400
   0.0004794000    0.0015413500   -0.0385870500
   0.0000962800    0.0018751800   -0.0367553500
   0.0007528800    0.0003883000   -0.0366070600
   0.0010560000    0.0007218100   -0.0368662000
   0.0010835900    0.0007548800   -0.0369220900
   0.0014933100    0.0004699600   -0.0368688300
   0.0009383200    0.0008499100   -0.0368428200
   0.0007218800    0.0006862500   -0.0368732100
   0.0008057400    0.0007856600   -0.0368833000
   0.0010412900    0.0006803700   -0.0368145100
   0.0000970100    0.0007885300   -0.0351982400
   0.0008915900    0.0007541400   -0.0368964600
   0.0009098300    0.0008040300   -0.0368663500
   0.0007258200    0.0004481600   -0.0370246700
   0.0009517700    0.0013234000   -0.0371153900
  -0.0301563000    0.0195972700   -0.0093697300
  -0.0004218700    0.0009680600   -0.0369844100
   0.0009201400    0.0010275200   -0.0368611000
   0.0011328600    0.0011518600   -0.0367063000
  -0.0002468700    0.0014812400   -0.0368704000
  -0.0005234200   -0.0002429300    0.0516669400
  -0.0002560800   -0.0002831800    0.0517484100
  -0.0003712000   -0.0001954200    0.0517085200
  -0.0005039100   -0.0001921500    0.0516907500
  -0.0001028700   -0.0000700200    0.0515703700
  -0.0000080000   -0.0009631600    0.0519508700
  -0.0003398000   -0.0004325800    0.0515193700
  -0.0004638200   -0.0002644300    0.0516290500
  -0.0005079500    0.0000890800    0.0512061800
  -0.0011318300   -0.0004634800    0.0510212700
  -0.0006311000   -0.0002918600    0.0523405800
  -0.0005475800   -0.0002814200    0.0519771000
  -0.0004767200   -0.0003752500    0.0515564000
  -0.0007903700   -0.0004013600    0.0520584500
  -0.0003100800   -0.0003506000    0.0516317500
  -0.0005116100   -0.0001058700    0.0509233300
  -0.0005992000   -0.0001828200    0.0516321200
  -0.0004425100   -0.0002432600    0.0518062900
  -0.0005438100   -0.0002610800    0.0515720100
  -0.0006278700    0.0004106300    0.0522435400
   0.0003787200   -0.0003099300    0.0513148800
  -0.0004865500   -0.0001828400    0.0512854300
  -0.0004734300   -0.0002886200    0.0514560700
  -0.0004246800   -0.0002810400    0.0516352100
  -0.0004521000   -0.0006695100    0.0516832600
   0.0728810600   -0.0427725800   -0.0132316100
  -0.0022840800   -0.0016993100   -0.0140727700
  -0.0004252300   -0.0005728600   -0.0147685900
  -0.0004160400   -0.0005242000   -0.0147872500
  -0.0022108500   -0.0016212500   -0.0156381400
   0.0002620300   -0.0003315300   -0.0162008200
  -0.0004095600    0.0016680500   -0.0154430800
  -0.0003650700   -0.0005716800   -0.0147728800
  -0.0006104300   -0.0004800300   -0.0147914400
  -0.0007011200   -0.0004588200   -0.0149053300
  -0.0004643200   -0.0005437000   -0.0146354100
  -0.0005412700   -0.0003066000   -0.0149336800
  -0.0004304100   -0.0005506100   -0.0147640300
  -0.0005257600   -0.0004561000   -0.0147285200
  -0.0005534100   -0.0004945800   -0.0147620900
  -0.0005212400   -0.0005289400   -0.0148984100
  -0.0005503700   -0.0004714600   -0.0147587100
  -0.0005863600   -0.0005009700   -0.0148110100
  -0.0005083800   -0.0005965000   -0.0147333800
  -0.0005774000   -0.0003541900   -0.0146396600
  -0.0002776600   -0.0012301300   -0.0133418300
  -0.0007457100   -0.0005565000   -0.0145883600
  -0.0005848900   -0.0004192500   -0.0147319500
  -0.0003418400   -0.0005810300   -0.0147577700
  -0.0004756800    0.0015900100   -0.0138845700

51   
  0.0086627951907802  -0.0049955960087456   0.0000000000000000
   0.0327330600   -0.0166742800   -0.0093766900
   0.0025762800   -0.0001819800   -0.0368747300
   0.0006349700    0.0004556300   -0.0366070900
   0.0009509300    0.0007018000   -0.0368839800
   0.0013444200    0.0010975800   -0.0371162000
   0.0013100000    0.0000872600   -0.0351982300
   0.0017253400   -0.0002697500   -0.0369838300
   0.0010698600    0.0012051200   -0.0371233400
   0.0007728400    0.0008849400   -0.0368659100
   0.0007422300    0.0008516200   -0.0368144200
   0.0003316500    0.0011395200   -0.0368689800
   0.0008818700    0.0007606600   -0.0368956200
   0.0011015300    0.0009226300   -0.0368609400
   0.0010199500    0.0008234200   -0.0368513300
   0.0007864600    0.0009274300   -0.0369226700
   0.0017715300    0.0007946600   -0.0385870500
   0.0009406400    0.0008479200   -0.0368425600
   0.0009179100    0.0007994200   -0.0368662500
   0.0011050100    0.0011667900   -0.0367067100
   0.0008826300    0.0002772100   -0.0366234700
   0.0329344800   -0.0186108600   -0.0658686100
   0.0022506400    0.0006339500   -0.0367543600
   0.0009065400    0.0005798100   -0.0368726400
   0.0007002600    0.0004628100   -0.0370239700
   0.0020816900    0.0001420200   -0.0368695800
  -0.0003099100   -0.0003671100    0.0516672900
  -0.0005654900   -0.0003018200    0.0515193800
  -0.0004517100   -0.0003905600    0.0515563900
  -0.0003135400   -0.0003924200    0.0515725400
  -0.0007169600   -0.0005194200    0.0516833500
  -0.0008203200    0.0003810300    0.0513137800
  -0.0004789900   -0.0001561900    0.0517484400
  -0.0003528400   -0.0003282200    0.0516290400
  -0.0003154100   -0.0006786400    0.0520584000
   0.0003115900   -0.0001295200    0.0522448900
  -0.0001959900   -0.0002868800    0.0509239300
  -0.0002771200   -0.0003033100    0.0512854300
  -0.0003488000   -0.0002082300    0.0517086600
  -0.0000293500   -0.0001835100    0.0512060600
  -0.0005144600   -0.0002330700    0.0516309700
  -0.0002998600   -0.0004853000    0.0523412800
  -0.0002188500   -0.0004024000    0.0516329900
  -0.0003738600   -0.0003467400    0.0514561200
  -0.0002754300   -0.0003261200    0.0516911300
  -0.0001929000   -0.0010062300    0.0510227300
  -0.0011914100   -0.0002789000    0.0519497600
  -0.0003328400   -0.0004060000    0.0519771300
  -0.0003496900   -0.0002958700    0.0518066500
  -0.0003941700   -0.0002986700    0.0516353100
  -0.0003712700    0.0000872200    0.0515703300
  -0.0737920400    0.0418145000   -0.0132248700
   0.0013077800    0.0006136900   -0.0154389300
  -0.0005031200   -0.0005170400   -0.0147755100
  -0.0005641800   -0.0005902200   -0.0147363800
   0.0012918400    0.0005371300   -0.0138802700
  -0.0013023300   -0.0006457200   -0.0133414200
  -0.0006097700   -0.0025973200   -0.0140770600
  -0.0007068300   -0.0003746700   -0.0147727300
  -0.0004256800   -0.0004716600   -0.0147212700
  -0.0003463500   -0.0004688700   -0.0146415300
  -0.0004843600   -0.0005581700   -0.0148904600
  -0.0004487700   -0.0007703300   -0.0145843300
  -0.0005181500   -0.0005112600   -0.0147570700
  -0.0004403000   -0.0006203000   -0.0147984600
  -0.0004300000   -0.0005659400   -0.0147620000
  -0.0005188100   -0.0005044600   -0.0146431300
  -0.0004268300   -0.0005426300   -0.0147586300
  -0.0004179400   -0.0005212800   -0.0147531100
  -0.0005257800   -0.0004351700   -0.0147838400
  -0.0003913600   -0.0006557300   -0.0149027800
  -0.0007893600    0.0002808000   -0.0162012300
  -0.0002973000   -0.0004041800   -0.0149381100
  -0.0004830500   -0.0005546300   -0.0147897800
  -0.0006836500   -0.0003840900   -0.0147577700
  -0.0005868500   -0.0025209200   -0.0156421500

51   
  0.0000000000000000   0.0000000000000000   0.0100000000000000
   0.0255900000   -0.0107045900   -0.0007118700
  -0.0008043200   -0.0021774400   -0.0358934300
   0.0006940600    0.0004108200   -0.0364984300
   0.0009401900    0.0008623500   -0.0368855900
   0.0008676700    0.0007728800   -0.0364370600
   0.0005100800    0.0010264800   -0.0366968500
   0.0009462200    0.0010206300   -0.0362620100
   0.0006843100    0.0004168300   -0.0364985500
   0.0010164900    0.0009808600   -0.0367176800
   0.0010029000    0.0008210000   -0.0368592300
   0.0009477500    0.0008660900   -0.0370011100
   0.0008383600    0.0009095000   -0.0369209100
   0.0008742300    0.0008108300   -0.0368876800
   0.0009497900    0.0008568700   -0.0368852500
   0.0008839800    0.0008906800   -0.0368598900
   0.0013105200    0.0005647800   -0.0366968400
   0.0010417600    0.0007913500   -0.0369209200
   0.0008463100    0.0006844900   -0.0367743600
   0.0010294300    0.0011432500   -0.0365767100
   0.0009104400    0.0007481600   -0.0364365900
  -0.0214138400    0.0164040000   -0.0007059400
   0.0010842900    0.0009414700   -0.0362622100
   0.0009371100    0.0007748000   -0.0368874700
   0.0011496800    0.0010747100   -0.0365760600
   0.0017343800    0.0022304200   -0.0356321600
  -0.0012421800   -0.0017342900    0.0566515100
  -0.0002764000   -0.0000983300    0.0515022800
  -0.0004424300   -0.0003091000    0.0516794100
  -0.0004126300   -0.0004570300    0.0516388500
   0.0001907300   -0.0006482600    0.0513907400
  -0.0010704700    0.0009166800    0.0501929200
  -0.0003089600   -0.0000804000    0.0515018600
  -0.0004902400   -0.0004377100    0.0514183400
  -0.0003892800   -0.0003442800    0.0515883700
  -0.0004497500   -0.0001560000    0.0522095300
  -0.0002644400   -0.0004862000    0.0519145600
  -0.0004923000   -0.0004961700    0.0516014900
  -0.0004114600   -0.0003264500    0.0516792000
  -0.0004644600   -0.0002980000    0.0515885900
  -0.0004146600   -0.0002961900    0.0512942000
  -0.0006514000   -0.0002645000    0.0519140700
  -0.0002958100   -0.0000958200    0.0517981800
  -0.0003871100   -0.0002890500    0.0515650700
  -0.0005503400   -0.0003791000    0.0516384200
  -0.0002694700   -0.0002615300    0.0522096700
   0.0009671600   -0.0002579700    0.0501942000
  -0.0005464200   -0.0004656600    0.0516013800
  -0.0004172900   -0.0002708600    0.0515649600
  -0.0005119700   -0.0004673000    0.0515937000
  -0.0010185500    0.0000497100    0.0513880800
  -0.0025654300   -0.0041803700   -0.0895835000
   0.0008028200   -0.0000593300   -0.0156090600
  -0.0004427500   -0.0005574700   -0.0148565300
  -0.0004914400   -0.0005526100   -0.0148463600
  -0.0014072800   -0.0008184300   -0.0156119100
  -0.0016196100    0.0004962200   -0.0153326800
  -0.0007386900    0.0008940400   -0.0156126900
  -0.0003168800   -0.0000928100   -0.0148433500
  -0.0005699900   -0.0005075800   -0.0148236800
  -0.0007060600   -0.0004322900   -0.0148773300
  -0.0003627600   -0.0006071200   -0.0147630600
  -0.0005689700   -0.0004050900   -0.0148625600
  -0.0004961900   -0.0005186800   -0.0148449000
  -0.0004848800   -0.0005988400   -0.0148306400
  -0.0005193400   -0.0005778100   -0.0148648300
  -0.0006248300   -0.0004480400   -0.0147708300
  -0.0004599100   -0.0004569000   -0.0148614900
  -0.0005158600   -0.0004646400   -0.0148491500
  -0.0005128000   -0.0005144000   -0.0148431300
  -0.0003662300   -0.0006464600   -0.0148751000
   0.0008691300   -0.0009329300   -0.0153328600
  -0.0003691000   -0.0004773900   -0.0148667800
  -0.0004871900   -0.0004754000   -0.0148281300
  -0.0007016300   -0.0008097700   -0.0148287000
  -0.0002958500   -0.0014233100   -0.0156155200

51   
  0.0000000000000000   0.0000000000000000  -0.0100000000000000
  -0.0248401400    0.0128556800   -0.0736460100
   0.0026401600    0.0038006900   -0.0378455500
   0.0011306100    0.0011967800   -0.0372362300
   0.0008846900    0.0007454600   -0.0368509500
   0.0009621500    0.0008359400   -0.0373023000
   0.0013253900    0.0005759800   -0.0370379800
   0.0008795200    0.0005806300   -0.0374764000
   0.0011449000    0.0011880300   -0.0372357500
   0.0008113000    0.0006249600   -0.0370170000
   0.0008216700    0.0007855400   -0.0368758000
   0.0008760800    0.0007423800   -0.0367346600
   0.0009861200    0.0006995300   -0.0368153900
   0.0009486400    0.0008005100   -0.0368483200
   0.0008757800    0.0007506700   -0.0368505000
   0.0009436500    0.0007165300   -0.0368758100
   0.0005114900    0.0010456900   -0.0370379900
   0.0007861500    0.0008141000   -0.0368159700
   0.0009819800    0.0009208800   -0.0369594000
   0.0007986300    0.0004656400   -0.0371584300
   0.0009165600    0.0008617900   -0.0373022000
   0.0242488100   -0.0154553400   -0.0736518800
   0.0007379700    0.0006624800   -0.0374757700
   0.0008911300    0.0008337700   -0.0368480900
   0.0006787400    0.0005350400   -0.0371579500
   0.0000907900   -0.0006229400   -0.0381001500
   0.0004311400    0.0011638800    0.0465893200
  -0.0005477600   -0.0004898400    0.0517649400
  -0.0003807400   -0.0002771500    0.0515842200
  -0.0004040600   -0.0001254800    0.0516222200
  -0.0010358700    0.0000550800    0.0518544400
   0.0002422500   -0.0015071600    0.0530773300
  -0.0005121100   -0.0005117200    0.0517653700
  -0.0003255200   -0.0001523500    0.0518460300
  -0.0004362500   -0.0002420600    0.0516757300
  -0.0003704100   -0.0004341800    0.0510535500
  -0.0005565500   -0.0000943800    0.0513439400
  -0.0003308600   -0.0000873400    0.0516588500
  -0.0004149800   -0.0002569000    0.0515845900
  -0.0003522400   -0.0002866600    0.0516754200
  -0.0004099400   -0.0002865800    0.0519702400
  -0.0001655400   -0.0003218400    0.0513445600
  -0.0005252600   -0.0004936600    0.0514675000
  -0.0004300700   -0.0002996300    0.0516984000
  -0.0002683400   -0.0002059500    0.0516224900
  -0.0005497300   -0.0003321300    0.0510534800
  -0.0017879400   -0.0003344600    0.0530760100
  -0.0002735200   -0.0001207700    0.0516590000
  -0.0004051000   -0.0003132100    0.0516988100
  -0.0003073800   -0.0001123500    0.0516694100
   0.0002037900   -0.0006552700    0.0518570200
   0.0016642400    0.0031687700    0.0613404200
  -0.0017935300   -0.0010427900   -0.0139097500
  -0.0004869400   -0.0005322900   -0.0146881600
  -0.0004878900   -0.0005601900   -0.0146779200
   0.0004939400   -0.0002561800   -0.0139126000
   0.0005497700   -0.0014657400   -0.0141656700
  -0.0002885000   -0.0018435400   -0.0139145500
  -0.0007592900   -0.0008600000   -0.0147027100
  -0.0004661600   -0.0004432500   -0.0146893500
  -0.0003384000   -0.0004948000   -0.0146702800
  -0.0005902400   -0.0004907700   -0.0147666200
  -0.0004202300   -0.0006739000   -0.0146555000
  -0.0004524000   -0.0005438000   -0.0146765300
  -0.0004812300   -0.0004767000   -0.0146966000
  -0.0004636600   -0.0004810900   -0.0146585400
  -0.0004104400   -0.0005866500   -0.0147739900
  -0.0005176900   -0.0005569200   -0.0146552300
  -0.0004883000   -0.0005568500   -0.0147151500
  -0.0005212500   -0.0005152100   -0.0146747600
  -0.0006043500   -0.0003600800   -0.0146680000
  -0.0019154900   -0.0000376100   -0.0141659100
  -0.0006769400   -0.0004831300   -0.0146597300
  -0.0005809800   -0.0004975200   -0.0146938200
  -0.0003216900   -0.0001506100   -0.0146881000
  -0.0007621400    0.0005025600   -0.0139173200
