Automatically generated mesh
      45
Reciprocal lattice
    0.00000000000000    0.00000000000000    0.00000000000000             1
    0.05882352941177    0.00000000000000    0.00000000000000             4
    0.11764705882353    0.00000000000000    0.00000000000000             4
    0.17647058823530    0.00000000000000    0.00000000000000             4
    0.23529411764706    0.00000000000000    0.00000000000000             4
    0.29411764705883    0.00000000000000    0.00000000000000             4
    0.35294117647059    0.00000000000000    0.00000000000000             4
    0.41176470588236    0.00000000000000    0.00000000000000             4
    0.47058823529412    0.00000000000000    0.00000000000000             4
    0.05882352941177    0.05882352941177    0.00000000000000             4
    0.11764705882353    0.05882352941177    0.00000000000000             8
    0.17647058823530    0.05882352941177    0.00000000000000             8
    0.23529411764706    0.05882352941177    0.00000000000000             8
    0.29411764705883    0.05882352941177    0.00000000000000             8
    0.35294117647059    0.05882352941177    0.00000000000000             8
    0.41176470588236    0.05882352941177    0.00000000000000             8
    0.47058823529412    0.05882352941177    0.00000000000000             8
    0.11764705882353    0.11764705882353    0.00000000000000             4
    0.17647058823530    0.11764705882353    0.00000000000000             8
    0.23529411764706    0.11764705882353    0.00000000000000             8
    0.29411764705883    0.11764705882353    0.00000000000000             8
    0.35294117647059    0.11764705882353    0.00000000000000             8
    0.41176470588236    0.11764705882353    0.00000000000000             8
    0.47058823529412    0.11764705882353    0.00000000000000             8
    0.17647058823530    0.17647058823530    0.00000000000000             4
    0.23529411764706    0.17647058823530    0.00000000000000             8
    0.29411764705883    0.17647058823530    0.00000000000000             8
    0.35294117647059    0.17647058823530    0.00000000000000             8
    0.41176470588236    0.17647058823530    0.00000000000000             8
    0.47058823529412    0.17647058823530    0.00000000000000             8
    0.23529411764706    0.23529411764706    0.00000000000000             4
    0.29411764705883    0.23529411764706    0.00000000000000             8
    0.35294117647059    0.23529411764706    0.00000000000000             8
    0.41176470588236    0.23529411764706    0.00000000000000             8
    0.47058823529412    0.23529411764706    0.00000000000000             8
    0.29411764705883    0.29411764705883    0.00000000000000             4
    0.35294117647059    0.29411764705883    0.00000000000000             8
    0.41176470588236    0.29411764705883    0.00000000000000             8
    0.47058823529412    0.29411764705883    0.00000000000000             8
    0.35294117647059    0.35294117647059    0.00000000000000             4
    0.41176470588236    0.35294117647059    0.00000000000000             8
    0.47058823529412    0.35294117647059    0.00000000000000             8
    0.41176470588236    0.41176470588236    0.00000000000000             4
    0.47058823529412    0.41176470588236    0.00000000000000             8
    0.47058823529412    0.47058823529412    0.00000000000000             4
