Automatically generated mesh
     361
Reciprocal lattice
    0.00000000000000    0.00000000000000    0.00000000000000             1
    0.02702702702703    0.00000000000000    0.00000000000000             4
    0.05405405405406    0.00000000000000    0.00000000000000             4
    0.08108108108108    0.00000000000000    0.00000000000000             4
    0.10810810810811    0.00000000000000    0.00000000000000             4
    0.13513513513514    0.00000000000000    0.00000000000000             4
    0.16216216216216    0.00000000000000    0.00000000000000             4
    0.18918918918919    0.00000000000000    0.00000000000000             4
    0.21621621621622    0.00000000000000    0.00000000000000             4
    0.24324324324324    0.00000000000000    0.00000000000000             4
    0.27027027027028    0.00000000000000    0.00000000000000             4
    0.29729729729730    0.00000000000000    0.00000000000000             4
    0.32432432432432    0.00000000000000    0.00000000000000             4
    0.35135135135136    0.00000000000000    0.00000000000000             4
    0.37837837837838    0.00000000000000    0.00000000000000             4
    0.40540540540540    0.00000000000000    0.00000000000000             4
    0.43243243243244    0.00000000000000    0.00000000000000             4
    0.45945945945946    0.00000000000000    0.00000000000000             4
    0.48648648648649    0.00000000000000    0.00000000000000             4
    0.00000000000000    0.02702702702703    0.00000000000000             2
    0.05405405405406    0.02702702702703    0.00000000000000             2
    0.08108108108108    0.02702702702703    0.00000000000000             4
    0.10810810810811    0.02702702702703    0.00000000000000             4
    0.13513513513514    0.02702702702703    0.00000000000000             4
    0.16216216216216    0.02702702702703    0.00000000000000             4
    0.18918918918919    0.02702702702703    0.00000000000000             4
    0.21621621621622    0.02702702702703    0.00000000000000             4
    0.24324324324324    0.02702702702703    0.00000000000000             4
    0.27027027027028    0.02702702702703    0.00000000000000             4
    0.29729729729730    0.02702702702703    0.00000000000000             4
    0.32432432432432    0.02702702702703    0.00000000000000             4
    0.35135135135136    0.02702702702703    0.00000000000000             4
    0.37837837837838    0.02702702702703    0.00000000000000             4
    0.40540540540540    0.02702702702703    0.00000000000000             4
    0.43243243243244    0.02702702702703    0.00000000000000             4
    0.45945945945946    0.02702702702703    0.00000000000000             4
    0.48648648648649    0.02702702702703    0.00000000000000             4
   -0.48648648648648    0.02702702702703    0.00000000000000             4
   -0.45945945945946    0.02702702702703    0.00000000000000             4
   -0.43243243243243    0.02702702702703    0.00000000000000             4
   -0.40540540540540    0.02702702702703    0.00000000000000             4
   -0.37837837837838    0.02702702702703    0.00000000000000             4
   -0.35135135135135    0.02702702702703    0.00000000000000             4
   -0.32432432432432    0.02702702702703    0.00000000000000             4
   -0.29729729729730    0.02702702702703    0.00000000000000             4
   -0.27027027027027    0.02702702702703    0.00000000000000             4
   -0.24324324324324    0.02702702702703    0.00000000000000             4
   -0.21621621621622    0.02702702702703    0.00000000000000             4
   -0.18918918918918    0.02702702702703    0.00000000000000             4
   -0.16216216216216    0.02702702702703    0.00000000000000             4
   -0.13513513513514    0.02702702702703    0.00000000000000             4
   -0.10810810810810    0.02702702702703    0.00000000000000             4
   -0.08108108108108    0.02702702702703    0.00000000000000             4
   -0.05405405405405    0.02702702702703    0.00000000000000             4
   -0.02702702702702    0.02702702702703    0.00000000000000             4
    0.00000000000000    0.05405405405406    0.00000000000000             2
    0.10810810810811    0.05405405405406    0.00000000000000             2
    0.13513513513514    0.05405405405406    0.00000000000000             4
    0.16216216216216    0.05405405405406    0.00000000000000             4
    0.18918918918919    0.05405405405406    0.00000000000000             4
    0.21621621621622    0.05405405405406    0.00000000000000             4
    0.24324324324324    0.05405405405406    0.00000000000000             4
    0.27027027027028    0.05405405405406    0.00000000000000             4
    0.29729729729730    0.05405405405406    0.00000000000000             4
    0.32432432432432    0.05405405405406    0.00000000000000             4
    0.35135135135136    0.05405405405406    0.00000000000000             4
    0.37837837837838    0.05405405405406    0.00000000000000             4
    0.40540540540540    0.05405405405406    0.00000000000000             4
    0.43243243243244    0.05405405405406    0.00000000000000             4
    0.45945945945946    0.05405405405406    0.00000000000000             4
    0.48648648648649    0.05405405405406    0.00000000000000             4
   -0.48648648648648    0.05405405405406    0.00000000000000             4
   -0.45945945945946    0.05405405405406    0.00000000000000             4
   -0.43243243243243    0.05405405405406    0.00000000000000             4
   -0.40540540540540    0.05405405405406    0.00000000000000             4
   -0.37837837837838    0.05405405405406    0.00000000000000             4
   -0.35135135135135    0.05405405405406    0.00000000000000             4
   -0.32432432432432    0.05405405405406    0.00000000000000             4
   -0.29729729729730    0.05405405405406    0.00000000000000             4
   -0.27027027027027    0.05405405405406    0.00000000000000             4
   -0.24324324324324    0.05405405405406    0.00000000000000             4
   -0.21621621621622    0.05405405405406    0.00000000000000             4
   -0.18918918918918    0.05405405405406    0.00000000000000             4
   -0.16216216216216    0.05405405405406    0.00000000000000             4
   -0.13513513513514    0.05405405405406    0.00000000000000             4
   -0.10810810810810    0.05405405405406    0.00000000000000             4
   -0.08108108108108    0.05405405405406    0.00000000000000             4
   -0.05405405405405    0.05405405405406    0.00000000000000             4
   -0.02702702702702    0.05405405405406    0.00000000000000             4
    0.00000000000000    0.08108108108108    0.00000000000000             2
    0.16216216216216    0.08108108108108    0.00000000000000             2
    0.18918918918919    0.08108108108108    0.00000000000000             4
    0.21621621621622    0.08108108108108    0.00000000000000             4
    0.24324324324324    0.08108108108108    0.00000000000000             4
    0.27027027027028    0.08108108108108    0.00000000000000             4
    0.29729729729730    0.08108108108108    0.00000000000000             4
    0.32432432432432    0.08108108108108    0.00000000000000             4
    0.35135135135136    0.08108108108108    0.00000000000000             4
    0.37837837837838    0.08108108108108    0.00000000000000             4
    0.40540540540540    0.08108108108108    0.00000000000000             4
    0.43243243243244    0.08108108108108    0.00000000000000             4
    0.45945945945946    0.08108108108108    0.00000000000000             4
    0.48648648648649    0.08108108108108    0.00000000000000             4
   -0.48648648648648    0.08108108108108    0.00000000000000             4
   -0.45945945945946    0.08108108108108    0.00000000000000             4
   -0.43243243243243    0.08108108108108    0.00000000000000             4
   -0.40540540540540    0.08108108108108    0.00000000000000             4
   -0.37837837837838    0.08108108108108    0.00000000000000             4
   -0.35135135135135    0.08108108108108    0.00000000000000             4
   -0.32432432432432    0.08108108108108    0.00000000000000             4
   -0.29729729729730    0.08108108108108    0.00000000000000             4
   -0.27027027027027    0.08108108108108    0.00000000000000             4
   -0.24324324324324    0.08108108108108    0.00000000000000             4
   -0.21621621621622    0.08108108108108    0.00000000000000             4
   -0.18918918918918    0.08108108108108    0.00000000000000             4
   -0.16216216216216    0.08108108108108    0.00000000000000             4
   -0.13513513513514    0.08108108108108    0.00000000000000             4
   -0.10810810810810    0.08108108108108    0.00000000000000             4
   -0.08108108108108    0.08108108108108    0.00000000000000             4
   -0.05405405405405    0.08108108108108    0.00000000000000             4
   -0.02702702702702    0.08108108108108    0.00000000000000             4
    0.00000000000000    0.10810810810811    0.00000000000000             2
    0.21621621621622    0.10810810810811    0.00000000000000             2
    0.24324324324324    0.10810810810811    0.00000000000000             4
    0.27027027027028    0.10810810810811    0.00000000000000             4
    0.29729729729730    0.10810810810811    0.00000000000000             4
    0.32432432432432    0.10810810810811    0.00000000000000             4
    0.35135135135136    0.10810810810811    0.00000000000000             4
    0.37837837837838    0.10810810810811    0.00000000000000             4
    0.40540540540540    0.10810810810811    0.00000000000000             4
    0.43243243243244    0.10810810810811    0.00000000000000             4
    0.45945945945946    0.10810810810811    0.00000000000000             4
    0.48648648648649    0.10810810810811    0.00000000000000             4
   -0.48648648648648    0.10810810810811    0.00000000000000             4
   -0.45945945945946    0.10810810810811    0.00000000000000             4
   -0.43243243243243    0.10810810810811    0.00000000000000             4
   -0.40540540540540    0.10810810810811    0.00000000000000             4
   -0.37837837837838    0.10810810810811    0.00000000000000             4
   -0.35135135135135    0.10810810810811    0.00000000000000             4
   -0.32432432432432    0.10810810810811    0.00000000000000             4
   -0.29729729729730    0.10810810810811    0.00000000000000             4
   -0.27027027027027    0.10810810810811    0.00000000000000             4
   -0.24324324324324    0.10810810810811    0.00000000000000             4
   -0.21621621621622    0.10810810810811    0.00000000000000             4
   -0.18918918918918    0.10810810810811    0.00000000000000             4
   -0.16216216216216    0.10810810810811    0.00000000000000             4
   -0.13513513513514    0.10810810810811    0.00000000000000             4
   -0.10810810810810    0.10810810810811    0.00000000000000             4
   -0.08108108108108    0.10810810810811    0.00000000000000             4
   -0.05405405405405    0.10810810810811    0.00000000000000             4
   -0.02702702702702    0.10810810810811    0.00000000000000             4
    0.00000000000000    0.13513513513514    0.00000000000000             2
    0.27027027027028    0.13513513513514    0.00000000000000             2
    0.29729729729730    0.13513513513514    0.00000000000000             4
    0.32432432432432    0.13513513513514    0.00000000000000             4
    0.35135135135136    0.13513513513514    0.00000000000000             4
    0.37837837837838    0.13513513513514    0.00000000000000             4
    0.40540540540540    0.13513513513514    0.00000000000000             4
    0.43243243243244    0.13513513513514    0.00000000000000             4
    0.45945945945946    0.13513513513514    0.00000000000000             4
    0.48648648648649    0.13513513513514    0.00000000000000             4
   -0.48648648648648    0.13513513513514    0.00000000000000             4
   -0.45945945945946    0.13513513513514    0.00000000000000             4
   -0.43243243243243    0.13513513513514    0.00000000000000             4
   -0.40540540540540    0.13513513513514    0.00000000000000             4
   -0.37837837837838    0.13513513513514    0.00000000000000             4
   -0.35135135135135    0.13513513513514    0.00000000000000             4
   -0.32432432432432    0.13513513513514    0.00000000000000             4
   -0.29729729729730    0.13513513513514    0.00000000000000             4
   -0.27027027027027    0.13513513513514    0.00000000000000             4
   -0.24324324324324    0.13513513513514    0.00000000000000             4
   -0.21621621621622    0.13513513513514    0.00000000000000             4
   -0.18918918918918    0.13513513513514    0.00000000000000             4
   -0.16216216216216    0.13513513513514    0.00000000000000             4
   -0.13513513513514    0.13513513513514    0.00000000000000             4
   -0.10810810810810    0.13513513513514    0.00000000000000             4
   -0.08108108108108    0.13513513513514    0.00000000000000             4
   -0.05405405405405    0.13513513513514    0.00000000000000             4
   -0.02702702702702    0.13513513513514    0.00000000000000             4
    0.00000000000000    0.16216216216216    0.00000000000000             2
    0.32432432432432    0.16216216216216    0.00000000000000             2
    0.35135135135136    0.16216216216216    0.00000000000000             4
    0.37837837837838    0.16216216216216    0.00000000000000             4
    0.40540540540540    0.16216216216216    0.00000000000000             4
    0.43243243243244    0.16216216216216    0.00000000000000             4
    0.45945945945946    0.16216216216216    0.00000000000000             4
    0.48648648648649    0.16216216216216    0.00000000000000             4
   -0.48648648648648    0.16216216216216    0.00000000000000             4
   -0.45945945945946    0.16216216216216    0.00000000000000             4
   -0.43243243243243    0.16216216216216    0.00000000000000             4
   -0.40540540540540    0.16216216216216    0.00000000000000             4
   -0.37837837837838    0.16216216216216    0.00000000000000             4
   -0.35135135135135    0.16216216216216    0.00000000000000             4
   -0.32432432432432    0.16216216216216    0.00000000000000             4
   -0.29729729729730    0.16216216216216    0.00000000000000             4
   -0.27027027027027    0.16216216216216    0.00000000000000             4
   -0.24324324324324    0.16216216216216    0.00000000000000             4
   -0.21621621621622    0.16216216216216    0.00000000000000             4
   -0.18918918918918    0.16216216216216    0.00000000000000             4
   -0.16216216216216    0.16216216216216    0.00000000000000             4
   -0.13513513513514    0.16216216216216    0.00000000000000             4
   -0.10810810810810    0.16216216216216    0.00000000000000             4
   -0.08108108108108    0.16216216216216    0.00000000000000             4
   -0.05405405405405    0.16216216216216    0.00000000000000             4
   -0.02702702702702    0.16216216216216    0.00000000000000             4
    0.00000000000000    0.18918918918919    0.00000000000000             2
    0.37837837837838    0.18918918918919    0.00000000000000             2
    0.40540540540540    0.18918918918919    0.00000000000000             4
    0.43243243243244    0.18918918918919    0.00000000000000             4
    0.45945945945946    0.18918918918919    0.00000000000000             4
    0.48648648648649    0.18918918918919    0.00000000000000             4
   -0.48648648648648    0.18918918918919    0.00000000000000             4
   -0.45945945945946    0.18918918918919    0.00000000000000             4
   -0.43243243243243    0.18918918918919    0.00000000000000             4
   -0.40540540540540    0.18918918918919    0.00000000000000             4
   -0.37837837837838    0.18918918918919    0.00000000000000             4
   -0.35135135135135    0.18918918918919    0.00000000000000             4
   -0.32432432432432    0.18918918918919    0.00000000000000             4
   -0.29729729729730    0.18918918918919    0.00000000000000             4
   -0.27027027027027    0.18918918918919    0.00000000000000             4
   -0.24324324324324    0.18918918918919    0.00000000000000             4
   -0.21621621621622    0.18918918918919    0.00000000000000             4
   -0.18918918918918    0.18918918918919    0.00000000000000             4
   -0.16216216216216    0.18918918918919    0.00000000000000             4
   -0.13513513513514    0.18918918918919    0.00000000000000             4
   -0.10810810810810    0.18918918918919    0.00000000000000             4
   -0.08108108108108    0.18918918918919    0.00000000000000             4
   -0.05405405405405    0.18918918918919    0.00000000000000             4
   -0.02702702702702    0.18918918918919    0.00000000000000             4
    0.00000000000000    0.21621621621622    0.00000000000000             2
    0.43243243243244    0.21621621621622    0.00000000000000             2
    0.45945945945946    0.21621621621622    0.00000000000000             4
    0.48648648648649    0.21621621621622    0.00000000000000             4
   -0.48648648648648    0.21621621621622    0.00000000000000             4
   -0.45945945945946    0.21621621621622    0.00000000000000             4
   -0.43243243243243    0.21621621621622    0.00000000000000             4
   -0.40540540540540    0.21621621621622    0.00000000000000             4
   -0.37837837837838    0.21621621621622    0.00000000000000             4
   -0.35135135135135    0.21621621621622    0.00000000000000             4
   -0.32432432432432    0.21621621621622    0.00000000000000             4
   -0.29729729729730    0.21621621621622    0.00000000000000             4
   -0.27027027027027    0.21621621621622    0.00000000000000             4
   -0.24324324324324    0.21621621621622    0.00000000000000             4
   -0.21621621621622    0.21621621621622    0.00000000000000             4
   -0.18918918918918    0.21621621621622    0.00000000000000             4
   -0.16216216216216    0.21621621621622    0.00000000000000             4
   -0.13513513513514    0.21621621621622    0.00000000000000             4
   -0.10810810810810    0.21621621621622    0.00000000000000             4
   -0.08108108108108    0.21621621621622    0.00000000000000             4
   -0.05405405405405    0.21621621621622    0.00000000000000             4
   -0.02702702702702    0.21621621621622    0.00000000000000             4
    0.00000000000000    0.24324324324324    0.00000000000000             2
    0.48648648648649    0.24324324324324    0.00000000000000             2
   -0.48648648648648    0.24324324324324    0.00000000000000             4
   -0.45945945945946    0.24324324324324    0.00000000000000             4
   -0.43243243243243    0.24324324324324    0.00000000000000             4
   -0.40540540540540    0.24324324324324    0.00000000000000             4
   -0.37837837837838    0.24324324324324    0.00000000000000             4
   -0.35135135135135    0.24324324324324    0.00000000000000             4
   -0.32432432432432    0.24324324324324    0.00000000000000             4
   -0.29729729729730    0.24324324324324    0.00000000000000             4
   -0.27027027027027    0.24324324324324    0.00000000000000             4
   -0.24324324324324    0.24324324324324    0.00000000000000             4
   -0.21621621621622    0.24324324324324    0.00000000000000             4
   -0.18918918918918    0.24324324324324    0.00000000000000             4
   -0.16216216216216    0.24324324324324    0.00000000000000             4
   -0.13513513513514    0.24324324324324    0.00000000000000             4
   -0.10810810810810    0.24324324324324    0.00000000000000             4
   -0.08108108108108    0.24324324324324    0.00000000000000             4
   -0.05405405405405    0.24324324324324    0.00000000000000             4
   -0.02702702702702    0.24324324324324    0.00000000000000             4
    0.00000000000000    0.27027027027028    0.00000000000000             2
   -0.45945945945946    0.27027027027028    0.00000000000000             2
   -0.43243243243243    0.27027027027027    0.00000000000000             4
   -0.40540540540540    0.27027027027028    0.00000000000000             4
   -0.37837837837838    0.27027027027028    0.00000000000000             4
   -0.35135135135135    0.27027027027027    0.00000000000000             4
   -0.32432432432432    0.27027027027028    0.00000000000000             4
   -0.29729729729730    0.27027027027027    0.00000000000000             4
   -0.27027027027027    0.27027027027027    0.00000000000000             4
   -0.24324324324324    0.27027027027028    0.00000000000000             4
   -0.21621621621622    0.27027027027028    0.00000000000000             4
   -0.18918918918918    0.27027027027028    0.00000000000000             4
   -0.16216216216216    0.27027027027028    0.00000000000000             4
   -0.13513513513514    0.27027027027027    0.00000000000000             4
   -0.10810810810810    0.27027027027028    0.00000000000000             4
   -0.08108108108108    0.27027027027027    0.00000000000000             4
   -0.05405405405405    0.27027027027028    0.00000000000000             4
   -0.02702702702702    0.27027027027028    0.00000000000000             4
    0.00000000000000    0.29729729729730    0.00000000000000             2
   -0.40540540540540    0.29729729729730    0.00000000000000             2
   -0.37837837837838    0.29729729729730    0.00000000000000             4
   -0.35135135135135    0.29729729729730    0.00000000000000             4
   -0.32432432432432    0.29729729729730    0.00000000000000             4
   -0.29729729729730    0.29729729729730    0.00000000000000             4
   -0.27027027027027    0.29729729729730    0.00000000000000             4
   -0.24324324324324    0.29729729729730    0.00000000000000             4
   -0.21621621621622    0.29729729729730    0.00000000000000             4
   -0.18918918918918    0.29729729729730    0.00000000000000             4
   -0.16216216216216    0.29729729729730    0.00000000000000             4
   -0.13513513513514    0.29729729729730    0.00000000000000             4
   -0.10810810810810    0.29729729729730    0.00000000000000             4
   -0.08108108108108    0.29729729729730    0.00000000000000             4
   -0.05405405405405    0.29729729729730    0.00000000000000             4
   -0.02702702702702    0.29729729729730    0.00000000000000             4
    0.00000000000000    0.32432432432432    0.00000000000000             2
   -0.35135135135135    0.32432432432432    0.00000000000000             2
   -0.32432432432432    0.32432432432432    0.00000000000000             4
   -0.29729729729730    0.32432432432432    0.00000000000000             4
   -0.27027027027027    0.32432432432432    0.00000000000000             4
   -0.24324324324324    0.32432432432432    0.00000000000000             4
   -0.21621621621622    0.32432432432432    0.00000000000000             4
   -0.18918918918918    0.32432432432432    0.00000000000000             4
   -0.16216216216216    0.32432432432432    0.00000000000000             4
   -0.13513513513514    0.32432432432432    0.00000000000000             4
   -0.10810810810810    0.32432432432432    0.00000000000000             4
   -0.08108108108108    0.32432432432432    0.00000000000000             4
   -0.05405405405405    0.32432432432432    0.00000000000000             4
   -0.02702702702702    0.32432432432432    0.00000000000000             4
    0.00000000000000    0.35135135135136    0.00000000000000             2
   -0.29729729729730    0.35135135135136    0.00000000000000             2
   -0.27027027027027    0.35135135135136    0.00000000000000             4
   -0.24324324324324    0.35135135135136    0.00000000000000             4
   -0.21621621621622    0.35135135135136    0.00000000000000             4
   -0.18918918918918    0.35135135135136    0.00000000000000             4
   -0.16216216216216    0.35135135135136    0.00000000000000             4
   -0.13513513513514    0.35135135135136    0.00000000000000             4
   -0.10810810810810    0.35135135135136    0.00000000000000             4
   -0.08108108108108    0.35135135135136    0.00000000000000             4
   -0.05405405405405    0.35135135135136    0.00000000000000             4
   -0.02702702702702    0.35135135135136    0.00000000000000             4
    0.00000000000000    0.37837837837838    0.00000000000000             2
   -0.24324324324324    0.37837837837838    0.00000000000000             2
   -0.21621621621622    0.37837837837838    0.00000000000000             4
   -0.18918918918918    0.37837837837838    0.00000000000000             4
   -0.16216216216216    0.37837837837838    0.00000000000000             4
   -0.13513513513514    0.37837837837838    0.00000000000000             4
   -0.10810810810810    0.37837837837838    0.00000000000000             4
   -0.08108108108108    0.37837837837838    0.00000000000000             4
   -0.05405405405405    0.37837837837838    0.00000000000000             4
   -0.02702702702702    0.37837837837838    0.00000000000000             4
    0.00000000000000    0.40540540540540    0.00000000000000             2
   -0.18918918918918    0.40540540540540    0.00000000000000             2
   -0.16216216216216    0.40540540540540    0.00000000000000             4
   -0.13513513513514    0.40540540540540    0.00000000000000             4
   -0.10810810810810    0.40540540540540    0.00000000000000             4
   -0.08108108108108    0.40540540540540    0.00000000000000             4
   -0.05405405405405    0.40540540540540    0.00000000000000             4
   -0.02702702702702    0.40540540540540    0.00000000000000             4
    0.00000000000000    0.43243243243244    0.00000000000000             2
   -0.13513513513514    0.43243243243244    0.00000000000000             2
   -0.10810810810810    0.43243243243244    0.00000000000000             4
   -0.08108108108108    0.43243243243244    0.00000000000000             4
   -0.05405405405405    0.43243243243244    0.00000000000000             4
   -0.02702702702702    0.43243243243244    0.00000000000000             4
    0.00000000000000    0.45945945945946    0.00000000000000             2
   -0.08108108108108    0.45945945945946    0.00000000000000             2
   -0.05405405405405    0.45945945945946    0.00000000000000             4
   -0.02702702702702    0.45945945945946    0.00000000000000             4
    0.00000000000000    0.48648648648649    0.00000000000000             2
   -0.02702702702702    0.48648648648649    0.00000000000000             2
