100  
12   

1    
  0.0091822076694965   0.0039606896260929   0.0000000000000000
  -0.0197853900   -0.0629827200   -0.0401814800
   0.0004658900    0.0007757500   -0.0474866700
   0.0022926200    0.0004808000   -0.0443583300
   0.0022805300    0.0005880400   -0.0449030400
   0.0010885300   -0.0011969900   -0.0426230600
   0.0008452600    0.0018861200   -0.0432963400
   0.0019191000    0.0138355200   -0.0442830900
   0.0014486400    0.0014770500   -0.0445012500
   0.0016574900    0.0000555600   -0.0447912200
  -0.0002562200    0.0000351000   -0.0448783400
   0.0020157600   -0.0002007400   -0.0447223400
   0.0008491800    0.0001101900   -0.0442826200
   0.0023008100   -0.0016209900   -0.0450555500
   0.0010684700   -0.0001135100   -0.0443698900
   0.0018731200    0.0003174300   -0.0447980800
   0.0019477700   -0.0000975800   -0.0444387400
   0.0018304600    0.0004279700   -0.0442522000
   0.0010640900   -0.0001079600   -0.0448138500
   0.0021589100   -0.0012947000   -0.0449989900
   0.0009349400   -0.0000703900   -0.0444714800
   0.0017439200   -0.0000295400   -0.0461907800
  -0.0002863700    0.0000328200   -0.0443862500
   0.0017146600   -0.0000613700   -0.0442578900
   0.0015302400    0.0012848000   -0.0450432200
   0.0006579700    0.0169642500   -0.0464600900
   0.0010487300    0.0002807300    0.0428042000
  -0.0005165200   -0.0000049600    0.0442410900
  -0.0018311600   -0.0002906900    0.0447683100
  -0.0012791600   -0.0001039800    0.0449189100
   0.0043721500    0.0008114400    0.0511765000
  -0.0021300000   -0.0009171900    0.0451640000
  -0.0012475300    0.0017643900    0.0437569300
  -0.0009357900    0.0000951900    0.0444931500
  -0.0019270100    0.0002166100    0.0449096300
  -0.0011980900    0.0000992500    0.0447761600
  -0.0016435600   -0.0004325400    0.0446685100
  -0.0014580200   -0.0010721800    0.0447009800
  -0.0016236000    0.0013188500    0.0443606200
  -0.0008694400    0.0002167200    0.0446202500
  -0.0017815500   -0.0001928000    0.0446396800
  -0.0020124500   -0.0007010500    0.0444818000
  -0.0011926300   -0.0002266400    0.0445623400
  -0.0013543400   -0.0008442700    0.0449776200
  -0.0018674000    0.0003633400    0.0444662900
  -0.0006253300   -0.0002389600    0.0441007100
   0.0007847500   -0.0007982200    0.0440699300
  -0.0016240100    0.0001707100    0.0444318800
  -0.0015333700   -0.0001818900    0.0449892100
  -0.0018608700   -0.0003071700    0.0440677800
   0.0003828800   -0.0011965600    0.0417822800
   0.0044963500    0.0126963700   -0.0255895400
   0.0043075200   -0.0003080000   -0.0352329400
   0.0037198800   -0.0005523700   -0.0352558800
   0.0040881200   -0.0005684100   -0.0351376100
   0.0058258900   -0.0003548500   -0.0374884300
   0.0038829400   -0.0007679800   -0.0352858700
   0.0037826000   -0.0001908900   -0.0347560600
   0.0039223400   -0.0003805200   -0.0353674100
   0.0035817300   -0.0005834400   -0.0352070400
   0.0042310900   -0.0006059900   -0.0351855100
   0.0039006900   -0.0006133600   -0.0351290000
   0.0037646500   -0.0006439200   -0.0350930000
   0.0038241700    0.0003540500   -0.0351555500
   0.0038887900   -0.0006359600   -0.0353218200
   0.0038923400   -0.0005765700   -0.0352973000
   0.0043173800   -0.0005833800   -0.0351951600
   0.0035178700   -0.0005706500   -0.0352527900
   0.0039084500   -0.0003374900   -0.0350163100
   0.0039036400   -0.0001927800   -0.0353654600
   0.0040652500   -0.0007791600   -0.0352554000
   0.0036037700   -0.0003249700   -0.0334585700
   0.0041497500   -0.0005985600   -0.0352444900
   0.0036866700   -0.0005350800   -0.0351750500
   0.0039826100   -0.0003367900   -0.0352307000
   0.0064037500    0.0152478800   -0.0460008100
  -0.0032822000    0.0003340700    0.0347793100
  -0.0038347900    0.0007097900    0.0353033400
  -0.0038323700    0.0005405800    0.0352997400
  -0.0037865000    0.0004942700    0.0351018300
  -0.0026803600    0.0006932400    0.0345314300
  -0.0035267100   -0.0002605900    0.0347284900
  -0.0038458400    0.0016916000    0.0361369100
  -0.0041979400    0.0004933600    0.0352618900
  -0.0036250800    0.0004480600    0.0352313800
  -0.0031198500    0.0004242800    0.0352095600
  -0.0038344400    0.0006276400    0.0351204400
  -0.0038059700    0.0009370800    0.0351621500
  -0.0037283300    0.0000080700    0.0353243100
  -0.0041484300    0.0003784500    0.0352212700
  -0.0036164400    0.0005447000    0.0352399100
  -0.0037472300    0.0006702500    0.0352298400
  -0.0038962900    0.0007550600    0.0351433500
  -0.0035666900    0.0008784200    0.0352822500
  -0.0037696400    0.0001881400    0.0351001000
  -0.0040348900    0.0005834600    0.0351668100
  -0.0038980600    0.0007419400    0.0352498300
  -0.0036147700    0.0006889200    0.0352217000
  -0.0037572200    0.0006243500    0.0351754300
  -0.0037338200    0.0007869100    0.0354854600
  -0.0032014300    0.0004377300    0.0349069800

1    
 -0.0091822076694965  -0.0039606896260929   0.0000000000000000
   0.0226505200    0.0633015600   -0.0484431700
   0.0024968400   -0.0003166500   -0.0416993300
   0.0004730100   -0.0001718500   -0.0447417100
   0.0005438100   -0.0002568400   -0.0441986900
   0.0015244900    0.0014080100   -0.0465285300
   0.0018580600   -0.0015114200   -0.0458422300
   0.0007573600   -0.0134516700   -0.0448168900
   0.0013518100   -0.0011619000   -0.0445978300
   0.0011247400    0.0002778700   -0.0443176600
   0.0030793400    0.0002886100   -0.0442264500
   0.0008062600    0.0005148800   -0.0443864500
   0.0019482000    0.0001891600   -0.0448267600
   0.0004961600    0.0019410300   -0.0440584600
   0.0017317600    0.0004288500   -0.0447429700
   0.0009209700   -0.0000035200   -0.0443111000
   0.0008210600    0.0004260200   -0.0446690500
   0.0009690000   -0.0001031000   -0.0448543400
   0.0017277100    0.0004337700   -0.0442975500
   0.0006410900    0.0016021800   -0.0441140800
   0.0018611600    0.0004092300   -0.0446326000
   0.0011634300    0.0002672700   -0.0429611200
   0.0030496400    0.0002852500   -0.0447259600
   0.0010919300    0.0003696800   -0.0448487400
   0.0012610100   -0.0009543700   -0.0440528800
   0.0022569300   -0.0167236500   -0.0426316800
  -0.0037927400   -0.0004944100    0.0461949700
  -0.0022582600   -0.0002982100    0.0448627200
  -0.0009573700   -0.0000275400    0.0443420000
  -0.0015491000   -0.0002285900    0.0441854400
  -0.0072358200   -0.0011333500    0.0377578700
  -0.0006582400    0.0005940600    0.0439435800
  -0.0015485400   -0.0020593000    0.0453485600
  -0.0018646300   -0.0004112700    0.0446197400
  -0.0008655200   -0.0005281800    0.0442053600
  -0.0016315200   -0.0004153000    0.0443386400
  -0.0011599200    0.0001109900    0.0444431700
  -0.0013255000    0.0007670000    0.0444084500
  -0.0011762900   -0.0016319500    0.0447491800
  -0.0019137900   -0.0005409700    0.0444901900
  -0.0010099400   -0.0001379000    0.0444727400
  -0.0007740000    0.0003860000    0.0446344700
  -0.0016204000   -0.0000932200    0.0445482000
  -0.0014315100    0.0005304600    0.0441267600
  -0.0009383900   -0.0006984100    0.0446418300
  -0.0021607000   -0.0000887700    0.0450087500
  -0.0035505000    0.0004693600    0.0450564800
  -0.0011685800   -0.0004970800    0.0446816500
  -0.0012613700   -0.0001287800    0.0441203100
  -0.0009235800    0.0000143000    0.0450737600
  -0.0032109500    0.0008298800    0.0473165900
   0.0029644500   -0.0139313000   -0.0449038500
   0.0032882600   -0.0008355900   -0.0351711300
   0.0038439100   -0.0006200400   -0.0351575300
   0.0035359600   -0.0005706700   -0.0353003700
   0.0019142700   -0.0007587300   -0.0329057900
   0.0038215200   -0.0003847800   -0.0351246800
   0.0038685600   -0.0009955500   -0.0356424900
   0.0036609700   -0.0008479500   -0.0350354700
   0.0040209800   -0.0006120500   -0.0352312900
   0.0034349000   -0.0005508400   -0.0352377200
   0.0037666900   -0.0005430200   -0.0352972000
   0.0039221800   -0.0005646600   -0.0353225000
   0.0038197500   -0.0015977500   -0.0352406700
   0.0037219200   -0.0005685300   -0.0350878700
   0.0037305200   -0.0005773500   -0.0351474100
   0.0032901800   -0.0005312000   -0.0352366000
   0.0041153200   -0.0006005000   -0.0351886200
   0.0037432300   -0.0008593600   -0.0354185600
   0.0037452000   -0.0009711600   -0.0350346100
   0.0035503500   -0.0003286000   -0.0351562600
   0.0038785300   -0.0007412200   -0.0369312200
   0.0034227600   -0.0005426200   -0.0351676300
   0.0039207700   -0.0006200500   -0.0352647000
   0.0036365300   -0.0007922100   -0.0352077000
   0.0014463600   -0.0162976700   -0.0244041400
  -0.0043696500    0.0007200600    0.0356270800
  -0.0038305000    0.0004080400    0.0351285700
  -0.0037795600    0.0006135800    0.0351395800
  -0.0037779700    0.0006462400    0.0353094800
  -0.0049138800    0.0003936500    0.0358593800
  -0.0040911600    0.0013709700    0.0356765900
  -0.0037771600   -0.0005410100    0.0342620400
  -0.0034557900    0.0006947000    0.0351700600
  -0.0040125300    0.0007227300    0.0352072000
  -0.0044636900    0.0006924700    0.0352239700
  -0.0037834000    0.0005265900    0.0353232100
  -0.0038015700    0.0002621700    0.0352498500
  -0.0039158000    0.0012361300    0.0350718400
  -0.0035407200    0.0008308100    0.0351920200
  -0.0040559100    0.0006122500    0.0351868200
  -0.0039289000    0.0004859300    0.0351953900
  -0.0036948700    0.0004395000    0.0352912800
  -0.0040203800    0.0003481600    0.0351172300
  -0.0038836800    0.0010159600    0.0352895400
  -0.0036816400    0.0005765600    0.0352381200
  -0.0038004200    0.0003619300    0.0351636800
  -0.0040225200    0.0004510000    0.0352171500
  -0.0037991200    0.0005457400    0.0352360900
  -0.0038279500    0.0003647600    0.0349131400
  -0.0044544300    0.0006872700    0.0354815200

1    
 -0.0091396005886348   0.0040580415325902   0.0000000000000000
   0.0219881700   -0.0632263000   -0.0484106100
   0.0011632500    0.0000468900   -0.0429600800
   0.0008168000   -0.0000993400   -0.0446734600
   0.0008011600   -0.0001877000   -0.0443828300
   0.0018774600    0.0018197500   -0.0458436400
   0.0015149600   -0.0010904200   -0.0465243900
   0.0024284100    0.0170524600   -0.0426276100
   0.0018647100   -0.0000947200   -0.0446301600
   0.0009216300    0.0003268900   -0.0443122400
   0.0030761000    0.0000198100   -0.0442265600
   0.0005488500    0.0005881400   -0.0442030700
   0.0012661800    0.0012769300   -0.0440543700
   0.0006245200   -0.0012703400   -0.0441115600
   0.0017286400   -0.0001104000   -0.0447407700
   0.0011272800    0.0000436600   -0.0443161300
   0.0004774500    0.0005035300   -0.0447372200
   0.0010932300   -0.0000493300   -0.0448492300
   0.0017242300   -0.0001162200   -0.0442987000
   0.0004759900   -0.0016076200   -0.0440589400
   0.0013601600    0.0014839800   -0.0445974000
   0.0025045200    0.0006221500   -0.0417060000
   0.0030459500    0.0000216400   -0.0447263000
   0.0009704400    0.0004244600   -0.0448532800
   0.0019546200    0.0001237800   -0.0448275300
   0.0008943300    0.0137961700   -0.0448230300
  -0.0032203000   -0.0011378200    0.0473194900
  -0.0021641000   -0.0002298400    0.0450121600
  -0.0010064100   -0.0001841100    0.0444722800
  -0.0016337900    0.0000981100    0.0443341400
  -0.0072219600    0.0008676200    0.0377562700
  -0.0009231200   -0.0003383900    0.0450710500
  -0.0009368600    0.0003778500    0.0446389400
  -0.0019088300    0.0002277300    0.0444909700
  -0.0008595200    0.0001975100    0.0442061600
  -0.0015426300   -0.0000923800    0.0441885700
  -0.0012661000   -0.0001902200    0.0441237700
  -0.0014370500   -0.0008511200    0.0441262700
  -0.0011605600    0.0013084100    0.0447465400
  -0.0018644300    0.0000980000    0.0446168100
  -0.0009659600   -0.0002921000    0.0443427000
  -0.0011616500    0.0001702000    0.0446797700
  -0.0016213600   -0.0002246600    0.0445483800
  -0.0013385100   -0.0010851500    0.0444096300
  -0.0015257700    0.0017390000    0.0453489100
  -0.0022484000   -0.0000204800    0.0448588200
  -0.0035604400   -0.0007593600    0.0450585500
  -0.0007823800   -0.0007121400    0.0446353800
  -0.0011588700   -0.0004363200    0.0444409200
  -0.0006680200   -0.0009251400    0.0439467100
  -0.0037847200    0.0001937500    0.0461851700
   0.0016109400    0.0152451100   -0.0244048800
   0.0035210200   -0.0007988800   -0.0351504400
   0.0037028400   -0.0005844900   -0.0351316400
   0.0034156400   -0.0005932700   -0.0352438000
   0.0019167800   -0.0003260600   -0.0329054400
   0.0036716600   -0.0003441200   -0.0351942100
   0.0037610400   -0.0002083900   -0.0350317700
   0.0037050200   -0.0006487700   -0.0350831000
   0.0040205500   -0.0005843900   -0.0352311200
   0.0035564200   -0.0005746300   -0.0352940400
   0.0039480100   -0.0005366500   -0.0352579600
   0.0037636700   -0.0003420700   -0.0354089300
   0.0038309200    0.0003478000   -0.0352408400
   0.0036808900   -0.0003701800   -0.0350405500
   0.0038711300   -0.0005439700   -0.0351733800
   0.0034436500   -0.0005816500   -0.0351787700
   0.0041156900   -0.0005738500   -0.0351888400
   0.0039042400   -0.0006374900   -0.0353317600
   0.0038610500   -0.0001855000   -0.0356450100
   0.0033184200   -0.0002906500   -0.0351766900
   0.0038809300   -0.0003439800   -0.0369314300
   0.0032705200   -0.0005914300   -0.0352256300
   0.0037381800   -0.0006113700   -0.0353037500
   0.0037886900   -0.0007515300   -0.0351384000
   0.0030972600    0.0128769700   -0.0449230100
  -0.0043722700    0.0003471500    0.0356274600
  -0.0037814400    0.0007460400    0.0351729800
  -0.0038962300    0.0006694200    0.0352024500
  -0.0037550000    0.0006207000    0.0353071500
  -0.0040871100   -0.0002756300    0.0356717900
  -0.0049263800    0.0007105100    0.0358640100
  -0.0044458300    0.0004501300    0.0354840400
  -0.0036539000    0.0005967300    0.0352507500
  -0.0040362900    0.0005537800    0.0351930700
  -0.0044644800    0.0004303200    0.0352241600
  -0.0038068000    0.0005008200    0.0353253600
  -0.0038499800    0.0008160700    0.0349185100
  -0.0038801400    0.0002125800    0.0352917200
  -0.0035434600    0.0003771100    0.0351917800
  -0.0040338400    0.0004431200    0.0352007700
  -0.0038113500    0.0005411300    0.0351326800
  -0.0038171200    0.0006379500    0.0352469800
  -0.0040172200    0.0008855200    0.0351170400
  -0.0039291300   -0.0000075600    0.0350696500
  -0.0034839500    0.0004773900    0.0351574300
  -0.0038461800    0.0007007100    0.0351196300
  -0.0040215500    0.0006902500    0.0352172400
  -0.0036752400    0.0007433400    0.0352804500
  -0.0037725300    0.0009178300    0.0352449600
  -0.0037750400    0.0016712200    0.0342601100

1    
  0.0091396005886348  -0.0040580415325902   0.0000000000000000
  -0.0191228100    0.0635471500   -0.0402156500
   0.0017452600    0.0003550400   -0.0461908700
   0.0019517300    0.0004119000   -0.0444332600
   0.0020209900    0.0005148400   -0.0447260500
   0.0008257000   -0.0015522800   -0.0432956400
   0.0010992600    0.0015225100   -0.0426265300
   0.0004871800   -0.0166527900   -0.0464627000
   0.0009309900    0.0003972600   -0.0444723500
   0.0018725200    0.0000009800   -0.0447962600
  -0.0002529900    0.0002982900   -0.0448782500
   0.0022751900   -0.0002780600   -0.0448986400
   0.0015236800   -0.0009662000   -0.0450410300
   0.0021756200    0.0016042800   -0.0450008000
   0.0010716700    0.0004364700   -0.0443721200
   0.0016547600    0.0002648400   -0.0447935600
   0.0022886500   -0.0001715000   -0.0443639500
   0.0017135200    0.0003810400   -0.0442574100
   0.0010675000    0.0004313100   -0.0448127300
   0.0023209800    0.0019290400   -0.0450558500
   0.0014406400   -0.0011579200   -0.0445033300
   0.0004559600   -0.0004421800   -0.0474809600
  -0.0002826600    0.0003011600   -0.0443859100
   0.0018290500   -0.0001092000   -0.0442533500
   0.0008442200    0.0002178200   -0.0442825900
   0.0017816600   -0.0135380500   -0.0442783800
   0.0003926000    0.0008640000    0.0417803600
  -0.0006230800   -0.0000839300    0.0440981900
  -0.0017848100   -0.0001259400    0.0446400900
  -0.0011958700   -0.0004222800    0.0447799000
   0.0043583400   -0.0011856800    0.0511781300
  -0.0018618300   -0.0000096700    0.0440720600
  -0.0018691000   -0.0006838000    0.0444706300
  -0.0008750500   -0.0005442800    0.0446202000
  -0.0019330900   -0.0005261700    0.0449088900
  -0.0012854700   -0.0002152300    0.0449165600
  -0.0015287500   -0.0001404900    0.0449868700
  -0.0013488800    0.0005231300    0.0449791400
  -0.0016394100   -0.0016369500    0.0443632700
  -0.0009353400   -0.0004225400    0.0444954000
  -0.0018227400   -0.0000304000    0.0447677000
  -0.0016309300   -0.0004858700    0.0444337600
  -0.0011917000   -0.0000969700    0.0445622100
  -0.0014451300    0.0007485500    0.0446988100
  -0.0012702400   -0.0020852500    0.0437551700
  -0.0005254100   -0.0003178400    0.0442442400
   0.0007948000    0.0004463600    0.0440678500
  -0.0020041300    0.0003851000    0.0444809500
  -0.0016446000    0.0001164800    0.0446696800
  -0.0021200600    0.0006073700    0.0451593800
   0.0010396700   -0.0006213800    0.0428134600
   0.0062527800   -0.0163666500   -0.0459954900
   0.0040476600   -0.0003533900   -0.0352515200
   0.0038607900   -0.0005880500   -0.0352816100
   0.0042114100   -0.0005449100   -0.0351918200
   0.0058235100   -0.0007652700   -0.0374887600
   0.0040033300   -0.0007997300   -0.0352191300
   0.0039105400   -0.0009877000   -0.0353633700
   0.0038758100   -0.0005835000   -0.0353177500
   0.0035821800   -0.0006101100   -0.0352072000
   0.0041066200   -0.0005812600   -0.0351315300
   0.0037209100   -0.0006192800   -0.0351687000
   0.0039208100   -0.0008643700   -0.0350081000
   0.0038129400   -0.0016014500   -0.0351553700
   0.0039322700   -0.0008381000   -0.0353711400
   0.0037518600   -0.0006100700   -0.0352714800
   0.0041670500   -0.0005327600   -0.0352552700
   0.0035174800   -0.0005984300   -0.0352525700
   0.0037498200   -0.0005572100   -0.0351015600
   0.0037673000   -0.0009878600   -0.0347584300
   0.0043241200   -0.0008260500   -0.0352370900
   0.0036012800   -0.0007486400   -0.0334583300
   0.0042988500   -0.0005495700   -0.0351841900
   0.0038677900   -0.0005432900   -0.0351355200
   0.0038600700   -0.0003688500   -0.0352972200
   0.0043506500   -0.0138099400   -0.0255740100
  -0.0032794800    0.0007209600    0.0347789300
  -0.0038831800    0.0003680500    0.0352585700
  -0.0037174900    0.0004846400    0.0352366200
  -0.0038026100    0.0005188700    0.0351045700
  -0.0035004900    0.0013487200    0.0347245800
  -0.0026982700    0.0003861600    0.0345355100
  -0.0031872200    0.0006867400    0.0349096100
  -0.0040058400    0.0005935700    0.0351798200
  -0.0035964700    0.0006173300    0.0352459900
  -0.0031190600    0.0006846000    0.0352093800
  -0.0038179100    0.0006525100    0.0351179000
  -0.0037588500    0.0003931700    0.0354900600
  -0.0037582100    0.0010386600    0.0351017200
  -0.0041456800    0.0008348200    0.0352215200
  -0.0036433400    0.0007141800    0.0352255000
  -0.0038629600    0.0006149100    0.0352928100
  -0.0037774500    0.0005590200    0.0351866800
  -0.0035697700    0.0003525500    0.0352824500
  -0.0037298500    0.0012187700    0.0353226900
  -0.0042265300    0.0006847600    0.0352488900
  -0.0038530000    0.0003994100    0.0352942200
  -0.0036157500    0.0004491100    0.0352216000
  -0.0038776400    0.0004291500    0.0351320200
  -0.0037878500    0.0002438000    0.0351570900
  -0.0038709800   -0.0005600800    0.0361337000

1    
  0.0000000000000000   0.0000000000000000   0.0100000000000000
   0.0059568700    0.0001777900   -0.1577717400
   0.0031457700    0.0009992100   -0.0461304300
   0.0011095600   -0.0000642600   -0.0446232900
   0.0015721300    0.0002509500   -0.0446240700
  -0.0010608800   -0.0014250100   -0.0461302100
  -0.0010406300    0.0017646800   -0.0461282100
   0.0004877600   -0.0026735600   -0.0479848700
   0.0012718800   -0.0008003700   -0.0445223700
   0.0017251700    0.0001530200   -0.0445263800
   0.0015813000    0.0001591200   -0.0445679400
   0.0015657500    0.0000680700   -0.0446266800
   0.0014671200    0.0001939300   -0.0445200200
   0.0008839600    0.0002225000   -0.0435391400
   0.0011204500    0.0001604200   -0.0445058300
   0.0017260800    0.0001650600   -0.0445280100
   0.0011164100    0.0003867200   -0.0446264300
   0.0011330900    0.0001566500   -0.0445295300
   0.0015952400    0.0001618800   -0.0445080900
   0.0008821500    0.0001062400   -0.0435395400
   0.0012829600    0.0011194900   -0.0445200000
   0.0031341600   -0.0006940600   -0.0461292500
   0.0010461800    0.0001618300   -0.0445687100
   0.0011350300    0.0001667300   -0.0445282800
   0.0014671700    0.0001293900   -0.0445235200
   0.0005131700    0.0030009400   -0.0479856400
  -0.0037389800    0.0012927200    0.0542047700
  -0.0018150700    0.0000307300    0.0445189800
  -0.0012342800    0.0000019900    0.0445764200
  -0.0010747100    0.0000173100    0.0452459500
   0.0057316200   -0.0002000100    0.0615704300
  -0.0013198800    0.0011912300    0.0455185000
  -0.0018823300   -0.0010306700    0.0444359200
  -0.0013984100   -0.0003160600    0.0442899200
  -0.0010146700   -0.0001611100    0.0446978100
  -0.0010803500   -0.0003426200    0.0452439600
  -0.0011036100   -0.0005618200    0.0447694300
  -0.0010815600   -0.0005149900    0.0449660700
  -0.0016068500   -0.0001625800    0.0442760600
  -0.0013947700   -0.0000070000    0.0442879600
  -0.0012366500   -0.0003237400    0.0445814400
  -0.0015049700   -0.0001044800    0.0445856800
  -0.0013893200   -0.0001602500    0.0445881000
  -0.0010792500    0.0001916700    0.0449657200
  -0.0018755400    0.0007120400    0.0444342800
  -0.0018129100   -0.0003476100    0.0445163500
  -0.0019404500   -0.0001548700    0.0455061300
  -0.0015071000   -0.0002165800    0.0445826900
  -0.0010967700    0.0002394600    0.0447719900
  -0.0013381500   -0.0015118900    0.0455189200
  -0.0037479500   -0.0015968000    0.0541769200
   0.0024946300    0.0301043400    0.0027665600
   0.0039412700   -0.0008236700   -0.0348979000
   0.0037171500   -0.0005489700   -0.0351770700
   0.0035702700   -0.0004759800   -0.0351601300
   0.0052131900   -0.0005581800   -0.0341858200
   0.0038218700   -0.0011304600   -0.0349352500
   0.0035759000    0.0002523900   -0.0357904000
   0.0037743800   -0.0005534700   -0.0351238200
   0.0037052600   -0.0005969700   -0.0352646800
   0.0035905100   -0.0006689400   -0.0351538600
   0.0039113600   -0.0006766600   -0.0351841400
   0.0036785600   -0.0006761600   -0.0351074600
   0.0037360300   -0.0006248400   -0.0354782400
   0.0037887000   -0.0006641800   -0.0351282900
   0.0037435300   -0.0006134500   -0.0351926700
   0.0040723300   -0.0005483500   -0.0351267700
   0.0039647000   -0.0005868000   -0.0352258700
   0.0036629400   -0.0005249900   -0.0351163500
   0.0035565200   -0.0014306100   -0.0357927300
   0.0039666300   -0.0003074500   -0.0349028500
   0.0022443800   -0.0005312100   -0.0338053200
   0.0040555500   -0.0005823400   -0.0351158300
   0.0038788400   -0.0004798800   -0.0351908700
   0.0037982800   -0.0000057600   -0.0349476500
   0.0021729800   -0.0311958600    0.0027879900
  -0.0078769300    0.0005512700    0.0397003800
  -0.0038893800    0.0004760700    0.0351251300
  -0.0038570600    0.0005147100    0.0351799800
  -0.0038473600    0.0004398700    0.0351724700
  -0.0020759100    0.0002770900    0.0360784500
  -0.0020887800    0.0007959900    0.0360823800
  -0.0030528200    0.0004706300    0.0347021400
  -0.0036854200    0.0005622300    0.0352355500
  -0.0038998300    0.0005323400    0.0351793100
  -0.0035258200    0.0005569500    0.0350587500
  -0.0038743300    0.0007079400    0.0351883600
  -0.0038784800    0.0004982200    0.0351406300
  -0.0035468800    0.0008632200    0.0351692900
  -0.0038082600    0.0006054400    0.0351892500
  -0.0039187600    0.0006320300    0.0351727900
  -0.0038874500    0.0006411600    0.0351726300
  -0.0038125900    0.0006765100    0.0352205900
  -0.0037699200    0.0006164700    0.0352735800
  -0.0035564200    0.0003623400    0.0351677300
  -0.0037155500    0.0006116100    0.0352226800
  -0.0039075900    0.0006326300    0.0351162500
  -0.0037239500    0.0005695800    0.0352135600
  -0.0037961600    0.0005069800    0.0352096800
  -0.0038531500    0.0006833300    0.0351356100
  -0.0030619700    0.0006524300    0.0347000500

1    
  0.0000000000000000   0.0000000000000000  -0.0100000000000000
  -0.0030268500    0.0001424300    0.0682052800
  -0.0003851900   -0.0006746100   -0.0429899700
   0.0016837600    0.0003831100   -0.0444889800
   0.0012306400    0.0000743100   -0.0444897500
   0.0038775400    0.0017367000   -0.0429897200
   0.0038566000   -0.0014351500   -0.0429911100
   0.0023089200    0.0027707000   -0.0410883900
   0.0015251000    0.0011129900   -0.0445854400
   0.0010752700    0.0001678200   -0.0445847200
   0.0012100200    0.0001619800   -0.0445446700
   0.0012370700    0.0002481300   -0.0444870600
   0.0013273600    0.0001111800   -0.0445894100
   0.0019102600    0.0000774400   -0.0455646000
   0.0016827400    0.0001603100   -0.0446021800
   0.0010743200    0.0001557900   -0.0445838100
   0.0016770400   -0.0000647500   -0.0444868500
   0.0016594200    0.0001658400   -0.0445853000
   0.0011903700    0.0001585700   -0.0446044300
   0.0019123800    0.0002353100   -0.0455650000
   0.0015142900   -0.0007907800   -0.0445894400
  -0.0003735500    0.0010104300   -0.0429922000
   0.0017576200    0.0001583700   -0.0445454500
   0.0016574900    0.0001509500   -0.0445866200
   0.0013287000    0.0002064800   -0.0445865800
   0.0022859900   -0.0024570700   -0.0410891600
   0.0011227400   -0.0014115900    0.0345804000
  -0.0009787700   -0.0003383300    0.0445894700
  -0.0015601900   -0.0003187500    0.0445331300
  -0.0017201100   -0.0003380300    0.0438582500
  -0.0089209200   -0.0001181900    0.0270521100
  -0.0014554400   -0.0015757100    0.0435952200
  -0.0009123100    0.0007390500    0.0446726300
  -0.0013981400    0.0000030400    0.0448199300
  -0.0017825000   -0.0001590000    0.0444106400
  -0.0017144300    0.0000228500    0.0438610400
  -0.0016934400    0.0002367000    0.0443430700
  -0.0017029700    0.0001871900    0.0441512100
  -0.0011855100   -0.0001582800    0.0448336100
  -0.0014011500   -0.0003207200    0.0448212000
  -0.0015579500   -0.0000001900    0.0445281100
  -0.0012879500   -0.0002221200    0.0445258300
  -0.0014044100   -0.0001605900    0.0445257400
  -0.0017051700   -0.0005056300    0.0441506100
  -0.0009192400   -0.0010616200    0.0446728200
  -0.0009798400    0.0000139200    0.0445913000
  -0.0008611200   -0.0001658700    0.0436058900
  -0.0012858100   -0.0000988300    0.0445288400
  -0.0017001100   -0.0005557900    0.0443393300
  -0.0014362500    0.0012553000    0.0435933300
   0.0011292900    0.0010734100    0.0346082700
   0.0051050300   -0.0297604900   -0.0723102900
   0.0036214100   -0.0003274200   -0.0355021200
   0.0038425200   -0.0006220100   -0.0352362400
   0.0040655100   -0.0006637100   -0.0352765900
   0.0025111000   -0.0005441900   -0.0362266900
   0.0038863800   -0.0000210400   -0.0354732500
   0.0040845200   -0.0014223900   -0.0346109200
   0.0038049900   -0.0006761300   -0.0352771400
   0.0038916100   -0.0005980100   -0.0351704100
   0.0040841800   -0.0004865500   -0.0352704900
   0.0037626800   -0.0004783700   -0.0352424500
   0.0040120000   -0.0005311100   -0.0353087000
   0.0039082600   -0.0006238300   -0.0349240200
   0.0038205100   -0.0005429700   -0.0352814000
   0.0038753500   -0.0005419600   -0.0352521700
   0.0035227800   -0.0005676500   -0.0353068300
   0.0036686700   -0.0005849800   -0.0352133700
   0.0039948300   -0.0006710500   -0.0353176700
   0.0040809200    0.0002407500   -0.0346135400
   0.0036428700   -0.0008013800   -0.0355067200
   0.0053038600   -0.0005485700   -0.0365851700
   0.0035013300   -0.0005571100   -0.0352958200
   0.0037337600   -0.0006760700   -0.0352487600
   0.0038541900   -0.0011159400   -0.0354859400
   0.0053977900    0.0286819700   -0.0723351400
   0.0002761000    0.0005095600    0.0306462500
  -0.0037669200    0.0006379700    0.0353105900
  -0.0037550600    0.0006370700    0.0352593800
  -0.0037157700    0.0006970200    0.0352409000
  -0.0055468900    0.0008048300    0.0342900300
  -0.0055643700    0.0003059400    0.0342948800
  -0.0045769000    0.0006601200    0.0356956100
  -0.0039670900    0.0006243000    0.0351969200
  -0.0037336000    0.0006374400    0.0352584900
  -0.0040764600    0.0005590200    0.0353787400
  -0.0037490000    0.0004490000    0.0352569500
  -0.0037304200    0.0007125100    0.0352695800
  -0.0040911200    0.0003769400    0.0352227600
  -0.0038753100    0.0006051500    0.0352243700
  -0.0037542100    0.0005262700    0.0352526200
  -0.0037870500    0.0005172800    0.0352527900
  -0.0037877000    0.0005199800    0.0352150500
  -0.0038091200    0.0006158000    0.0351271800
  -0.0040964400    0.0008528200    0.0352205300
  -0.0039937300    0.0005520200    0.0351843000
  -0.0037825300    0.0004712200    0.0353014900
  -0.0039140100    0.0005700500    0.0352248800
  -0.0037658600    0.0006636400    0.0352038700
  -0.0037086900    0.0004668500    0.0352646100
  -0.0045905500    0.0004786800    0.0356925900

51   
  0.0091822076694965   0.0039606896260929   0.0000000000000000
   0.0025772300    0.0127800800   -0.0338828300
   0.0033169700    0.0003649400   -0.0432948100
   0.0017459800    0.0000088500   -0.0447450100
   0.0014137800    0.0000175600   -0.0445996200
   0.0018807000    0.0004515300   -0.0445095400
   0.0013072100    0.0003605700   -0.0459308800
   0.0034502300    0.0166814100   -0.0579264900
   0.0016012000    0.0003467600   -0.0443650700
   0.0013869000   -0.0000440500   -0.0444504700
   0.0018308000   -0.0000402100   -0.0443056800
   0.0018337700    0.0003088900   -0.0442996000
   0.0016672600   -0.0000961900   -0.0443086300
   0.0014130700    0.0006941300   -0.0451355100
   0.0014684500    0.0004540000   -0.0446802000
   0.0010989100    0.0001758600   -0.0444218600
   0.0013606800    0.0003712600   -0.0445267300
   0.0014022000    0.0003361200   -0.0446303800
   0.0014458500    0.0002100600   -0.0445947600
   0.0014008500    0.0011368500   -0.0446375600
   0.0013322200    0.0000895500   -0.0447375400
   0.0014084900    0.0000178600   -0.0448041900
   0.0017332300    0.0002861100   -0.0448180900
   0.0011779700    0.0001749200   -0.0446422500
   0.0015641000    0.0003103200   -0.0445452700
   0.0014224000    0.0004145500   -0.0444633700
  -0.0008598400   -0.0003510900    0.0408305200
  -0.0014337400    0.0000659000    0.0444672200
  -0.0013932500   -0.0002628700    0.0444852500
  -0.0014407800   -0.0001540600    0.0444433500
  -0.0004795700    0.0004397800    0.0460338400
  -0.0009126400   -0.0014357800    0.0462460900
  -0.0008305400   -0.0004281900    0.0452190900
  -0.0016943400   -0.0004301700    0.0446745000
  -0.0012177200   -0.0002763300    0.0444596100
  -0.0007234700   -0.0002928800    0.0448063900
  -0.0013875200   -0.0001933300    0.0445504700
  -0.0013487200    0.0000575900    0.0444440100
  -0.0013624000   -0.0006257900    0.0449008600
  -0.0017010400   -0.0003853800    0.0445880700
  -0.0011710000   -0.0002150600    0.0445020300
  -0.0013353900   -0.0000010700    0.0445352200
  -0.0014114300   -0.0001994800    0.0445757600
  -0.0011709200    0.0001068500    0.0445724200
  -0.0012745000   -0.0007179300    0.0447051300
  -0.0016462700    0.0000136200    0.0446962600
  -0.0014170000   -0.0000454300    0.0445308200
  -0.0011932200   -0.0000420400    0.0446444500
  -0.0014615600    0.0000773700    0.0445107600
  -0.0014047600    0.0001796000    0.0445331400
  -0.0013698200    0.0010957400    0.0452890800
  -0.0086354000   -0.0352612100   -0.0330380500
   0.0049149400    0.0003047200   -0.0357981100
   0.0037093700   -0.0005652600   -0.0352238500
   0.0037389700   -0.0005314100   -0.0351993500
   0.0048942400    0.0003787200   -0.0345356600
   0.0043397200   -0.0010811300   -0.0348488300
   0.0039054700    0.0008959300   -0.0359944300
   0.0038674200   -0.0005939400   -0.0352881900
   0.0037754500   -0.0005947200   -0.0352298100
   0.0035281900   -0.0005633400   -0.0351989700
   0.0037474800   -0.0005966300   -0.0352135900
   0.0039047700   -0.0006162500   -0.0352437700
   0.0037249500   -0.0014687900   -0.0352387800
   0.0036807400   -0.0006923800   -0.0351704900
   0.0037595800   -0.0006066300   -0.0352244300
   0.0037029600   -0.0005585800   -0.0352201900
   0.0037719200   -0.0006284600   -0.0352233200
   0.0037024600   -0.0006865400   -0.0352421000
   0.0036717300   -0.0013033700   -0.0351415100
   0.0038477200   -0.0005134000   -0.0351669700
   0.0042658300   -0.0009836100   -0.0355325300
   0.0034669500   -0.0005561200   -0.0352224700
   0.0037760800   -0.0005618300   -0.0352095700
   0.0038819800   -0.0004852600   -0.0351078300
   0.0035973700    0.0017048200   -0.0343513900
  -0.0037444300    0.0007537900    0.0346591300
  -0.0039437800    0.0004666100    0.0351843800
  -0.0038007700    0.0005438100    0.0352063700
  -0.0038484600    0.0005106600    0.0351705500
  -0.0038875500    0.0002696600    0.0350566900
  -0.0039174300    0.0006705600    0.0355105800
  -0.0040709400    0.0000557400    0.0350606400
  -0.0036963600    0.0005977800    0.0351887100
  -0.0037268000    0.0006164800    0.0351910100
  -0.0038803100    0.0005449300    0.0352269300
  -0.0038389400    0.0006820600    0.0352455200
  -0.0036239800    0.0009517300    0.0352580200
  -0.0038076900    0.0007982100    0.0351401500
  -0.0036769500    0.0007205000    0.0352046100
  -0.0038978600    0.0006359000    0.0352331500
  -0.0037587400    0.0005859000    0.0352144200
  -0.0038297500    0.0006192600    0.0352043500
  -0.0037995000    0.0005578000    0.0352404700
  -0.0037394500    0.0008627600    0.0352050000
  -0.0037268300    0.0006085000    0.0352380600
  -0.0037563000    0.0004574000    0.0352333300
  -0.0038312000    0.0004957400    0.0352205700
  -0.0035457800    0.0005274700    0.0351841700
  -0.0038339300    0.0004232200    0.0351939500
  -0.0039561600    0.0004169100    0.0354054400

51   
 -0.0091822076694965  -0.0039606896260929   0.0000000000000000
   0.0004256200   -0.0124127600   -0.0551874700
  -0.0005968100   -0.0000364300   -0.0457704500
   0.0010605000    0.0003140400   -0.0443645600
   0.0013838800    0.0003051800   -0.0445133700
   0.0008916600   -0.0001481400   -0.0446066300
   0.0015792800   -0.0000520500   -0.0431281600
  -0.0008879100   -0.0163020400   -0.0312592900
   0.0012082700   -0.0000019300   -0.0447532700
   0.0014078100    0.0003637000   -0.0446612800
   0.0009556100    0.0003576300   -0.0448044600
   0.0009549800    0.0000153200   -0.0448117400
   0.0011205400    0.0004265100   -0.0448014900
   0.0013796700   -0.0003755900   -0.0439918600
   0.0013291700   -0.0001297000   -0.0444331800
   0.0016962200    0.0001446000   -0.0446929000
   0.0014376000   -0.0000489400   -0.0445846500
   0.0013925200   -0.0000189800   -0.0444809400
   0.0013508500    0.0001092700   -0.0445174500
   0.0013961700   -0.0008159700   -0.0444789400
   0.0014626100    0.0002301000   -0.0443738300
   0.0013937900    0.0002912800   -0.0443054600
   0.0010699100    0.0000316600   -0.0442924900
   0.0016164200    0.0001464900   -0.0444714400
   0.0012301900    0.0000094600   -0.0445656800
   0.0013819200   -0.0000983700   -0.0446596400
  -0.0019483400    0.0000358200    0.0483003100
  -0.0013670600   -0.0003821200    0.0446437900
  -0.0014000900   -0.0000531200    0.0446274100
  -0.0013584500   -0.0001747600    0.0446660400
  -0.0023158300   -0.0007822300    0.0430558700
  -0.0018763000    0.0011197400    0.0428608500
  -0.0019584700    0.0001116800    0.0438947700
  -0.0010995300    0.0001111500    0.0444404700
  -0.0015860600   -0.0000475900    0.0446539100
  -0.0020673800   -0.0000260800    0.0443016500
  -0.0014112300   -0.0001227800    0.0445630100
  -0.0014495600   -0.0003749300    0.0446649000
  -0.0014261300    0.0003138400    0.0442085700
  -0.0010939900    0.0000669200    0.0445264200
  -0.0016309300   -0.0001016900    0.0446112700
  -0.0014586300   -0.0003224400    0.0445783900
  -0.0013816800   -0.0001186700    0.0445366500
  -0.0016253400   -0.0004232700    0.0445361800
  -0.0015122800    0.0003953000    0.0444035600
  -0.0011458100   -0.0003361500    0.0444172700
  -0.0013835000   -0.0002783100    0.0445817700
  -0.0016021200   -0.0002790100    0.0444701400
  -0.0013332800   -0.0003973300    0.0446006900
  -0.0013939000   -0.0004875200    0.0445800300
  -0.0014274500   -0.0014278500    0.0438166000
   0.0163055400    0.0340406400   -0.0373826200
   0.0027020900   -0.0014385400   -0.0346083100
   0.0038514300   -0.0006061700   -0.0351895600
   0.0038969000   -0.0006090500   -0.0352390100
   0.0027405500   -0.0015018300   -0.0358872300
   0.0033508400   -0.0000675500   -0.0355560700
   0.0037449800   -0.0021235400   -0.0343867600
   0.0037152500   -0.0006392800   -0.0351115600
   0.0038240100   -0.0005998700   -0.0352053300
   0.0041505200   -0.0005913200   -0.0352297500
   0.0039248600   -0.0005589700   -0.0352130400
   0.0037806700   -0.0005935600   -0.0351708800
   0.0039171400    0.0002198300   -0.0351535500
   0.0039312000   -0.0005117800   -0.0352382800
   0.0038609200   -0.0005477200   -0.0352201000
   0.0038962300   -0.0005577900   -0.0352145800
   0.0038617900   -0.0005429700   -0.0352153400
   0.0039529100   -0.0005058900   -0.0351902500
   0.0039648600    0.0001512600   -0.0352517100
   0.0037667400   -0.0005907000   -0.0352418800
   0.0033363200   -0.0001076400   -0.0348661700
   0.0040892500   -0.0005840100   -0.0351929600
   0.0038360600   -0.0005934500   -0.0352298500
   0.0037729200   -0.0006305600   -0.0353240800
   0.0040566000   -0.0027513300   -0.0360333300
  -0.0039031700    0.0003053300    0.0357389200
  -0.0037131300    0.0006501200    0.0352481000
  -0.0038123300    0.0006111200    0.0352331700
  -0.0037122600    0.0006304300    0.0352427700
  -0.0036966800    0.0008140700    0.0353394600
  -0.0036945500    0.0004331200    0.0349045800
  -0.0035653800    0.0010996000    0.0353325700
  -0.0039579600    0.0005942700    0.0352432200
  -0.0039058000    0.0005551200    0.0352478500
  -0.0037147800    0.0005716200    0.0352075600
  -0.0037788600    0.0004721600    0.0351993200
  -0.0039848000    0.0002541500    0.0351498000
  -0.0038364600    0.0004489800    0.0352582100
  -0.0040114600    0.0004897600    0.0352102800
  -0.0037710900    0.0005206000    0.0351930700
  -0.0039149800    0.0005700800    0.0352110000
  -0.0037686100    0.0005746100    0.0352309900
  -0.0037817000    0.0006737000    0.0351597800
  -0.0039208200    0.0003421900    0.0351863300
  -0.0039845000    0.0005486900    0.0351686900
  -0.0039347800    0.0006455000    0.0351800100
  -0.0038050000    0.0006441700    0.0352175900
  -0.0040142600    0.0006444300    0.0352285800
  -0.0037294200    0.0007295900    0.0352042200
  -0.0037049200    0.0006954100    0.0349862700

51   
 -0.0091396005886348   0.0040580415325902   0.0000000000000000
  -0.0007231000    0.0166524100   -0.0312588600
  -0.0005933300    0.0003776300   -0.0457703300
   0.0010712800    0.0002907000   -0.0442907300
   0.0013966300    0.0003409800   -0.0444836300
   0.0011146400   -0.0001027900   -0.0448022000
   0.0015833400    0.0003703300   -0.0431277600
   0.0005567300    0.0127646600   -0.0552063800
   0.0013888500    0.0000282600   -0.0443034700
   0.0014429300    0.0003709500   -0.0445818400
   0.0009553400    0.0003083600   -0.0448140500
   0.0009548500   -0.0000340000   -0.0448022700
   0.0008986600    0.0004729900   -0.0446055400
   0.0013844500    0.0004192900   -0.0446606400
   0.0014605600    0.0000903500   -0.0443741100
   0.0016960600    0.0001727300   -0.0446930400
   0.0014021900   -0.0000417100   -0.0446644000
   0.0013798400    0.0000163100   -0.0445107100
   0.0012337300    0.0003113200   -0.0445655400
   0.0014070000    0.0011347800   -0.0444797600
   0.0013335500    0.0004505700   -0.0444340300
   0.0012141600    0.0003217500   -0.0447552800
   0.0010594400    0.0000085400   -0.0443663700
   0.0016161000    0.0001727800   -0.0444714700
   0.0013497000    0.0002115700   -0.0445172400
   0.0013858900    0.0006968200   -0.0439917900
  -0.0019505900   -0.0003488900    0.0482997000
  -0.0013822600   -0.0000421800    0.0445795000
  -0.0014564600    0.0000020500    0.0445786400
  -0.0014140600   -0.0001970700    0.0445642800
  -0.0018918200   -0.0014332200    0.0428600900
  -0.0023078400    0.0004732800    0.0430563800
  -0.0014156800    0.0011076100    0.0438183200
  -0.0011456300    0.0000119300    0.0444158500
  -0.0016312900   -0.0002161500    0.0446113000
  -0.0020687700   -0.0002882700    0.0443020100
  -0.0013563900   -0.0001461500    0.0446649800
  -0.0013917200    0.0001659300    0.0445812600
  -0.0015184300   -0.0007156000    0.0444046800
  -0.0010967300   -0.0003895400    0.0445266900
  -0.0015874100   -0.0002706300    0.0446534800
  -0.0014014700   -0.0002672400    0.0446273600
  -0.0013300600    0.0000764400    0.0445991300
  -0.0016221700    0.0001042400    0.0445365500
  -0.0014311300   -0.0006354700    0.0442081300
  -0.0011013400   -0.0004349300    0.0444421300
  -0.0013645500    0.0000617200    0.0446453600
  -0.0016006900   -0.0000389800    0.0444703800
  -0.0013831400   -0.0002012300    0.0445381000
  -0.0014459400    0.0000536700    0.0446639800
  -0.0019596200   -0.0004262300    0.0438933200
   0.0159521500   -0.0353129900   -0.0373618100
   0.0033242300   -0.0010073900   -0.0348650400
   0.0038772000   -0.0005870300   -0.0352039500
   0.0039053500   -0.0005896300   -0.0352187700
   0.0033353600   -0.0010583700   -0.0355602700
   0.0027618400    0.0003831400   -0.0358829000
   0.0040855500    0.0016180700   -0.0360328000
   0.0037532000   -0.0005763900   -0.0352377300
   0.0038496500   -0.0006277600   -0.0352155800
   0.0041504100   -0.0005670800   -0.0352297400
   0.0039162900   -0.0005392500   -0.0352332200
   0.0037877400   -0.0005303800   -0.0353158800
   0.0039611600   -0.0013541600   -0.0352508900
   0.0039301700   -0.0006938700   -0.0352382200
   0.0038350800   -0.0005751100   -0.0352099200
   0.0038702800   -0.0005381500   -0.0352003200
   0.0038477300   -0.0005701000   -0.0352295100
   0.0039518900   -0.0006880600   -0.0351904000
   0.0039045200   -0.0014221700   -0.0351545100
   0.0037285600   -0.0005261800   -0.0351156500
   0.0027196400    0.0003310100   -0.0346099300
   0.0040891800   -0.0005582500   -0.0351930200
   0.0038499700   -0.0006209500   -0.0352157400
   0.0037656400   -0.0005685200   -0.0351793800
   0.0037529300    0.0009937300   -0.0343874700
  -0.0035764000    0.0000049700    0.0353313000
  -0.0037143500    0.0004649300    0.0352480600
  -0.0037950300    0.0005031000    0.0352182400
  -0.0037477500    0.0005923900    0.0352195300
  -0.0039659700    0.0008905100    0.0351449100
  -0.0036931200    0.0006687000    0.0349048700
  -0.0038953900    0.0008025800    0.0357403100
  -0.0039173800    0.0005030000    0.0351894400
  -0.0038960600    0.0005947700    0.0352174800
  -0.0037666500    0.0006627800    0.0351941800
  -0.0037262400    0.0005628100    0.0352126500
  -0.0037149600    0.0003270300    0.0353442800
  -0.0036993900    0.0004819100    0.0349883400
  -0.0039727100    0.0006369400    0.0351727100
  -0.0037706300    0.0006353800    0.0351931000
  -0.0039245300    0.0006095200    0.0352413200
  -0.0037336500    0.0005363400    0.0352541800
  -0.0037407300    0.0004643100    0.0352047500
  -0.0039182100    0.0008658600    0.0351863600
  -0.0040217200    0.0006958600    0.0352064500
  -0.0039763600    0.0005544600    0.0352337300
  -0.0038236300    0.0005362000    0.0352324200
  -0.0040148500    0.0005301200    0.0352285400
  -0.0037727600    0.0005209000    0.0351590900
  -0.0038415600    0.0007297900    0.0352562600

51   
  0.0091396005886348  -0.0040580415325902   0.0000000000000000
   0.0032849600   -0.0163891100   -0.0579282100
   0.0033132500   -0.0000645200   -0.0432949400
   0.0017316700    0.0000325000   -0.0448195500
   0.0013980500   -0.0000168000   -0.0446278600
   0.0016736100    0.0004137600   -0.0443085100
   0.0013031500   -0.0000382400   -0.0459313100
   0.0024456600   -0.0124929400   -0.0338637600
   0.0014134300    0.0003039500   -0.0448051400
   0.0013552400   -0.0000520200   -0.0445288600
   0.0018331100    0.0000093100   -0.0442973200
   0.0018315900    0.0003584400   -0.0443079100
   0.0018731000   -0.0001349000   -0.0445100700
   0.0014197600   -0.0000939000   -0.0444616600
   0.0013339500    0.0002315000   -0.0447367400
   0.0010989400    0.0001488100   -0.0444217500
   0.0013923300    0.0003633300   -0.0444480800
   0.0014176400    0.0003022800   -0.0446021900
   0.0015599300    0.0000101900   -0.0445454300
   0.0013898800   -0.0008142600   -0.0446367700
   0.0014640900   -0.0001333800   -0.0446799600
   0.0015948900   -0.0000253300   -0.0443641300
   0.0017470000    0.0003095000   -0.0447435500
   0.0011781500    0.0001462200   -0.0446422500
   0.0014473600    0.0001104000   -0.0445950300
   0.0014067800   -0.0003737200   -0.0451363900
  -0.0008577700    0.0000233400    0.0408311700
  -0.0014188700   -0.0002752000    0.0445332100
  -0.0013376700   -0.0003194800    0.0445350200
  -0.0013848700   -0.0001277100    0.0445483300
  -0.0008971100    0.0011086000    0.0462463500
  -0.0004876700   -0.0007714000    0.0460339100
  -0.0013817400   -0.0014160300    0.0452882200
  -0.0016473400   -0.0003302800    0.0446984100
  -0.0011706700   -0.0001074600    0.0445019800
  -0.0007222200   -0.0000331600    0.0448060500
  -0.0014428900   -0.0001659100    0.0444453000
  -0.0014072300   -0.0004988200    0.0445328800
  -0.0012685900    0.0003969600    0.0447047100
  -0.0016984500    0.0000676000    0.0445878100
  -0.0012166400   -0.0000457900    0.0444600900
  -0.0013920400   -0.0000576900    0.0444852800
  -0.0014650800   -0.0003976400    0.0445127600
  -0.0011742800   -0.0004294300    0.0445720700
  -0.0013575000    0.0003061400    0.0449006700
  -0.0016919200    0.0001130500    0.0446721400
  -0.0014359000   -0.0003866300    0.0444655500
  -0.0011947900   -0.0002817500    0.0446442200
  -0.0014099800   -0.0001217800    0.0445739400
  -0.0013525100   -0.0003771400    0.0444440200
  -0.0008294700    0.0001021100    0.0452197700
  -0.0082678100    0.0342948600   -0.0330574000
   0.0042613300   -0.0001378400   -0.0355326600
   0.0036845800   -0.0005844600   -0.0352094400
   0.0037289600   -0.0005505100   -0.0352195400
   0.0043331300   -0.0000521800   -0.0348516200
   0.0048949400   -0.0015188800   -0.0345330000
   0.0035817100   -0.0028392700   -0.0343482100
   0.0038314500   -0.0006550800   -0.0351625000
   0.0037497300   -0.0005669700   -0.0352196500
   0.0035281600   -0.0005891300   -0.0351989700
   0.0037573500   -0.0006160600   -0.0351934500
   0.0038986400   -0.0006798900   -0.0350988000
   0.0036829700    0.0001046900   -0.0351412300
   0.0036816300   -0.0005105600   -0.0351705600
   0.0037852100   -0.0005793700   -0.0352345100
   0.0037276400   -0.0005782700   -0.0352344700
   0.0037861200   -0.0006008200   -0.0352091300
   0.0037033300   -0.0005047800   -0.0352419400
   0.0037297500    0.0002695900   -0.0352389100
   0.0038836500   -0.0005761500   -0.0352927300
   0.0049135300   -0.0014340200   -0.0357975000
   0.0034668900   -0.0005803800   -0.0352224000
   0.0037617600   -0.0005338200   -0.0352236900
   0.0038880600   -0.0005477400   -0.0352525100
   0.0038840300   -0.0020336200   -0.0359974200
  -0.0040691400    0.0010541000    0.0350607400
  -0.0039427100    0.0006500800    0.0351844100
  -0.0038178200    0.0006515200    0.0352213000
  -0.0038115000    0.0005485300    0.0351931600
  -0.0036124500    0.0001881800    0.0352539800
  -0.0039189900    0.0004347100    0.0355102700
  -0.0037432700    0.0003527500    0.0346588900
  -0.0037388700    0.0006892100    0.0352425600
  -0.0037372300    0.0005767200    0.0352209700
  -0.0038293000    0.0004533700    0.0352406500
  -0.0038909800    0.0005909900    0.0352318200
  -0.0038999900    0.0008738600    0.0350607900
  -0.0039465500    0.0007634700    0.0354074200
  -0.0037146700    0.0005741500    0.0352418600
  -0.0038984500    0.0005209900    0.0352331000
  -0.0037487900    0.0005463300    0.0351844700
  -0.0038664600    0.0006573700    0.0351817600
  -0.0038399300    0.0007719200    0.0351945300
  -0.0037421700    0.0003428200    0.0352049700
  -0.0036909000    0.0004621700    0.0352006100
  -0.0037130700    0.0005485800    0.0351795100
  -0.0038131300    0.0006034200    0.0352057200
  -0.0035453300    0.0006424300    0.0351841900
  -0.0037913500    0.0006366400    0.0352400200
  -0.0038180200    0.0003807000    0.0351380200

51   
  0.0000000000000000   0.0000000000000000   0.0100000000000000
   0.0009345200    0.0250516200   -0.0073502200
  -0.0010961600    0.0001738200   -0.0435356900
   0.0014559100    0.0002289100   -0.0444974000
   0.0013311400    0.0001929500   -0.0445270000
   0.0013540900    0.0001869500   -0.0442551800
   0.0032858100    0.0001500300   -0.0431671900
   0.0006774500   -0.0247499300   -0.0073270400
   0.0013478600    0.0002443600   -0.0442878100
   0.0014674700    0.0001113100   -0.0445273700
   0.0013892600    0.0000868800   -0.0444663200
   0.0013901800    0.0002337900   -0.0444662900
   0.0013543800    0.0001343800   -0.0442550900
   0.0015449800   -0.0006010900   -0.0451483000
   0.0015694800    0.0002663800   -0.0444562000
   0.0013626200    0.0001603600   -0.0445627900
   0.0014678700    0.0002087000   -0.0445275100
   0.0013308500    0.0001281700   -0.0445267600
   0.0012446500    0.0002207000   -0.0444801100
   0.0014439000    0.0001598500   -0.0448322000
   0.0015678700    0.0000528900   -0.0444565400
   0.0013458000    0.0000764700   -0.0442884900
   0.0014552400    0.0000912000   -0.0444974500
   0.0014117000    0.0001601800   -0.0446033300
   0.0012437000    0.0001010600   -0.0444800100
   0.0015528500    0.0009205700   -0.0451488400
  -0.0018495200   -0.0001574200    0.0490730000
  -0.0013261800   -0.0001054000    0.0444633100
  -0.0013452700   -0.0000823000    0.0445162700
  -0.0015098600   -0.0001627600    0.0445207400
  -0.0020232200   -0.0004059000    0.0454417600
  -0.0020210600    0.0000918900    0.0454415600
  -0.0010369300    0.0013606000    0.0440596800
  -0.0013913000   -0.0000595000    0.0445756100
  -0.0013775000   -0.0001777800    0.0445164600
  -0.0014070700   -0.0001598400    0.0443956200
  -0.0015098400   -0.0001568900    0.0445211000
  -0.0012681600   -0.0005722900    0.0444894000
  -0.0013775600    0.0001168100    0.0445281000
  -0.0013810900   -0.0001605600    0.0445382100
  -0.0013771800   -0.0001430000    0.0445162000
  -0.0013460200   -0.0002386200    0.0445159100
  -0.0014552800   -0.0002140700    0.0445577400
  -0.0013067200   -0.0001611500    0.0446280000
  -0.0013801500   -0.0004377200    0.0445281000
  -0.0013922100   -0.0002611000    0.0445751100
  -0.0013264100   -0.0002156000    0.0444633600
  -0.0013958400   -0.0001603800    0.0445502700
  -0.0014548600   -0.0001059200    0.0445576700
  -0.0012636200    0.0002509400    0.0444889000
  -0.0010534300   -0.0016840300    0.0440597400
   0.0061413400   -0.0005433800   -0.1158780000
   0.0043438100   -0.0001816300   -0.0356042700
   0.0037911300   -0.0005609000   -0.0352152900
   0.0038065400   -0.0005878000   -0.0352277600
   0.0033381400   -0.0008729100   -0.0356117400
   0.0033534500   -0.0002520900   -0.0356076100
   0.0038590300    0.0014271300   -0.0354513400
   0.0038309600   -0.0004365000   -0.0353164000
   0.0038031400   -0.0005799700   -0.0352217000
   0.0038205100   -0.0005777500   -0.0352748200
   0.0038257200   -0.0005602200   -0.0352218600
   0.0038165700   -0.0004482000   -0.0353236700
   0.0038292300   -0.0005017000   -0.0352276700
   0.0037778700   -0.0006022400   -0.0352543000
   0.0038134400   -0.0005947800   -0.0352263000
   0.0038095400   -0.0005831300   -0.0352258500
   0.0038086700   -0.0005731900   -0.0352233800
   0.0038640700   -0.0005964700   -0.0352662200
   0.0038237300   -0.0006994200   -0.0352282100
   0.0038441700   -0.0007321100   -0.0353206400
   0.0043470200   -0.0009423800   -0.0356041500
   0.0037970600   -0.0005698300   -0.0352682300
   0.0037977000   -0.0005899800   -0.0352238300
   0.0037992900   -0.0007145400   -0.0353323500
   0.0038320200   -0.0025614600   -0.0354531900
  -0.0041924600    0.0000262800    0.0359153300
  -0.0038624900    0.0005580300    0.0351534400
  -0.0038121700    0.0005588800    0.0351899100
  -0.0038064400    0.0005415900    0.0352171600
  -0.0038411600    0.0002972000    0.0351067900
  -0.0034735000    0.0005503300    0.0360722200
  -0.0041833700    0.0010849400    0.0359168800
  -0.0038281600    0.0005293600    0.0352071900
  -0.0038314000    0.0005485700    0.0351811200
  -0.0037808600    0.0005412000    0.0351834600
  -0.0037918200    0.0005937100    0.0351884800
  -0.0038542700    0.0008454800    0.0351111900
  -0.0037424300    0.0002891300    0.0351999800
  -0.0038270300    0.0005587300    0.0351993200
  -0.0038146900    0.0005781200    0.0351638600
  -0.0038512800    0.0006152300    0.0351745800
  -0.0038259100    0.0006259200    0.0352284100
  -0.0037715600    0.0006727100    0.0352080600
  -0.0038185800    0.0006033700    0.0351451000
  -0.0038385600    0.0006253600    0.0351954500
  -0.0038448000    0.0006180700    0.0351980400
  -0.0038237100    0.0005882300    0.0351891900
  -0.0038045900    0.0005861600    0.0352075100
  -0.0037634900    0.0005213800    0.0352074400
  -0.0037465800    0.0008889400    0.0351980400

51   
  0.0000000000000000   0.0000000000000000  -0.0100000000000000
   0.0019062200   -0.0259857300   -0.0824254800
   0.0039067900    0.0001464600   -0.0455761100
   0.0013380300    0.0000914100   -0.0446134800
   0.0014664400    0.0001278700   -0.0445858200
   0.0014428400    0.0001376100   -0.0448590800
  -0.0005052100    0.0001707900   -0.0459465300
   0.0021760900    0.0263252600   -0.0824485700
   0.0014462800    0.0000745000   -0.0448258100
   0.0013273400    0.0002101600   -0.0445848900
   0.0014095100    0.0002344500   -0.0446459700
   0.0014086900    0.0000866300   -0.0446459900
   0.0014418000    0.0001822200   -0.0448586000
   0.0012498500    0.0009190600   -0.0439687100
   0.0012232400    0.0000537200   -0.0446572400
   0.0014324900    0.0001605900   -0.0445499400
   0.0013269100    0.0001109900   -0.0445854400
   0.0014666600    0.0001921000   -0.0445859200
   0.0015522300    0.0000986000   -0.0446328600
   0.0013509300    0.0001608300   -0.0442775900
   0.0012250600    0.0002684200   -0.0446574900
   0.0014483700    0.0002460100   -0.0448261700
   0.0013388200    0.0002294700   -0.0446137300
   0.0013855600    0.0001599800   -0.0445087100
   0.0015536900    0.0002208000   -0.0446330100
   0.0012420600   -0.0005970200   -0.0439689400
  -0.0009234900   -0.0001632500    0.0400185900
  -0.0014687800   -0.0002158000    0.0446492500
  -0.0014520900   -0.0002388400    0.0445960500
  -0.0012858500   -0.0001576300    0.0445895600
  -0.0007788700    0.0000623100    0.0436535400
  -0.0007809900   -0.0003889400    0.0436542700
  -0.0017627800   -0.0016901800    0.0450537100
  -0.0014036900   -0.0002623500    0.0445374000
  -0.0014193300   -0.0001416900    0.0445960500
  -0.0013910700   -0.0001603500    0.0447160600
  -0.0012859000   -0.0001638200    0.0445901500
  -0.0015278300    0.0002514800    0.0446187700
  -0.0014145000   -0.0004347200    0.0445820800
  -0.0014131700   -0.0001597100    0.0445736900
  -0.0014197700   -0.0001780500    0.0445964000
  -0.0014513000   -0.0000812500    0.0445964300
  -0.0013409900   -0.0001052800    0.0445525800
  -0.0014870300   -0.0001596700    0.0444819800
  -0.0014118400    0.0001143700    0.0445813900
  -0.0014020300   -0.0000579800    0.0445371300
  -0.0014680300   -0.0001045100    0.0446490600
  -0.0014006000   -0.0001605400    0.0445619400
  -0.0013412600   -0.0002159200    0.0445522200
  -0.0015323600   -0.0005711000    0.0446183600
  -0.0017460800    0.0013729500    0.0450527900
   0.0014165300   -0.0005715900    0.0469279400
   0.0032151700   -0.0009773700   -0.0347973000
   0.0037696700   -0.0006111300   -0.0351986600
   0.0038284700   -0.0005519500   -0.0352111300
   0.0043553600   -0.0002271500   -0.0348047400
   0.0043618500   -0.0009073900   -0.0348018900
   0.0037979900   -0.0026779400   -0.0349277200
   0.0037509700   -0.0007969700   -0.0350835300
   0.0037962700   -0.0006151100   -0.0352144500
   0.0038526700   -0.0005777200   -0.0351518600
   0.0038472300   -0.0005958600   -0.0352054900
   0.0038706900   -0.0007627900   -0.0350908800
   0.0038139000   -0.0007444100   -0.0351675100
   0.0038343300   -0.0006021200   -0.0351549300
   0.0038069100   -0.0005593500   -0.0352191700
   0.0037884800   -0.0005327300   -0.0352094800
   0.0038243500   -0.0005985300   -0.0352162400
   0.0037901900   -0.0005962100   -0.0351668800
   0.0038117200   -0.0004561500   -0.0351680600
   0.0037674400   -0.0003699900   -0.0350878000
   0.0032286000   -0.0001350100   -0.0347983800
   0.0037635400   -0.0005696400   -0.0351452600
   0.0038134500   -0.0005645900   -0.0352165600
   0.0038563500   -0.0004006800   -0.0350995000
   0.0038119100    0.0015446100   -0.0349295700
  -0.0034500500    0.0010315800    0.0344749700
  -0.0037929600    0.0005577800    0.0352769800
  -0.0037989800    0.0005960900    0.0352493700
  -0.0037523000    0.0005985200    0.0351950200
  -0.0037437200    0.0007854000    0.0352906100
  -0.0041345900    0.0005531300    0.0343395000
  -0.0034500500    0.0000715100    0.0344745200
  -0.0038266700    0.0006636500    0.0352243300
  -0.0038018500    0.0006236900    0.0352574000
  -0.0038166000    0.0005752200    0.0352502900
  -0.0038276300    0.0005602200    0.0352552300
  -0.0037611700    0.0003564700    0.0352952400
  -0.0039031600    0.0009599500    0.0351942800
  -0.0038611700    0.0006523000    0.0352148400
  -0.0038583700    0.0005782700    0.0352624200
  -0.0038224900    0.0005399300    0.0352508200
  -0.0037721000    0.0005685500    0.0352062000
  -0.0038106200    0.0005595700    0.0351908800
  -0.0038389500    0.0006034000    0.0352466000
  -0.0038737200    0.0005317600    0.0352109400
  -0.0038450200    0.0004839700    0.0352149600
  -0.0038109400    0.0005511800    0.0352486400
  -0.0037561100    0.0005860300    0.0352050700
  -0.0038014500    0.0006353100    0.0351903200
  -0.0039143800    0.0002195500    0.0351922500
