Automatically generated mesh
     841
Reciprocal lattice
    0.00000000000000    0.00000000000000    0.00000000000000             1
    0.01754385964912    0.00000000000000    0.00000000000000             4
    0.03508771929825    0.00000000000000    0.00000000000000             4
    0.05263157894737    0.00000000000000    0.00000000000000             4
    0.07017543859649    0.00000000000000    0.00000000000000             4
    0.08771929824562    0.00000000000000    0.00000000000000             4
    0.10526315789474    0.00000000000000    0.00000000000000             4
    0.12280701754386    0.00000000000000    0.00000000000000             4
    0.14035087719298    0.00000000000000    0.00000000000000             4
    0.15789473684210    0.00000000000000    0.00000000000000             4
    0.17543859649123    0.00000000000000    0.00000000000000             4
    0.19298245614035    0.00000000000000    0.00000000000000             4
    0.21052631578947    0.00000000000000    0.00000000000000             4
    0.22807017543860    0.00000000000000    0.00000000000000             4
    0.24561403508772    0.00000000000000    0.00000000000000             4
    0.26315789473684    0.00000000000000    0.00000000000000             4
    0.28070175438597    0.00000000000000    0.00000000000000             4
    0.29824561403509    0.00000000000000    0.00000000000000             4
    0.31578947368421    0.00000000000000    0.00000000000000             4
    0.33333333333334    0.00000000000000    0.00000000000000             4
    0.35087719298246    0.00000000000000    0.00000000000000             4
    0.36842105263158    0.00000000000000    0.00000000000000             4
    0.38596491228070    0.00000000000000    0.00000000000000             4
    0.40350877192982    0.00000000000000    0.00000000000000             4
    0.42105263157895    0.00000000000000    0.00000000000000             4
    0.43859649122807    0.00000000000000    0.00000000000000             4
    0.45614035087719    0.00000000000000    0.00000000000000             4
    0.47368421052632    0.00000000000000    0.00000000000000             4
    0.49122807017544    0.00000000000000    0.00000000000000             4
    0.01754385964912    0.01754385964912    0.00000000000000             2
    0.03508771929825    0.01754385964912    0.00000000000000             4
    0.05263157894737    0.01754385964912    0.00000000000000             4
    0.07017543859649    0.01754385964912    0.00000000000000             4
    0.08771929824562    0.01754385964912    0.00000000000000             4
    0.10526315789474    0.01754385964912    0.00000000000000             4
    0.12280701754386    0.01754385964912    0.00000000000000             4
    0.14035087719298    0.01754385964912    0.00000000000000             4
    0.15789473684210    0.01754385964912    0.00000000000000             4
    0.17543859649123    0.01754385964912    0.00000000000000             4
    0.19298245614035    0.01754385964912    0.00000000000000             4
    0.21052631578947    0.01754385964912    0.00000000000000             4
    0.22807017543860    0.01754385964912    0.00000000000000             4
    0.24561403508772    0.01754385964912    0.00000000000000             4
    0.26315789473684    0.01754385964912    0.00000000000000             4
    0.28070175438597    0.01754385964912    0.00000000000000             4
    0.29824561403509    0.01754385964912    0.00000000000000             4
    0.31578947368421    0.01754385964912    0.00000000000000             4
    0.33333333333334    0.01754385964912    0.00000000000000             4
    0.35087719298246    0.01754385964912    0.00000000000000             4
    0.36842105263158    0.01754385964912    0.00000000000000             4
    0.38596491228070    0.01754385964912    0.00000000000000             4
    0.40350877192982    0.01754385964912    0.00000000000000             4
    0.42105263157895    0.01754385964912    0.00000000000000             4
    0.43859649122807    0.01754385964912    0.00000000000000             4
    0.45614035087719    0.01754385964912    0.00000000000000             4
    0.47368421052632    0.01754385964912    0.00000000000000             4
    0.49122807017544    0.01754385964912    0.00000000000000             4
   -0.49122807017544    0.01754385964912    0.00000000000000             4
   -0.47368421052631    0.01754385964912    0.00000000000000             4
   -0.45614035087719    0.01754385964912    0.00000000000000             4
   -0.43859649122807    0.01754385964912    0.00000000000000             4
   -0.42105263157894    0.01754385964912    0.00000000000000             4
   -0.40350877192982    0.01754385964912    0.00000000000000             4
   -0.38596491228070    0.01754385964912    0.00000000000000             4
   -0.36842105263158    0.01754385964912    0.00000000000000             4
   -0.35087719298246    0.01754385964912    0.00000000000000             4
   -0.33333333333333    0.01754385964912    0.00000000000000             4
   -0.31578947368421    0.01754385964912    0.00000000000000             4
   -0.29824561403509    0.01754385964912    0.00000000000000             4
   -0.28070175438596    0.01754385964912    0.00000000000000             4
   -0.26315789473684    0.01754385964912    0.00000000000000             4
   -0.24561403508772    0.01754385964912    0.00000000000000             4
   -0.22807017543859    0.01754385964912    0.00000000000000             4
   -0.21052631578947    0.01754385964912    0.00000000000000             4
   -0.19298245614035    0.01754385964912    0.00000000000000             4
   -0.17543859649122    0.01754385964912    0.00000000000000             4
   -0.15789473684210    0.01754385964912    0.00000000000000             4
   -0.14035087719298    0.01754385964912    0.00000000000000             4
   -0.12280701754386    0.01754385964912    0.00000000000000             4
   -0.10526315789474    0.01754385964912    0.00000000000000             4
   -0.08771929824562    0.01754385964912    0.00000000000000             4
   -0.07017543859649    0.01754385964912    0.00000000000000             4
   -0.05263157894737    0.01754385964912    0.00000000000000             4
   -0.03508771929825    0.01754385964912    0.00000000000000             4
   -0.01754385964912    0.01754385964912    0.00000000000000             2
    0.03508771929825    0.03508771929825    0.00000000000000             2
    0.05263157894737    0.03508771929825    0.00000000000000             4
    0.07017543859649    0.03508771929825    0.00000000000000             4
    0.08771929824562    0.03508771929825    0.00000000000000             4
    0.10526315789474    0.03508771929825    0.00000000000000             4
    0.12280701754386    0.03508771929825    0.00000000000000             4
    0.14035087719298    0.03508771929825    0.00000000000000             4
    0.15789473684210    0.03508771929825    0.00000000000000             4
    0.17543859649123    0.03508771929825    0.00000000000000             4
    0.19298245614035    0.03508771929825    0.00000000000000             4
    0.21052631578947    0.03508771929825    0.00000000000000             4
    0.22807017543860    0.03508771929825    0.00000000000000             4
    0.24561403508772    0.03508771929825    0.00000000000000             4
    0.26315789473684    0.03508771929825    0.00000000000000             4
    0.28070175438597    0.03508771929825    0.00000000000000             4
    0.29824561403509    0.03508771929825    0.00000000000000             4
    0.31578947368421    0.03508771929825    0.00000000000000             4
    0.33333333333334    0.03508771929825    0.00000000000000             4
    0.35087719298246    0.03508771929825    0.00000000000000             4
    0.36842105263158    0.03508771929825    0.00000000000000             4
    0.38596491228070    0.03508771929825    0.00000000000000             4
    0.40350877192982    0.03508771929825    0.00000000000000             4
    0.42105263157895    0.03508771929825    0.00000000000000             4
    0.43859649122807    0.03508771929825    0.00000000000000             4
    0.45614035087719    0.03508771929825    0.00000000000000             4
    0.47368421052632    0.03508771929825    0.00000000000000             4
    0.49122807017544    0.03508771929825    0.00000000000000             4
   -0.49122807017544    0.03508771929825    0.00000000000000             4
   -0.47368421052631    0.03508771929825    0.00000000000000             4
   -0.45614035087719    0.03508771929825    0.00000000000000             4
   -0.43859649122807    0.03508771929825    0.00000000000000             4
   -0.42105263157894    0.03508771929825    0.00000000000000             4
   -0.40350877192982    0.03508771929825    0.00000000000000             4
   -0.38596491228070    0.03508771929825    0.00000000000000             4
   -0.36842105263158    0.03508771929825    0.00000000000000             4
   -0.35087719298246    0.03508771929825    0.00000000000000             4
   -0.33333333333333    0.03508771929825    0.00000000000000             4
   -0.31578947368421    0.03508771929825    0.00000000000000             4
   -0.29824561403509    0.03508771929825    0.00000000000000             4
   -0.28070175438596    0.03508771929825    0.00000000000000             4
   -0.26315789473684    0.03508771929825    0.00000000000000             4
   -0.24561403508772    0.03508771929825    0.00000000000000             4
   -0.22807017543859    0.03508771929825    0.00000000000000             4
   -0.21052631578947    0.03508771929825    0.00000000000000             4
   -0.19298245614035    0.03508771929825    0.00000000000000             4
   -0.17543859649122    0.03508771929825    0.00000000000000             4
   -0.15789473684210    0.03508771929825    0.00000000000000             4
   -0.14035087719298    0.03508771929825    0.00000000000000             4
   -0.12280701754386    0.03508771929825    0.00000000000000             4
   -0.10526315789474    0.03508771929825    0.00000000000000             4
   -0.08771929824562    0.03508771929825    0.00000000000000             4
   -0.07017543859649    0.03508771929825    0.00000000000000             4
   -0.05263157894737    0.03508771929825    0.00000000000000             4
   -0.03508771929825    0.03508771929825    0.00000000000000             2
    0.05263157894737    0.05263157894737    0.00000000000000             2
    0.07017543859649    0.05263157894737    0.00000000000000             4
    0.08771929824562    0.05263157894737    0.00000000000000             4
    0.10526315789474    0.05263157894737    0.00000000000000             4
    0.12280701754386    0.05263157894737    0.00000000000000             4
    0.14035087719298    0.05263157894737    0.00000000000000             4
    0.15789473684210    0.05263157894737    0.00000000000000             4
    0.17543859649123    0.05263157894737    0.00000000000000             4
    0.19298245614035    0.05263157894737    0.00000000000000             4
    0.21052631578947    0.05263157894737    0.00000000000000             4
    0.22807017543860    0.05263157894737    0.00000000000000             4
    0.24561403508772    0.05263157894737    0.00000000000000             4
    0.26315789473684    0.05263157894737    0.00000000000000             4
    0.28070175438597    0.05263157894737    0.00000000000000             4
    0.29824561403509    0.05263157894737    0.00000000000000             4
    0.31578947368421    0.05263157894737    0.00000000000000             4
    0.33333333333334    0.05263157894737    0.00000000000000             4
    0.35087719298246    0.05263157894737    0.00000000000000             4
    0.36842105263158    0.05263157894737    0.00000000000000             4
    0.38596491228070    0.05263157894737    0.00000000000000             4
    0.40350877192982    0.05263157894737    0.00000000000000             4
    0.42105263157895    0.05263157894737    0.00000000000000             4
    0.43859649122807    0.05263157894737    0.00000000000000             4
    0.45614035087719    0.05263157894737    0.00000000000000             4
    0.47368421052632    0.05263157894737    0.00000000000000             4
    0.49122807017544    0.05263157894737    0.00000000000000             4
   -0.49122807017544    0.05263157894737    0.00000000000000             4
   -0.47368421052631    0.05263157894737    0.00000000000000             4
   -0.45614035087719    0.05263157894737    0.00000000000000             4
   -0.43859649122807    0.05263157894737    0.00000000000000             4
   -0.42105263157894    0.05263157894737    0.00000000000000             4
   -0.40350877192982    0.05263157894737    0.00000000000000             4
   -0.38596491228070    0.05263157894737    0.00000000000000             4
   -0.36842105263158    0.05263157894737    0.00000000000000             4
   -0.35087719298246    0.05263157894737    0.00000000000000             4
   -0.33333333333333    0.05263157894737    0.00000000000000             4
   -0.31578947368421    0.05263157894737    0.00000000000000             4
   -0.29824561403509    0.05263157894737    0.00000000000000             4
   -0.28070175438596    0.05263157894737    0.00000000000000             4
   -0.26315789473684    0.05263157894737    0.00000000000000             4
   -0.24561403508772    0.05263157894737    0.00000000000000             4
   -0.22807017543859    0.05263157894737    0.00000000000000             4
   -0.21052631578947    0.05263157894737    0.00000000000000             4
   -0.19298245614035    0.05263157894737    0.00000000000000             4
   -0.17543859649122    0.05263157894737    0.00000000000000             4
   -0.15789473684210    0.05263157894737    0.00000000000000             4
   -0.14035087719298    0.05263157894737    0.00000000000000             4
   -0.12280701754386    0.05263157894737    0.00000000000000             4
   -0.10526315789474    0.05263157894737    0.00000000000000             4
   -0.08771929824562    0.05263157894737    0.00000000000000             4
   -0.07017543859649    0.05263157894737    0.00000000000000             4
   -0.05263157894737    0.05263157894737    0.00000000000000             2
    0.07017543859649    0.07017543859649    0.00000000000000             2
    0.08771929824562    0.07017543859649    0.00000000000000             4
    0.10526315789474    0.07017543859649    0.00000000000000             4
    0.12280701754386    0.07017543859649    0.00000000000000             4
    0.14035087719298    0.07017543859649    0.00000000000000             4
    0.15789473684210    0.07017543859649    0.00000000000000             4
    0.17543859649123    0.07017543859649    0.00000000000000             4
    0.19298245614035    0.07017543859649    0.00000000000000             4
    0.21052631578947    0.07017543859649    0.00000000000000             4
    0.22807017543860    0.07017543859649    0.00000000000000             4
    0.24561403508772    0.07017543859649    0.00000000000000             4
    0.26315789473684    0.07017543859649    0.00000000000000             4
    0.28070175438597    0.07017543859649    0.00000000000000             4
    0.29824561403509    0.07017543859649    0.00000000000000             4
    0.31578947368421    0.07017543859649    0.00000000000000             4
    0.33333333333334    0.07017543859649    0.00000000000000             4
    0.35087719298246    0.07017543859649    0.00000000000000             4
    0.36842105263158    0.07017543859649    0.00000000000000             4
    0.38596491228070    0.07017543859649    0.00000000000000             4
    0.40350877192982    0.07017543859649    0.00000000000000             4
    0.42105263157895    0.07017543859649    0.00000000000000             4
    0.43859649122807    0.07017543859649    0.00000000000000             4
    0.45614035087719    0.07017543859649    0.00000000000000             4
    0.47368421052632    0.07017543859649    0.00000000000000             4
    0.49122807017544    0.07017543859649    0.00000000000000             4
   -0.49122807017544    0.07017543859649    0.00000000000000             4
   -0.47368421052631    0.07017543859649    0.00000000000000             4
   -0.45614035087719    0.07017543859649    0.00000000000000             4
   -0.43859649122807    0.07017543859649    0.00000000000000             4
   -0.42105263157894    0.07017543859649    0.00000000000000             4
   -0.40350877192982    0.07017543859649    0.00000000000000             4
   -0.38596491228070    0.07017543859649    0.00000000000000             4
   -0.36842105263158    0.07017543859649    0.00000000000000             4
   -0.35087719298246    0.07017543859649    0.00000000000000             4
   -0.33333333333333    0.07017543859649    0.00000000000000             4
   -0.31578947368421    0.07017543859649    0.00000000000000             4
   -0.29824561403509    0.07017543859649    0.00000000000000             4
   -0.28070175438596    0.07017543859649    0.00000000000000             4
   -0.26315789473684    0.07017543859649    0.00000000000000             4
   -0.24561403508772    0.07017543859649    0.00000000000000             4
   -0.22807017543859    0.07017543859649    0.00000000000000             4
   -0.21052631578947    0.07017543859649    0.00000000000000             4
   -0.19298245614035    0.07017543859649    0.00000000000000             4
   -0.17543859649122    0.07017543859649    0.00000000000000             4
   -0.15789473684210    0.07017543859649    0.00000000000000             4
   -0.14035087719298    0.07017543859649    0.00000000000000             4
   -0.12280701754386    0.07017543859649    0.00000000000000             4
   -0.10526315789474    0.07017543859649    0.00000000000000             4
   -0.08771929824562    0.07017543859649    0.00000000000000             4
   -0.07017543859649    0.07017543859649    0.00000000000000             2
    0.08771929824562    0.08771929824562    0.00000000000000             2
    0.10526315789474    0.08771929824562    0.00000000000000             4
    0.12280701754386    0.08771929824562    0.00000000000000             4
    0.14035087719298    0.08771929824562    0.00000000000000             4
    0.15789473684210    0.08771929824562    0.00000000000000             4
    0.17543859649123    0.08771929824562    0.00000000000000             4
    0.19298245614035    0.08771929824562    0.00000000000000             4
    0.21052631578947    0.08771929824562    0.00000000000000             4
    0.22807017543860    0.08771929824562    0.00000000000000             4
    0.24561403508772    0.08771929824562    0.00000000000000             4
    0.26315789473684    0.08771929824562    0.00000000000000             4
    0.28070175438597    0.08771929824562    0.00000000000000             4
    0.29824561403509    0.08771929824562    0.00000000000000             4
    0.31578947368421    0.08771929824562    0.00000000000000             4
    0.33333333333334    0.08771929824562    0.00000000000000             4
    0.35087719298246    0.08771929824562    0.00000000000000             4
    0.36842105263158    0.08771929824562    0.00000000000000             4
    0.38596491228070    0.08771929824562    0.00000000000000             4
    0.40350877192982    0.08771929824562    0.00000000000000             4
    0.42105263157895    0.08771929824562    0.00000000000000             4
    0.43859649122807    0.08771929824562    0.00000000000000             4
    0.45614035087719    0.08771929824562    0.00000000000000             4
    0.47368421052632    0.08771929824562    0.00000000000000             4
    0.49122807017544    0.08771929824562    0.00000000000000             4
   -0.49122807017544    0.08771929824562    0.00000000000000             4
   -0.47368421052631    0.08771929824562    0.00000000000000             4
   -0.45614035087719    0.08771929824562    0.00000000000000             4
   -0.43859649122807    0.08771929824562    0.00000000000000             4
   -0.42105263157894    0.08771929824562    0.00000000000000             4
   -0.40350877192982    0.08771929824562    0.00000000000000             4
   -0.38596491228070    0.08771929824562    0.00000000000000             4
   -0.36842105263158    0.08771929824562    0.00000000000000             4
   -0.35087719298246    0.08771929824562    0.00000000000000             4
   -0.33333333333333    0.08771929824562    0.00000000000000             4
   -0.31578947368421    0.08771929824562    0.00000000000000             4
   -0.29824561403509    0.08771929824562    0.00000000000000             4
   -0.28070175438596    0.08771929824562    0.00000000000000             4
   -0.26315789473684    0.08771929824562    0.00000000000000             4
   -0.24561403508772    0.08771929824562    0.00000000000000             4
   -0.22807017543859    0.08771929824562    0.00000000000000             4
   -0.21052631578947    0.08771929824562    0.00000000000000             4
   -0.19298245614035    0.08771929824562    0.00000000000000             4
   -0.17543859649122    0.08771929824562    0.00000000000000             4
   -0.15789473684210    0.08771929824562    0.00000000000000             4
   -0.14035087719298    0.08771929824562    0.00000000000000             4
   -0.12280701754386    0.08771929824562    0.00000000000000             4
   -0.10526315789474    0.08771929824562    0.00000000000000             4
   -0.08771929824562    0.08771929824562    0.00000000000000             2
    0.10526315789474    0.10526315789474    0.00000000000000             2
    0.12280701754386    0.10526315789474    0.00000000000000             4
    0.14035087719298    0.10526315789474    0.00000000000000             4
    0.15789473684210    0.10526315789474    0.00000000000000             4
    0.17543859649123    0.10526315789474    0.00000000000000             4
    0.19298245614035    0.10526315789474    0.00000000000000             4
    0.21052631578947    0.10526315789474    0.00000000000000             4
    0.22807017543860    0.10526315789474    0.00000000000000             4
    0.24561403508772    0.10526315789474    0.00000000000000             4
    0.26315789473684    0.10526315789474    0.00000000000000             4
    0.28070175438597    0.10526315789474    0.00000000000000             4
    0.29824561403509    0.10526315789474    0.00000000000000             4
    0.31578947368421    0.10526315789474    0.00000000000000             4
    0.33333333333334    0.10526315789474    0.00000000000000             4
    0.35087719298246    0.10526315789474    0.00000000000000             4
    0.36842105263158    0.10526315789474    0.00000000000000             4
    0.38596491228070    0.10526315789474    0.00000000000000             4
    0.40350877192982    0.10526315789474    0.00000000000000             4
    0.42105263157895    0.10526315789474    0.00000000000000             4
    0.43859649122807    0.10526315789474    0.00000000000000             4
    0.45614035087719    0.10526315789474    0.00000000000000             4
    0.47368421052632    0.10526315789474    0.00000000000000             4
    0.49122807017544    0.10526315789474    0.00000000000000             4
   -0.49122807017544    0.10526315789474    0.00000000000000             4
   -0.47368421052631    0.10526315789474    0.00000000000000             4
   -0.45614035087719    0.10526315789474    0.00000000000000             4
   -0.43859649122807    0.10526315789474    0.00000000000000             4
   -0.42105263157894    0.10526315789474    0.00000000000000             4
   -0.40350877192982    0.10526315789474    0.00000000000000             4
   -0.38596491228070    0.10526315789474    0.00000000000000             4
   -0.36842105263158    0.10526315789474    0.00000000000000             4
   -0.35087719298246    0.10526315789474    0.00000000000000             4
   -0.33333333333333    0.10526315789474    0.00000000000000             4
   -0.31578947368421    0.10526315789474    0.00000000000000             4
   -0.29824561403509    0.10526315789474    0.00000000000000             4
   -0.28070175438596    0.10526315789474    0.00000000000000             4
   -0.26315789473684    0.10526315789474    0.00000000000000             4
   -0.24561403508772    0.10526315789474    0.00000000000000             4
   -0.22807017543859    0.10526315789474    0.00000000000000             4
   -0.21052631578947    0.10526315789474    0.00000000000000             4
   -0.19298245614035    0.10526315789474    0.00000000000000             4
   -0.17543859649122    0.10526315789474    0.00000000000000             4
   -0.15789473684210    0.10526315789474    0.00000000000000             4
   -0.14035087719298    0.10526315789474    0.00000000000000             4
   -0.12280701754386    0.10526315789474    0.00000000000000             4
   -0.10526315789474    0.10526315789474    0.00000000000000             2
    0.12280701754386    0.12280701754386    0.00000000000000             2
    0.14035087719298    0.12280701754386    0.00000000000000             4
    0.15789473684210    0.12280701754386    0.00000000000000             4
    0.17543859649123    0.12280701754386    0.00000000000000             4
    0.19298245614035    0.12280701754386    0.00000000000000             4
    0.21052631578947    0.12280701754386    0.00000000000000             4
    0.22807017543860    0.12280701754386    0.00000000000000             4
    0.24561403508772    0.12280701754386    0.00000000000000             4
    0.26315789473684    0.12280701754386    0.00000000000000             4
    0.28070175438597    0.12280701754386    0.00000000000000             4
    0.29824561403509    0.12280701754386    0.00000000000000             4
    0.31578947368421    0.12280701754386    0.00000000000000             4
    0.33333333333334    0.12280701754386    0.00000000000000             4
    0.35087719298246    0.12280701754386    0.00000000000000             4
    0.36842105263158    0.12280701754386    0.00000000000000             4
    0.38596491228070    0.12280701754386    0.00000000000000             4
    0.40350877192982    0.12280701754386    0.00000000000000             4
    0.42105263157895    0.12280701754386    0.00000000000000             4
    0.43859649122807    0.12280701754386    0.00000000000000             4
    0.45614035087719    0.12280701754386    0.00000000000000             4
    0.47368421052632    0.12280701754386    0.00000000000000             4
    0.49122807017544    0.12280701754386    0.00000000000000             4
   -0.49122807017544    0.12280701754386    0.00000000000000             4
   -0.47368421052631    0.12280701754386    0.00000000000000             4
   -0.45614035087719    0.12280701754386    0.00000000000000             4
   -0.43859649122807    0.12280701754386    0.00000000000000             4
   -0.42105263157894    0.12280701754386    0.00000000000000             4
   -0.40350877192982    0.12280701754386    0.00000000000000             4
   -0.38596491228070    0.12280701754386    0.00000000000000             4
   -0.36842105263158    0.12280701754386    0.00000000000000             4
   -0.35087719298246    0.12280701754386    0.00000000000000             4
   -0.33333333333333    0.12280701754386    0.00000000000000             4
   -0.31578947368421    0.12280701754386    0.00000000000000             4
   -0.29824561403509    0.12280701754386    0.00000000000000             4
   -0.28070175438596    0.12280701754386    0.00000000000000             4
   -0.26315789473684    0.12280701754386    0.00000000000000             4
   -0.24561403508772    0.12280701754386    0.00000000000000             4
   -0.22807017543859    0.12280701754386    0.00000000000000             4
   -0.21052631578947    0.12280701754386    0.00000000000000             4
   -0.19298245614035    0.12280701754386    0.00000000000000             4
   -0.17543859649122    0.12280701754386    0.00000000000000             4
   -0.15789473684210    0.12280701754386    0.00000000000000             4
   -0.14035087719298    0.12280701754386    0.00000000000000             4
   -0.12280701754386    0.12280701754386    0.00000000000000             2
    0.14035087719298    0.14035087719298    0.00000000000000             2
    0.15789473684210    0.14035087719298    0.00000000000000             4
    0.17543859649123    0.14035087719298    0.00000000000000             4
    0.19298245614035    0.14035087719298    0.00000000000000             4
    0.21052631578947    0.14035087719298    0.00000000000000             4
    0.22807017543860    0.14035087719298    0.00000000000000             4
    0.24561403508772    0.14035087719298    0.00000000000000             4
    0.26315789473684    0.14035087719298    0.00000000000000             4
    0.28070175438597    0.14035087719298    0.00000000000000             4
    0.29824561403509    0.14035087719298    0.00000000000000             4
    0.31578947368421    0.14035087719298    0.00000000000000             4
    0.33333333333334    0.14035087719298    0.00000000000000             4
    0.35087719298246    0.14035087719298    0.00000000000000             4
    0.36842105263158    0.14035087719298    0.00000000000000             4
    0.38596491228070    0.14035087719298    0.00000000000000             4
    0.40350877192982    0.14035087719298    0.00000000000000             4
    0.42105263157895    0.14035087719298    0.00000000000000             4
    0.43859649122807    0.14035087719298    0.00000000000000             4
    0.45614035087719    0.14035087719298    0.00000000000000             4
    0.47368421052632    0.14035087719298    0.00000000000000             4
    0.49122807017544    0.14035087719298    0.00000000000000             4
   -0.49122807017544    0.14035087719298    0.00000000000000             4
   -0.47368421052631    0.14035087719298    0.00000000000000             4
   -0.45614035087719    0.14035087719298    0.00000000000000             4
   -0.43859649122807    0.14035087719298    0.00000000000000             4
   -0.42105263157894    0.14035087719298    0.00000000000000             4
   -0.40350877192982    0.14035087719298    0.00000000000000             4
   -0.38596491228070    0.14035087719298    0.00000000000000             4
   -0.36842105263158    0.14035087719298    0.00000000000000             4
   -0.35087719298246    0.14035087719298    0.00000000000000             4
   -0.33333333333333    0.14035087719298    0.00000000000000             4
   -0.31578947368421    0.14035087719298    0.00000000000000             4
   -0.29824561403509    0.14035087719298    0.00000000000000             4
   -0.28070175438596    0.14035087719298    0.00000000000000             4
   -0.26315789473684    0.14035087719298    0.00000000000000             4
   -0.24561403508772    0.14035087719298    0.00000000000000             4
   -0.22807017543859    0.14035087719298    0.00000000000000             4
   -0.21052631578947    0.14035087719298    0.00000000000000             4
   -0.19298245614035    0.14035087719298    0.00000000000000             4
   -0.17543859649122    0.14035087719298    0.00000000000000             4
   -0.15789473684210    0.14035087719298    0.00000000000000             4
   -0.14035087719298    0.14035087719298    0.00000000000000             2
    0.15789473684210    0.15789473684210    0.00000000000000             2
    0.17543859649123    0.15789473684210    0.00000000000000             4
    0.19298245614035    0.15789473684210    0.00000000000000             4
    0.21052631578947    0.15789473684210    0.00000000000000             4
    0.22807017543860    0.15789473684210    0.00000000000000             4
    0.24561403508772    0.15789473684210    0.00000000000000             4
    0.26315789473684    0.15789473684210    0.00000000000000             4
    0.28070175438597    0.15789473684210    0.00000000000000             4
    0.29824561403509    0.15789473684210    0.00000000000000             4
    0.31578947368421    0.15789473684210    0.00000000000000             4
    0.33333333333334    0.15789473684210    0.00000000000000             4
    0.35087719298246    0.15789473684210    0.00000000000000             4
    0.36842105263158    0.15789473684210    0.00000000000000             4
    0.38596491228070    0.15789473684210    0.00000000000000             4
    0.40350877192982    0.15789473684210    0.00000000000000             4
    0.42105263157895    0.15789473684210    0.00000000000000             4
    0.43859649122807    0.15789473684210    0.00000000000000             4
    0.45614035087719    0.15789473684210    0.00000000000000             4
    0.47368421052632    0.15789473684210    0.00000000000000             4
    0.49122807017544    0.15789473684210    0.00000000000000             4
   -0.49122807017544    0.15789473684210    0.00000000000000             4
   -0.47368421052631    0.15789473684210    0.00000000000000             4
   -0.45614035087719    0.15789473684210    0.00000000000000             4
   -0.43859649122807    0.15789473684210    0.00000000000000             4
   -0.42105263157894    0.15789473684210    0.00000000000000             4
   -0.40350877192982    0.15789473684210    0.00000000000000             4
   -0.38596491228070    0.15789473684210    0.00000000000000             4
   -0.36842105263158    0.15789473684210    0.00000000000000             4
   -0.35087719298246    0.15789473684210    0.00000000000000             4
   -0.33333333333333    0.15789473684210    0.00000000000000             4
   -0.31578947368421    0.15789473684210    0.00000000000000             4
   -0.29824561403509    0.15789473684210    0.00000000000000             4
   -0.28070175438596    0.15789473684210    0.00000000000000             4
   -0.26315789473684    0.15789473684210    0.00000000000000             4
   -0.24561403508772    0.15789473684210    0.00000000000000             4
   -0.22807017543859    0.15789473684210    0.00000000000000             4
   -0.21052631578947    0.15789473684210    0.00000000000000             4
   -0.19298245614035    0.15789473684210    0.00000000000000             4
   -0.17543859649122    0.15789473684210    0.00000000000000             4
   -0.15789473684210    0.15789473684210    0.00000000000000             2
    0.17543859649123    0.17543859649123    0.00000000000000             2
    0.19298245614035    0.17543859649123    0.00000000000000             4
    0.21052631578947    0.17543859649123    0.00000000000000             4
    0.22807017543860    0.17543859649123    0.00000000000000             4
    0.24561403508772    0.17543859649123    0.00000000000000             4
    0.26315789473684    0.17543859649123    0.00000000000000             4
    0.28070175438597    0.17543859649123    0.00000000000000             4
    0.29824561403509    0.17543859649123    0.00000000000000             4
    0.31578947368421    0.17543859649123    0.00000000000000             4
    0.33333333333334    0.17543859649123    0.00000000000000             4
    0.35087719298246    0.17543859649123    0.00000000000000             4
    0.36842105263158    0.17543859649123    0.00000000000000             4
    0.38596491228070    0.17543859649123    0.00000000000000             4
    0.40350877192982    0.17543859649123    0.00000000000000             4
    0.42105263157895    0.17543859649123    0.00000000000000             4
    0.43859649122807    0.17543859649123    0.00000000000000             4
    0.45614035087719    0.17543859649123    0.00000000000000             4
    0.47368421052632    0.17543859649123    0.00000000000000             4
    0.49122807017544    0.17543859649123    0.00000000000000             4
   -0.49122807017544    0.17543859649123    0.00000000000000             4
   -0.47368421052631    0.17543859649123    0.00000000000000             4
   -0.45614035087719    0.17543859649123    0.00000000000000             4
   -0.43859649122807    0.17543859649123    0.00000000000000             4
   -0.42105263157894    0.17543859649123    0.00000000000000             4
   -0.40350877192982    0.17543859649123    0.00000000000000             4
   -0.38596491228070    0.17543859649123    0.00000000000000             4
   -0.36842105263158    0.17543859649123    0.00000000000000             4
   -0.35087719298246    0.17543859649123    0.00000000000000             4
   -0.33333333333333    0.17543859649123    0.00000000000000             4
   -0.31578947368421    0.17543859649123    0.00000000000000             4
   -0.29824561403509    0.17543859649123    0.00000000000000             4
   -0.28070175438596    0.17543859649123    0.00000000000000             4
   -0.26315789473684    0.17543859649123    0.00000000000000             4
   -0.24561403508772    0.17543859649123    0.00000000000000             4
   -0.22807017543859    0.17543859649123    0.00000000000000             4
   -0.21052631578947    0.17543859649123    0.00000000000000             4
   -0.19298245614035    0.17543859649123    0.00000000000000             4
   -0.17543859649122    0.17543859649123    0.00000000000000             2
    0.19298245614035    0.19298245614035    0.00000000000000             2
    0.21052631578947    0.19298245614035    0.00000000000000             4
    0.22807017543860    0.19298245614035    0.00000000000000             4
    0.24561403508772    0.19298245614035    0.00000000000000             4
    0.26315789473684    0.19298245614035    0.00000000000000             4
    0.28070175438597    0.19298245614035    0.00000000000000             4
    0.29824561403509    0.19298245614035    0.00000000000000             4
    0.31578947368421    0.19298245614035    0.00000000000000             4
    0.33333333333334    0.19298245614035    0.00000000000000             4
    0.35087719298246    0.19298245614035    0.00000000000000             4
    0.36842105263158    0.19298245614035    0.00000000000000             4
    0.38596491228070    0.19298245614035    0.00000000000000             4
    0.40350877192982    0.19298245614035    0.00000000000000             4
    0.42105263157895    0.19298245614035    0.00000000000000             4
    0.43859649122807    0.19298245614035    0.00000000000000             4
    0.45614035087719    0.19298245614035    0.00000000000000             4
    0.47368421052632    0.19298245614035    0.00000000000000             4
    0.49122807017544    0.19298245614035    0.00000000000000             4
   -0.49122807017544    0.19298245614035    0.00000000000000             4
   -0.47368421052631    0.19298245614035    0.00000000000000             4
   -0.45614035087719    0.19298245614035    0.00000000000000             4
   -0.43859649122807    0.19298245614035    0.00000000000000             4
   -0.42105263157894    0.19298245614035    0.00000000000000             4
   -0.40350877192982    0.19298245614035    0.00000000000000             4
   -0.38596491228070    0.19298245614035    0.00000000000000             4
   -0.36842105263158    0.19298245614035    0.00000000000000             4
   -0.35087719298246    0.19298245614035    0.00000000000000             4
   -0.33333333333333    0.19298245614035    0.00000000000000             4
   -0.31578947368421    0.19298245614035    0.00000000000000             4
   -0.29824561403509    0.19298245614035    0.00000000000000             4
   -0.28070175438596    0.19298245614035    0.00000000000000             4
   -0.26315789473684    0.19298245614035    0.00000000000000             4
   -0.24561403508772    0.19298245614035    0.00000000000000             4
   -0.22807017543859    0.19298245614035    0.00000000000000             4
   -0.21052631578947    0.19298245614035    0.00000000000000             4
   -0.19298245614035    0.19298245614035    0.00000000000000             2
    0.21052631578947    0.21052631578947    0.00000000000000             2
    0.22807017543860    0.21052631578947    0.00000000000000             4
    0.24561403508772    0.21052631578947    0.00000000000000             4
    0.26315789473684    0.21052631578947    0.00000000000000             4
    0.28070175438597    0.21052631578947    0.00000000000000             4
    0.29824561403509    0.21052631578947    0.00000000000000             4
    0.31578947368421    0.21052631578947    0.00000000000000             4
    0.33333333333334    0.21052631578947    0.00000000000000             4
    0.35087719298246    0.21052631578947    0.00000000000000             4
    0.36842105263158    0.21052631578947    0.00000000000000             4
    0.38596491228070    0.21052631578947    0.00000000000000             4
    0.40350877192982    0.21052631578947    0.00000000000000             4
    0.42105263157895    0.21052631578947    0.00000000000000             4
    0.43859649122807    0.21052631578947    0.00000000000000             4
    0.45614035087719    0.21052631578947    0.00000000000000             4
    0.47368421052632    0.21052631578947    0.00000000000000             4
    0.49122807017544    0.21052631578947    0.00000000000000             4
   -0.49122807017544    0.21052631578947    0.00000000000000             4
   -0.47368421052631    0.21052631578947    0.00000000000000             4
   -0.45614035087719    0.21052631578947    0.00000000000000             4
   -0.43859649122807    0.21052631578947    0.00000000000000             4
   -0.42105263157894    0.21052631578947    0.00000000000000             4
   -0.40350877192982    0.21052631578947    0.00000000000000             4
   -0.38596491228070    0.21052631578947    0.00000000000000             4
   -0.36842105263158    0.21052631578947    0.00000000000000             4
   -0.35087719298246    0.21052631578947    0.00000000000000             4
   -0.33333333333333    0.21052631578947    0.00000000000000             4
   -0.31578947368421    0.21052631578947    0.00000000000000             4
   -0.29824561403509    0.21052631578947    0.00000000000000             4
   -0.28070175438596    0.21052631578947    0.00000000000000             4
   -0.26315789473684    0.21052631578947    0.00000000000000             4
   -0.24561403508772    0.21052631578947    0.00000000000000             4
   -0.22807017543859    0.21052631578947    0.00000000000000             4
   -0.21052631578947    0.21052631578947    0.00000000000000             2
    0.22807017543860    0.22807017543860    0.00000000000000             2
    0.24561403508772    0.22807017543860    0.00000000000000             4
    0.26315789473684    0.22807017543860    0.00000000000000             4
    0.28070175438597    0.22807017543860    0.00000000000000             4
    0.29824561403509    0.22807017543860    0.00000000000000             4
    0.31578947368421    0.22807017543860    0.00000000000000             4
    0.33333333333334    0.22807017543860    0.00000000000000             4
    0.35087719298246    0.22807017543860    0.00000000000000             4
    0.36842105263158    0.22807017543860    0.00000000000000             4
    0.38596491228070    0.22807017543860    0.00000000000000             4
    0.40350877192982    0.22807017543860    0.00000000000000             4
    0.42105263157895    0.22807017543860    0.00000000000000             4
    0.43859649122807    0.22807017543860    0.00000000000000             4
    0.45614035087719    0.22807017543860    0.00000000000000             4
    0.47368421052632    0.22807017543860    0.00000000000000             4
    0.49122807017544    0.22807017543860    0.00000000000000             4
   -0.49122807017544    0.22807017543860    0.00000000000000             4
   -0.47368421052631    0.22807017543860    0.00000000000000             4
   -0.45614035087719    0.22807017543860    0.00000000000000             4
   -0.43859649122807    0.22807017543860    0.00000000000000             4
   -0.42105263157894    0.22807017543860    0.00000000000000             4
   -0.40350877192982    0.22807017543860    0.00000000000000             4
   -0.38596491228070    0.22807017543860    0.00000000000000             4
   -0.36842105263158    0.22807017543860    0.00000000000000             4
   -0.35087719298246    0.22807017543860    0.00000000000000             4
   -0.33333333333333    0.22807017543860    0.00000000000000             4
   -0.31578947368421    0.22807017543860    0.00000000000000             4
   -0.29824561403509    0.22807017543860    0.00000000000000             4
   -0.28070175438596    0.22807017543860    0.00000000000000             4
   -0.26315789473684    0.22807017543860    0.00000000000000             4
   -0.24561403508772    0.22807017543860    0.00000000000000             4
   -0.22807017543859    0.22807017543860    0.00000000000000             2
    0.24561403508772    0.24561403508772    0.00000000000000             2
    0.26315789473684    0.24561403508772    0.00000000000000             4
    0.28070175438597    0.24561403508772    0.00000000000000             4
    0.29824561403509    0.24561403508772    0.00000000000000             4
    0.31578947368421    0.24561403508772    0.00000000000000             4
    0.33333333333334    0.24561403508772    0.00000000000000             4
    0.35087719298246    0.24561403508772    0.00000000000000             4
    0.36842105263158    0.24561403508772    0.00000000000000             4
    0.38596491228070    0.24561403508772    0.00000000000000             4
    0.40350877192982    0.24561403508772    0.00000000000000             4
    0.42105263157895    0.24561403508772    0.00000000000000             4
    0.43859649122807    0.24561403508772    0.00000000000000             4
    0.45614035087719    0.24561403508772    0.00000000000000             4
    0.47368421052632    0.24561403508772    0.00000000000000             4
    0.49122807017544    0.24561403508772    0.00000000000000             4
   -0.49122807017544    0.24561403508772    0.00000000000000             4
   -0.47368421052631    0.24561403508772    0.00000000000000             4
   -0.45614035087719    0.24561403508772    0.00000000000000             4
   -0.43859649122807    0.24561403508772    0.00000000000000             4
   -0.42105263157894    0.24561403508772    0.00000000000000             4
   -0.40350877192982    0.24561403508772    0.00000000000000             4
   -0.38596491228070    0.24561403508772    0.00000000000000             4
   -0.36842105263158    0.24561403508772    0.00000000000000             4
   -0.35087719298246    0.24561403508772    0.00000000000000             4
   -0.33333333333333    0.24561403508772    0.00000000000000             4
   -0.31578947368421    0.24561403508772    0.00000000000000             4
   -0.29824561403509    0.24561403508772    0.00000000000000             4
   -0.28070175438596    0.24561403508772    0.00000000000000             4
   -0.26315789473684    0.24561403508772    0.00000000000000             4
   -0.24561403508772    0.24561403508772    0.00000000000000             2
    0.26315789473684    0.26315789473684    0.00000000000000             2
    0.28070175438597    0.26315789473684    0.00000000000000             4
    0.29824561403509    0.26315789473684    0.00000000000000             4
    0.31578947368421    0.26315789473684    0.00000000000000             4
    0.33333333333334    0.26315789473684    0.00000000000000             4
    0.35087719298246    0.26315789473684    0.00000000000000             4
    0.36842105263158    0.26315789473684    0.00000000000000             4
    0.38596491228070    0.26315789473684    0.00000000000000             4
    0.40350877192982    0.26315789473684    0.00000000000000             4
    0.42105263157895    0.26315789473684    0.00000000000000             4
    0.43859649122807    0.26315789473684    0.00000000000000             4
    0.45614035087719    0.26315789473684    0.00000000000000             4
    0.47368421052632    0.26315789473684    0.00000000000000             4
    0.49122807017544    0.26315789473684    0.00000000000000             4
   -0.49122807017544    0.26315789473684    0.00000000000000             4
   -0.47368421052631    0.26315789473684    0.00000000000000             4
   -0.45614035087719    0.26315789473684    0.00000000000000             4
   -0.43859649122807    0.26315789473684    0.00000000000000             4
   -0.42105263157894    0.26315789473684    0.00000000000000             4
   -0.40350877192982    0.26315789473684    0.00000000000000             4
   -0.38596491228070    0.26315789473684    0.00000000000000             4
   -0.36842105263158    0.26315789473684    0.00000000000000             4
   -0.35087719298246    0.26315789473684    0.00000000000000             4
   -0.33333333333333    0.26315789473684    0.00000000000000             4
   -0.31578947368421    0.26315789473684    0.00000000000000             4
   -0.29824561403509    0.26315789473684    0.00000000000000             4
   -0.28070175438596    0.26315789473684    0.00000000000000             4
   -0.26315789473684    0.26315789473684    0.00000000000000             2
    0.28070175438597    0.28070175438597    0.00000000000000             2
    0.29824561403509    0.28070175438597    0.00000000000000             4
    0.31578947368421    0.28070175438597    0.00000000000000             4
    0.33333333333334    0.28070175438597    0.00000000000000             4
    0.35087719298246    0.28070175438597    0.00000000000000             4
    0.36842105263158    0.28070175438597    0.00000000000000             4
    0.38596491228070    0.28070175438597    0.00000000000000             4
    0.40350877192982    0.28070175438597    0.00000000000000             4
    0.42105263157895    0.28070175438597    0.00000000000000             4
    0.43859649122807    0.28070175438597    0.00000000000000             4
    0.45614035087719    0.28070175438597    0.00000000000000             4
    0.47368421052632    0.28070175438597    0.00000000000000             4
    0.49122807017544    0.28070175438597    0.00000000000000             4
   -0.49122807017544    0.28070175438597    0.00000000000000             4
   -0.47368421052631    0.28070175438597    0.00000000000000             4
   -0.45614035087719    0.28070175438597    0.00000000000000             4
   -0.43859649122807    0.28070175438597    0.00000000000000             4
   -0.42105263157894    0.28070175438597    0.00000000000000             4
   -0.40350877192982    0.28070175438597    0.00000000000000             4
   -0.38596491228070    0.28070175438597    0.00000000000000             4
   -0.36842105263158    0.28070175438597    0.00000000000000             4
   -0.35087719298246    0.28070175438597    0.00000000000000             4
   -0.33333333333333    0.28070175438597    0.00000000000000             4
   -0.31578947368421    0.28070175438597    0.00000000000000             4
   -0.29824561403509    0.28070175438597    0.00000000000000             4
   -0.28070175438596    0.28070175438597    0.00000000000000             2
    0.29824561403509    0.29824561403509    0.00000000000000             2
    0.31578947368421    0.29824561403509    0.00000000000000             4
    0.33333333333334    0.29824561403509    0.00000000000000             4
    0.35087719298246    0.29824561403509    0.00000000000000             4
    0.36842105263158    0.29824561403509    0.00000000000000             4
    0.38596491228070    0.29824561403509    0.00000000000000             4
    0.40350877192982    0.29824561403509    0.00000000000000             4
    0.42105263157895    0.29824561403509    0.00000000000000             4
    0.43859649122807    0.29824561403509    0.00000000000000             4
    0.45614035087719    0.29824561403509    0.00000000000000             4
    0.47368421052632    0.29824561403509    0.00000000000000             4
    0.49122807017544    0.29824561403509    0.00000000000000             4
   -0.49122807017544    0.29824561403509    0.00000000000000             4
   -0.47368421052631    0.29824561403509    0.00000000000000             4
   -0.45614035087719    0.29824561403509    0.00000000000000             4
   -0.43859649122807    0.29824561403509    0.00000000000000             4
   -0.42105263157894    0.29824561403509    0.00000000000000             4
   -0.40350877192982    0.29824561403509    0.00000000000000             4
   -0.38596491228070    0.29824561403509    0.00000000000000             4
   -0.36842105263158    0.29824561403509    0.00000000000000             4
   -0.35087719298246    0.29824561403509    0.00000000000000             4
   -0.33333333333333    0.29824561403509    0.00000000000000             4
   -0.31578947368421    0.29824561403509    0.00000000000000             4
   -0.29824561403509    0.29824561403509    0.00000000000000             2
    0.31578947368421    0.31578947368421    0.00000000000000             2
    0.33333333333334    0.31578947368421    0.00000000000000             4
    0.35087719298246    0.31578947368421    0.00000000000000             4
    0.36842105263158    0.31578947368421    0.00000000000000             4
    0.38596491228070    0.31578947368421    0.00000000000000             4
    0.40350877192982    0.31578947368421    0.00000000000000             4
    0.42105263157895    0.31578947368421    0.00000000000000             4
    0.43859649122807    0.31578947368421    0.00000000000000             4
    0.45614035087719    0.31578947368421    0.00000000000000             4
    0.47368421052632    0.31578947368421    0.00000000000000             4
    0.49122807017544    0.31578947368421    0.00000000000000             4
   -0.49122807017544    0.31578947368421    0.00000000000000             4
   -0.47368421052631    0.31578947368421    0.00000000000000             4
   -0.45614035087719    0.31578947368421    0.00000000000000             4
   -0.43859649122807    0.31578947368421    0.00000000000000             4
   -0.42105263157894    0.31578947368421    0.00000000000000             4
   -0.40350877192982    0.31578947368421    0.00000000000000             4
   -0.38596491228070    0.31578947368421    0.00000000000000             4
   -0.36842105263158    0.31578947368421    0.00000000000000             4
   -0.35087719298246    0.31578947368421    0.00000000000000             4
   -0.33333333333333    0.31578947368421    0.00000000000000             4
   -0.31578947368421    0.31578947368421    0.00000000000000             2
    0.33333333333334    0.33333333333334    0.00000000000000             2
    0.35087719298246    0.33333333333334    0.00000000000000             4
    0.36842105263158    0.33333333333334    0.00000000000000             4
    0.38596491228070    0.33333333333334    0.00000000000000             4
    0.40350877192982    0.33333333333334    0.00000000000000             4
    0.42105263157895    0.33333333333334    0.00000000000000             4
    0.43859649122807    0.33333333333334    0.00000000000000             4
    0.45614035087719    0.33333333333334    0.00000000000000             4
    0.47368421052632    0.33333333333334    0.00000000000000             4
    0.49122807017544    0.33333333333334    0.00000000000000             4
   -0.49122807017544    0.33333333333334    0.00000000000000             4
   -0.47368421052631    0.33333333333334    0.00000000000000             4
   -0.45614035087719    0.33333333333334    0.00000000000000             4
   -0.43859649122807    0.33333333333334    0.00000000000000             4
   -0.42105263157894    0.33333333333334    0.00000000000000             4
   -0.40350877192982    0.33333333333334    0.00000000000000             4
   -0.38596491228070    0.33333333333334    0.00000000000000             4
   -0.36842105263158    0.33333333333334    0.00000000000000             4
   -0.35087719298246    0.33333333333334    0.00000000000000             4
   -0.33333333333333    0.33333333333334    0.00000000000000             2
    0.35087719298246    0.35087719298246    0.00000000000000             2
    0.36842105263158    0.35087719298246    0.00000000000000             4
    0.38596491228070    0.35087719298246    0.00000000000000             4
    0.40350877192982    0.35087719298246    0.00000000000000             4
    0.42105263157895    0.35087719298246    0.00000000000000             4
    0.43859649122807    0.35087719298246    0.00000000000000             4
    0.45614035087719    0.35087719298246    0.00000000000000             4
    0.47368421052632    0.35087719298246    0.00000000000000             4
    0.49122807017544    0.35087719298246    0.00000000000000             4
   -0.49122807017544    0.35087719298246    0.00000000000000             4
   -0.47368421052631    0.35087719298246    0.00000000000000             4
   -0.45614035087719    0.35087719298246    0.00000000000000             4
   -0.43859649122807    0.35087719298246    0.00000000000000             4
   -0.42105263157894    0.35087719298246    0.00000000000000             4
   -0.40350877192982    0.35087719298246    0.00000000000000             4
   -0.38596491228070    0.35087719298246    0.00000000000000             4
   -0.36842105263158    0.35087719298246    0.00000000000000             4
   -0.35087719298246    0.35087719298246    0.00000000000000             2
    0.36842105263158    0.36842105263158    0.00000000000000             2
    0.38596491228070    0.36842105263158    0.00000000000000             4
    0.40350877192982    0.36842105263158    0.00000000000000             4
    0.42105263157895    0.36842105263158    0.00000000000000             4
    0.43859649122807    0.36842105263158    0.00000000000000             4
    0.45614035087719    0.36842105263158    0.00000000000000             4
    0.47368421052632    0.36842105263158    0.00000000000000             4
    0.49122807017544    0.36842105263158    0.00000000000000             4
   -0.49122807017544    0.36842105263158    0.00000000000000             4
   -0.47368421052631    0.36842105263158    0.00000000000000             4
   -0.45614035087719    0.36842105263158    0.00000000000000             4
   -0.43859649122807    0.36842105263158    0.00000000000000             4
   -0.42105263157894    0.36842105263158    0.00000000000000             4
   -0.40350877192982    0.36842105263158    0.00000000000000             4
   -0.38596491228070    0.36842105263158    0.00000000000000             4
   -0.36842105263158    0.36842105263158    0.00000000000000             2
    0.38596491228070    0.38596491228070    0.00000000000000             2
    0.40350877192982    0.38596491228070    0.00000000000000             4
    0.42105263157895    0.38596491228070    0.00000000000000             4
    0.43859649122807    0.38596491228070    0.00000000000000             4
    0.45614035087719    0.38596491228070    0.00000000000000             4
    0.47368421052632    0.38596491228070    0.00000000000000             4
    0.49122807017544    0.38596491228070    0.00000000000000             4
   -0.49122807017544    0.38596491228070    0.00000000000000             4
   -0.47368421052631    0.38596491228070    0.00000000000000             4
   -0.45614035087719    0.38596491228070    0.00000000000000             4
   -0.43859649122807    0.38596491228070    0.00000000000000             4
   -0.42105263157894    0.38596491228070    0.00000000000000             4
   -0.40350877192982    0.38596491228070    0.00000000000000             4
   -0.38596491228070    0.38596491228070    0.00000000000000             2
    0.40350877192982    0.40350877192982    0.00000000000000             2
    0.42105263157895    0.40350877192982    0.00000000000000             4
    0.43859649122807    0.40350877192982    0.00000000000000             4
    0.45614035087719    0.40350877192982    0.00000000000000             4
    0.47368421052632    0.40350877192982    0.00000000000000             4
    0.49122807017544    0.40350877192982    0.00000000000000             4
   -0.49122807017544    0.40350877192982    0.00000000000000             4
   -0.47368421052631    0.40350877192982    0.00000000000000             4
   -0.45614035087719    0.40350877192982    0.00000000000000             4
   -0.43859649122807    0.40350877192982    0.00000000000000             4
   -0.42105263157894    0.40350877192982    0.00000000000000             4
   -0.40350877192982    0.40350877192982    0.00000000000000             2
    0.42105263157895    0.42105263157895    0.00000000000000             2
    0.43859649122807    0.42105263157895    0.00000000000000             4
    0.45614035087719    0.42105263157895    0.00000000000000             4
    0.47368421052632    0.42105263157895    0.00000000000000             4
    0.49122807017544    0.42105263157895    0.00000000000000             4
   -0.49122807017544    0.42105263157895    0.00000000000000             4
   -0.47368421052631    0.42105263157895    0.00000000000000             4
   -0.45614035087719    0.42105263157895    0.00000000000000             4
   -0.43859649122807    0.42105263157895    0.00000000000000             4
   -0.42105263157894    0.42105263157895    0.00000000000000             2
    0.43859649122807    0.43859649122807    0.00000000000000             2
    0.45614035087719    0.43859649122807    0.00000000000000             4
    0.47368421052632    0.43859649122807    0.00000000000000             4
    0.49122807017544    0.43859649122807    0.00000000000000             4
   -0.49122807017544    0.43859649122807    0.00000000000000             4
   -0.47368421052631    0.43859649122807    0.00000000000000             4
   -0.45614035087719    0.43859649122807    0.00000000000000             4
   -0.43859649122807    0.43859649122807    0.00000000000000             2
    0.45614035087719    0.45614035087719    0.00000000000000             2
    0.47368421052632    0.45614035087719    0.00000000000000             4
    0.49122807017544    0.45614035087719    0.00000000000000             4
   -0.49122807017544    0.45614035087719    0.00000000000000             4
   -0.47368421052631    0.45614035087719    0.00000000000000             4
   -0.45614035087719    0.45614035087719    0.00000000000000             2
    0.47368421052632    0.47368421052632    0.00000000000000             2
    0.49122807017544    0.47368421052632    0.00000000000000             4
   -0.49122807017544    0.47368421052632    0.00000000000000             4
   -0.47368421052631    0.47368421052632    0.00000000000000             2
    0.49122807017544    0.49122807017544    0.00000000000000             2
   -0.49122807017544    0.49122807017544    0.00000000000000             2
