Automatically generated mesh
     528
Reciprocal lattice
    0.00000000000000    0.00000000000000    0.00000000000000             1
    0.04761904761905    0.00000000000000    0.00000000000000             6
    0.09523809523810    0.00000000000000    0.00000000000000             6
    0.14285714285715    0.00000000000000    0.00000000000000             6
    0.19047619047619    0.00000000000000    0.00000000000000             6
    0.23809523809524    0.00000000000000    0.00000000000000             6
    0.28571428571429    0.00000000000000    0.00000000000000             6
    0.33333333333334    0.00000000000000    0.00000000000000             6
    0.38095238095238    0.00000000000000    0.00000000000000             6
    0.42857142857143    0.00000000000000    0.00000000000000             6
    0.47619047619048    0.00000000000000    0.00000000000000             6
    0.04761904761905    0.04761904761905    0.00000000000000             6
    0.09523809523810    0.04761904761905    0.00000000000000            12
    0.14285714285715    0.04761904761905    0.00000000000000            12
    0.19047619047619    0.04761904761905    0.00000000000000            12
    0.23809523809524    0.04761904761905    0.00000000000000            12
    0.28571428571429    0.04761904761905    0.00000000000000            12
    0.33333333333334    0.04761904761905    0.00000000000000            12
    0.38095238095238    0.04761904761905    0.00000000000000            12
    0.42857142857143    0.04761904761905    0.00000000000000            12
    0.47619047619048    0.04761904761905    0.00000000000000             6
    0.09523809523810    0.09523809523810    0.00000000000000             6
    0.14285714285715    0.09523809523810    0.00000000000000            12
    0.19047619047619    0.09523809523810    0.00000000000000            12
    0.23809523809524    0.09523809523810    0.00000000000000            12
    0.28571428571429    0.09523809523810    0.00000000000000            12
    0.33333333333334    0.09523809523810    0.00000000000000            12
    0.38095238095238    0.09523809523810    0.00000000000000            12
    0.42857142857143    0.09523809523810    0.00000000000000            12
    0.14285714285715    0.14285714285715    0.00000000000000             6
    0.19047619047619    0.14285714285715    0.00000000000000            12
    0.23809523809524    0.14285714285715    0.00000000000000            12
    0.28571428571429    0.14285714285715    0.00000000000000            12
    0.33333333333334    0.14285714285715    0.00000000000000            12
    0.38095238095238    0.14285714285715    0.00000000000000            12
    0.42857142857143    0.14285714285715    0.00000000000000             6
    0.19047619047619    0.19047619047619    0.00000000000000             6
    0.23809523809524    0.19047619047619    0.00000000000000            12
    0.28571428571429    0.19047619047619    0.00000000000000            12
    0.33333333333334    0.19047619047619    0.00000000000000            12
    0.38095238095238    0.19047619047619    0.00000000000000            12
    0.23809523809524    0.23809523809524    0.00000000000000             6
    0.28571428571429    0.23809523809524    0.00000000000000            12
    0.33333333333334    0.23809523809524    0.00000000000000            12
    0.38095238095238    0.23809523809524    0.00000000000000             6
    0.28571428571429    0.28571428571429    0.00000000000000             6
    0.33333333333334    0.28571428571429    0.00000000000000            12
    0.33333333333334    0.33333333333334    0.00000000000000             2
    0.00000000000000    0.00000000000000    0.04761904761905             2
    0.04761904761905    0.00000000000000    0.04761904761905            12
    0.09523809523810    0.00000000000000    0.04761904761905            12
    0.14285714285715    0.00000000000000    0.04761904761905            12
    0.19047619047619    0.00000000000000    0.04761904761905            12
    0.23809523809524    0.00000000000000    0.04761904761905            12
    0.28571428571429    0.00000000000000    0.04761904761905            12
    0.33333333333334    0.00000000000000    0.04761904761905            12
    0.38095238095238    0.00000000000000    0.04761904761905            12
    0.42857142857143    0.00000000000000    0.04761904761905            12
    0.47619047619048    0.00000000000000    0.04761904761905            12
    0.04761904761905    0.04761904761905    0.04761904761905            12
    0.09523809523810    0.04761904761905    0.04761904761905            24
    0.14285714285715    0.04761904761905    0.04761904761905            24
    0.19047619047619    0.04761904761905    0.04761904761905            24
    0.23809523809524    0.04761904761905    0.04761904761905            24
    0.28571428571429    0.04761904761905    0.04761904761905            24
    0.33333333333334    0.04761904761905    0.04761904761905            24
    0.38095238095238    0.04761904761905    0.04761904761905            24
    0.42857142857143    0.04761904761905    0.04761904761905            24
    0.47619047619048    0.04761904761905    0.04761904761905            12
    0.09523809523810    0.09523809523810    0.04761904761905            12
    0.14285714285715    0.09523809523810    0.04761904761905            24
    0.19047619047619    0.09523809523810    0.04761904761905            24
    0.23809523809524    0.09523809523810    0.04761904761905            24
    0.28571428571429    0.09523809523810    0.04761904761905            24
    0.33333333333334    0.09523809523810    0.04761904761905            24
    0.38095238095238    0.09523809523810    0.04761904761905            24
    0.42857142857143    0.09523809523810    0.04761904761905            24
    0.14285714285715    0.14285714285715    0.04761904761905            12
    0.19047619047619    0.14285714285715    0.04761904761905            24
    0.23809523809524    0.14285714285715    0.04761904761905            24
    0.28571428571429    0.14285714285715    0.04761904761905            24
    0.33333333333334    0.14285714285715    0.04761904761905            24
    0.38095238095238    0.14285714285715    0.04761904761905            24
    0.42857142857143    0.14285714285715    0.04761904761905            12
    0.19047619047619    0.19047619047619    0.04761904761905            12
    0.23809523809524    0.19047619047619    0.04761904761905            24
    0.28571428571429    0.19047619047619    0.04761904761905            24
    0.33333333333334    0.19047619047619    0.04761904761905            24
    0.38095238095238    0.19047619047619    0.04761904761905            24
    0.23809523809524    0.23809523809524    0.04761904761905            12
    0.28571428571429    0.23809523809524    0.04761904761905            24
    0.33333333333334    0.23809523809524    0.04761904761905            24
    0.38095238095238    0.23809523809524    0.04761904761905            12
    0.28571428571429    0.28571428571429    0.04761904761905            12
    0.33333333333334    0.28571428571429    0.04761904761905            24
    0.33333333333334    0.33333333333334    0.04761904761905             4
    0.00000000000000    0.00000000000000    0.09523809523810             2
    0.04761904761905    0.00000000000000    0.09523809523810            12
    0.09523809523810    0.00000000000000    0.09523809523810            12
    0.14285714285715    0.00000000000000    0.09523809523810            12
    0.19047619047619    0.00000000000000    0.09523809523810            12
    0.23809523809524    0.00000000000000    0.09523809523810            12
    0.28571428571429    0.00000000000000    0.09523809523810            12
    0.33333333333334    0.00000000000000    0.09523809523810            12
    0.38095238095238    0.00000000000000    0.09523809523810            12
    0.42857142857143    0.00000000000000    0.09523809523810            12
    0.47619047619048    0.00000000000000    0.09523809523810            12
    0.04761904761905    0.04761904761905    0.09523809523810            12
    0.09523809523810    0.04761904761905    0.09523809523810            24
    0.14285714285715    0.04761904761905    0.09523809523810            24
    0.19047619047619    0.04761904761905    0.09523809523810            24
    0.23809523809524    0.04761904761905    0.09523809523810            24
    0.28571428571429    0.04761904761905    0.09523809523810            24
    0.33333333333334    0.04761904761905    0.09523809523810            24
    0.38095238095238    0.04761904761905    0.09523809523810            24
    0.42857142857143    0.04761904761905    0.09523809523810            24
    0.47619047619048    0.04761904761905    0.09523809523810            12
    0.09523809523810    0.09523809523810    0.09523809523810            12
    0.14285714285715    0.09523809523810    0.09523809523810            24
    0.19047619047619    0.09523809523810    0.09523809523810            24
    0.23809523809524    0.09523809523810    0.09523809523810            24
    0.28571428571429    0.09523809523810    0.09523809523810            24
    0.33333333333334    0.09523809523810    0.09523809523810            24
    0.38095238095238    0.09523809523810    0.09523809523810            24
    0.42857142857143    0.09523809523810    0.09523809523810            24
    0.14285714285715    0.14285714285715    0.09523809523810            12
    0.19047619047619    0.14285714285715    0.09523809523810            24
    0.23809523809524    0.14285714285715    0.09523809523810            24
    0.28571428571429    0.14285714285715    0.09523809523810            24
    0.33333333333334    0.14285714285715    0.09523809523810            24
    0.38095238095238    0.14285714285715    0.09523809523810            24
    0.42857142857143    0.14285714285715    0.09523809523810            12
    0.19047619047619    0.19047619047619    0.09523809523810            12
    0.23809523809524    0.19047619047619    0.09523809523810            24
    0.28571428571429    0.19047619047619    0.09523809523810            24
    0.33333333333334    0.19047619047619    0.09523809523810            24
    0.38095238095238    0.19047619047619    0.09523809523810            24
    0.23809523809524    0.23809523809524    0.09523809523810            12
    0.28571428571429    0.23809523809524    0.09523809523810            24
    0.33333333333334    0.23809523809524    0.09523809523810            24
    0.38095238095238    0.23809523809524    0.09523809523810            12
    0.28571428571429    0.28571428571429    0.09523809523810            12
    0.33333333333334    0.28571428571429    0.09523809523810            24
    0.33333333333334    0.33333333333334    0.09523809523810             4
    0.00000000000000    0.00000000000000    0.14285714285715             2
    0.04761904761905    0.00000000000000    0.14285714285715            12
    0.09523809523810    0.00000000000000    0.14285714285715            12
    0.14285714285715    0.00000000000000    0.14285714285715            12
    0.19047619047619    0.00000000000000    0.14285714285715            12
    0.23809523809524    0.00000000000000    0.14285714285715            12
    0.28571428571429    0.00000000000000    0.14285714285715            12
    0.33333333333334    0.00000000000000    0.14285714285715            12
    0.38095238095238    0.00000000000000    0.14285714285715            12
    0.42857142857143    0.00000000000000    0.14285714285715            12
    0.47619047619048    0.00000000000000    0.14285714285715            12
    0.04761904761905    0.04761904761905    0.14285714285715            12
    0.09523809523810    0.04761904761905    0.14285714285715            24
    0.14285714285715    0.04761904761905    0.14285714285715            24
    0.19047619047619    0.04761904761905    0.14285714285715            24
    0.23809523809524    0.04761904761905    0.14285714285715            24
    0.28571428571429    0.04761904761905    0.14285714285715            24
    0.33333333333334    0.04761904761905    0.14285714285715            24
    0.38095238095238    0.04761904761905    0.14285714285715            24
    0.42857142857143    0.04761904761905    0.14285714285715            24
    0.47619047619048    0.04761904761905    0.14285714285715            12
    0.09523809523810    0.09523809523810    0.14285714285715            12
    0.14285714285715    0.09523809523810    0.14285714285715            24
    0.19047619047619    0.09523809523810    0.14285714285715            24
    0.23809523809524    0.09523809523810    0.14285714285715            24
    0.28571428571429    0.09523809523810    0.14285714285715            24
    0.33333333333334    0.09523809523810    0.14285714285715            24
    0.38095238095238    0.09523809523810    0.14285714285715            24
    0.42857142857143    0.09523809523810    0.14285714285715            24
    0.14285714285715    0.14285714285715    0.14285714285715            12
    0.19047619047619    0.14285714285715    0.14285714285715            24
    0.23809523809524    0.14285714285715    0.14285714285715            24
    0.28571428571429    0.14285714285715    0.14285714285715            24
    0.33333333333334    0.14285714285715    0.14285714285715            24
    0.38095238095238    0.14285714285715    0.14285714285715            24
    0.42857142857143    0.14285714285715    0.14285714285715            12
    0.19047619047619    0.19047619047619    0.14285714285715            12
    0.23809523809524    0.19047619047619    0.14285714285715            24
    0.28571428571429    0.19047619047619    0.14285714285715            24
    0.33333333333334    0.19047619047619    0.14285714285715            24
    0.38095238095238    0.19047619047619    0.14285714285715            24
    0.23809523809524    0.23809523809524    0.14285714285715            12
    0.28571428571429    0.23809523809524    0.14285714285715            24
    0.33333333333334    0.23809523809524    0.14285714285715            24
    0.38095238095238    0.23809523809524    0.14285714285715            12
    0.28571428571429    0.28571428571429    0.14285714285715            12
    0.33333333333334    0.28571428571429    0.14285714285715            24
    0.33333333333334    0.33333333333334    0.14285714285715             4
    0.00000000000000    0.00000000000000    0.19047619047619             2
    0.04761904761905    0.00000000000000    0.19047619047619            12
    0.09523809523810    0.00000000000000    0.19047619047619            12
    0.14285714285715    0.00000000000000    0.19047619047619            12
    0.19047619047619    0.00000000000000    0.19047619047619            12
    0.23809523809524    0.00000000000000    0.19047619047619            12
    0.28571428571429    0.00000000000000    0.19047619047619            12
    0.33333333333334    0.00000000000000    0.19047619047619            12
    0.38095238095238    0.00000000000000    0.19047619047619            12
    0.42857142857143    0.00000000000000    0.19047619047619            12
    0.47619047619048    0.00000000000000    0.19047619047619            12
    0.04761904761905    0.04761904761905    0.19047619047619            12
    0.09523809523810    0.04761904761905    0.19047619047619            24
    0.14285714285715    0.04761904761905    0.19047619047619            24
    0.19047619047619    0.04761904761905    0.19047619047619            24
    0.23809523809524    0.04761904761905    0.19047619047619            24
    0.28571428571429    0.04761904761905    0.19047619047619            24
    0.33333333333334    0.04761904761905    0.19047619047619            24
    0.38095238095238    0.04761904761905    0.19047619047619            24
    0.42857142857143    0.04761904761905    0.19047619047619            24
    0.47619047619048    0.04761904761905    0.19047619047619            12
    0.09523809523810    0.09523809523810    0.19047619047619            12
    0.14285714285715    0.09523809523810    0.19047619047619            24
    0.19047619047619    0.09523809523810    0.19047619047619            24
    0.23809523809524    0.09523809523810    0.19047619047619            24
    0.28571428571429    0.09523809523810    0.19047619047619            24
    0.33333333333334    0.09523809523810    0.19047619047619            24
    0.38095238095238    0.09523809523810    0.19047619047619            24
    0.42857142857143    0.09523809523810    0.19047619047619            24
    0.14285714285715    0.14285714285715    0.19047619047619            12
    0.19047619047619    0.14285714285715    0.19047619047619            24
    0.23809523809524    0.14285714285715    0.19047619047619            24
    0.28571428571429    0.14285714285715    0.19047619047619            24
    0.33333333333334    0.14285714285715    0.19047619047619            24
    0.38095238095238    0.14285714285715    0.19047619047619            24
    0.42857142857143    0.14285714285715    0.19047619047619            12
    0.19047619047619    0.19047619047619    0.19047619047619            12
    0.23809523809524    0.19047619047619    0.19047619047619            24
    0.28571428571429    0.19047619047619    0.19047619047619            24
    0.33333333333334    0.19047619047619    0.19047619047619            24
    0.38095238095238    0.19047619047619    0.19047619047619            24
    0.23809523809524    0.23809523809524    0.19047619047619            12
    0.28571428571429    0.23809523809524    0.19047619047619            24
    0.33333333333334    0.23809523809524    0.19047619047619            24
    0.38095238095238    0.23809523809524    0.19047619047619            12
    0.28571428571429    0.28571428571429    0.19047619047619            12
    0.33333333333334    0.28571428571429    0.19047619047619            24
    0.33333333333334    0.33333333333334    0.19047619047619             4
    0.00000000000000    0.00000000000000    0.23809523809524             2
    0.04761904761905    0.00000000000000    0.23809523809524            12
    0.09523809523810    0.00000000000000    0.23809523809524            12
    0.14285714285715    0.00000000000000    0.23809523809524            12
    0.19047619047619    0.00000000000000    0.23809523809524            12
    0.23809523809524    0.00000000000000    0.23809523809524            12
    0.28571428571429    0.00000000000000    0.23809523809524            12
    0.33333333333334    0.00000000000000    0.23809523809524            12
    0.38095238095238    0.00000000000000    0.23809523809524            12
    0.42857142857143    0.00000000000000    0.23809523809524            12
    0.47619047619048    0.00000000000000    0.23809523809524            12
    0.04761904761905    0.04761904761905    0.23809523809524            12
    0.09523809523810    0.04761904761905    0.23809523809524            24
    0.14285714285715    0.04761904761905    0.23809523809524            24
    0.19047619047619    0.04761904761905    0.23809523809524            24
    0.23809523809524    0.04761904761905    0.23809523809524            24
    0.28571428571429    0.04761904761905    0.23809523809524            24
    0.33333333333334    0.04761904761905    0.23809523809524            24
    0.38095238095238    0.04761904761905    0.23809523809524            24
    0.42857142857143    0.04761904761905    0.23809523809524            24
    0.47619047619048    0.04761904761905    0.23809523809524            12
    0.09523809523810    0.09523809523810    0.23809523809524            12
    0.14285714285715    0.09523809523810    0.23809523809524            24
    0.19047619047619    0.09523809523810    0.23809523809524            24
    0.23809523809524    0.09523809523810    0.23809523809524            24
    0.28571428571429    0.09523809523810    0.23809523809524            24
    0.33333333333334    0.09523809523810    0.23809523809524            24
    0.38095238095238    0.09523809523810    0.23809523809524            24
    0.42857142857143    0.09523809523810    0.23809523809524            24
    0.14285714285715    0.14285714285715    0.23809523809524            12
    0.19047619047619    0.14285714285715    0.23809523809524            24
    0.23809523809524    0.14285714285715    0.23809523809524            24
    0.28571428571429    0.14285714285715    0.23809523809524            24
    0.33333333333334    0.14285714285715    0.23809523809524            24
    0.38095238095238    0.14285714285715    0.23809523809524            24
    0.42857142857143    0.14285714285715    0.23809523809524            12
    0.19047619047619    0.19047619047619    0.23809523809524            12
    0.23809523809524    0.19047619047619    0.23809523809524            24
    0.28571428571429    0.19047619047619    0.23809523809524            24
    0.33333333333334    0.19047619047619    0.23809523809524            24
    0.38095238095238    0.19047619047619    0.23809523809524            24
    0.23809523809524    0.23809523809524    0.23809523809524            12
    0.28571428571429    0.23809523809524    0.23809523809524            24
    0.33333333333334    0.23809523809524    0.23809523809524            24
    0.38095238095238    0.23809523809524    0.23809523809524            12
    0.28571428571429    0.28571428571429    0.23809523809524            12
    0.33333333333334    0.28571428571429    0.23809523809524            24
    0.33333333333334    0.33333333333334    0.23809523809524             4
    0.00000000000000    0.00000000000000    0.28571428571429             2
    0.04761904761905    0.00000000000000    0.28571428571429            12
    0.09523809523810    0.00000000000000    0.28571428571429            12
    0.14285714285715    0.00000000000000    0.28571428571429            12
    0.19047619047619    0.00000000000000    0.28571428571429            12
    0.23809523809524    0.00000000000000    0.28571428571429            12
    0.28571428571429    0.00000000000000    0.28571428571429            12
    0.33333333333334    0.00000000000000    0.28571428571429            12
    0.38095238095238    0.00000000000000    0.28571428571429            12
    0.42857142857143    0.00000000000000    0.28571428571429            12
    0.47619047619048    0.00000000000000    0.28571428571429            12
    0.04761904761905    0.04761904761905    0.28571428571429            12
    0.09523809523810    0.04761904761905    0.28571428571429            24
    0.14285714285715    0.04761904761905    0.28571428571429            24
    0.19047619047619    0.04761904761905    0.28571428571429            24
    0.23809523809524    0.04761904761905    0.28571428571429            24
    0.28571428571429    0.04761904761905    0.28571428571429            24
    0.33333333333334    0.04761904761905    0.28571428571429            24
    0.38095238095238    0.04761904761905    0.28571428571429            24
    0.42857142857143    0.04761904761905    0.28571428571429            24
    0.47619047619048    0.04761904761905    0.28571428571429            12
    0.09523809523810    0.09523809523810    0.28571428571429            12
    0.14285714285715    0.09523809523810    0.28571428571429            24
    0.19047619047619    0.09523809523810    0.28571428571429            24
    0.23809523809524    0.09523809523810    0.28571428571429            24
    0.28571428571429    0.09523809523810    0.28571428571429            24
    0.33333333333334    0.09523809523810    0.28571428571429            24
    0.38095238095238    0.09523809523810    0.28571428571429            24
    0.42857142857143    0.09523809523810    0.28571428571429            24
    0.14285714285715    0.14285714285715    0.28571428571429            12
    0.19047619047619    0.14285714285715    0.28571428571429            24
    0.23809523809524    0.14285714285715    0.28571428571429            24
    0.28571428571429    0.14285714285715    0.28571428571429            24
    0.33333333333334    0.14285714285715    0.28571428571429            24
    0.38095238095238    0.14285714285715    0.28571428571429            24
    0.42857142857143    0.14285714285715    0.28571428571429            12
    0.19047619047619    0.19047619047619    0.28571428571429            12
    0.23809523809524    0.19047619047619    0.28571428571429            24
    0.28571428571429    0.19047619047619    0.28571428571429            24
    0.33333333333334    0.19047619047619    0.28571428571429            24
    0.38095238095238    0.19047619047619    0.28571428571429            24
    0.23809523809524    0.23809523809524    0.28571428571429            12
    0.28571428571429    0.23809523809524    0.28571428571429            24
    0.33333333333334    0.23809523809524    0.28571428571429            24
    0.38095238095238    0.23809523809524    0.28571428571429            12
    0.28571428571429    0.28571428571429    0.28571428571429            12
    0.33333333333334    0.28571428571429    0.28571428571429            24
    0.33333333333334    0.33333333333334    0.28571428571429             4
    0.00000000000000    0.00000000000000    0.33333333333334             2
    0.04761904761905    0.00000000000000    0.33333333333334            12
    0.09523809523810    0.00000000000000    0.33333333333334            12
    0.14285714285715    0.00000000000000    0.33333333333334            12
    0.19047619047619    0.00000000000000    0.33333333333334            12
    0.23809523809524    0.00000000000000    0.33333333333334            12
    0.28571428571429    0.00000000000000    0.33333333333334            12
    0.33333333333334    0.00000000000000    0.33333333333334            12
    0.38095238095238    0.00000000000000    0.33333333333334            12
    0.42857142857143    0.00000000000000    0.33333333333334            12
    0.47619047619048    0.00000000000000    0.33333333333334            12
    0.04761904761905    0.04761904761905    0.33333333333334            12
    0.09523809523810    0.04761904761905    0.33333333333334            24
    0.14285714285715    0.04761904761905    0.33333333333334            24
    0.19047619047619    0.04761904761905    0.33333333333334            24
    0.23809523809524    0.04761904761905    0.33333333333334            24
    0.28571428571429    0.04761904761905    0.33333333333334            24
    0.33333333333334    0.04761904761905    0.33333333333334            24
    0.38095238095238    0.04761904761905    0.33333333333334            24
    0.42857142857143    0.04761904761905    0.33333333333334            24
    0.47619047619048    0.04761904761905    0.33333333333334            12
    0.09523809523810    0.09523809523810    0.33333333333334            12
    0.14285714285715    0.09523809523810    0.33333333333334            24
    0.19047619047619    0.09523809523810    0.33333333333334            24
    0.23809523809524    0.09523809523810    0.33333333333334            24
    0.28571428571429    0.09523809523810    0.33333333333334            24
    0.33333333333334    0.09523809523810    0.33333333333334            24
    0.38095238095238    0.09523809523810    0.33333333333334            24
    0.42857142857143    0.09523809523810    0.33333333333334            24
    0.14285714285715    0.14285714285715    0.33333333333334            12
    0.19047619047619    0.14285714285715    0.33333333333334            24
    0.23809523809524    0.14285714285715    0.33333333333334            24
    0.28571428571429    0.14285714285715    0.33333333333334            24
    0.33333333333334    0.14285714285715    0.33333333333334            24
    0.38095238095238    0.14285714285715    0.33333333333334            24
    0.42857142857143    0.14285714285715    0.33333333333334            12
    0.19047619047619    0.19047619047619    0.33333333333334            12
    0.23809523809524    0.19047619047619    0.33333333333334            24
    0.28571428571429    0.19047619047619    0.33333333333334            24
    0.33333333333334    0.19047619047619    0.33333333333334            24
    0.38095238095238    0.19047619047619    0.33333333333334            24
    0.23809523809524    0.23809523809524    0.33333333333334            12
    0.28571428571429    0.23809523809524    0.33333333333334            24
    0.33333333333334    0.23809523809524    0.33333333333334            24
    0.38095238095238    0.23809523809524    0.33333333333334            12
    0.28571428571429    0.28571428571429    0.33333333333334            12
    0.33333333333334    0.28571428571429    0.33333333333334            24
    0.33333333333334    0.33333333333334    0.33333333333334             4
    0.00000000000000    0.00000000000000    0.38095238095238             2
    0.04761904761905    0.00000000000000    0.38095238095238            12
    0.09523809523810    0.00000000000000    0.38095238095238            12
    0.14285714285715    0.00000000000000    0.38095238095238            12
    0.19047619047619    0.00000000000000    0.38095238095238            12
    0.23809523809524    0.00000000000000    0.38095238095238            12
    0.28571428571429    0.00000000000000    0.38095238095238            12
    0.33333333333334    0.00000000000000    0.38095238095238            12
    0.38095238095238    0.00000000000000    0.38095238095238            12
    0.42857142857143    0.00000000000000    0.38095238095238            12
    0.47619047619048    0.00000000000000    0.38095238095238            12
    0.04761904761905    0.04761904761905    0.38095238095238            12
    0.09523809523810    0.04761904761905    0.38095238095238            24
    0.14285714285715    0.04761904761905    0.38095238095238            24
    0.19047619047619    0.04761904761905    0.38095238095238            24
    0.23809523809524    0.04761904761905    0.38095238095238            24
    0.28571428571429    0.04761904761905    0.38095238095238            24
    0.33333333333334    0.04761904761905    0.38095238095238            24
    0.38095238095238    0.04761904761905    0.38095238095238            24
    0.42857142857143    0.04761904761905    0.38095238095238            24
    0.47619047619048    0.04761904761905    0.38095238095238            12
    0.09523809523810    0.09523809523810    0.38095238095238            12
    0.14285714285715    0.09523809523810    0.38095238095238            24
    0.19047619047619    0.09523809523810    0.38095238095238            24
    0.23809523809524    0.09523809523810    0.38095238095238            24
    0.28571428571429    0.09523809523810    0.38095238095238            24
    0.33333333333334    0.09523809523810    0.38095238095238            24
    0.38095238095238    0.09523809523810    0.38095238095238            24
    0.42857142857143    0.09523809523810    0.38095238095238            24
    0.14285714285715    0.14285714285715    0.38095238095238            12
    0.19047619047619    0.14285714285715    0.38095238095238            24
    0.23809523809524    0.14285714285715    0.38095238095238            24
    0.28571428571429    0.14285714285715    0.38095238095238            24
    0.33333333333334    0.14285714285715    0.38095238095238            24
    0.38095238095238    0.14285714285715    0.38095238095238            24
    0.42857142857143    0.14285714285715    0.38095238095238            12
    0.19047619047619    0.19047619047619    0.38095238095238            12
    0.23809523809524    0.19047619047619    0.38095238095238            24
    0.28571428571429    0.19047619047619    0.38095238095238            24
    0.33333333333334    0.19047619047619    0.38095238095238            24
    0.38095238095238    0.19047619047619    0.38095238095238            24
    0.23809523809524    0.23809523809524    0.38095238095238            12
    0.28571428571429    0.23809523809524    0.38095238095238            24
    0.33333333333334    0.23809523809524    0.38095238095238            24
    0.38095238095238    0.23809523809524    0.38095238095238            12
    0.28571428571429    0.28571428571429    0.38095238095238            12
    0.33333333333334    0.28571428571429    0.38095238095238            24
    0.33333333333334    0.33333333333334    0.38095238095238             4
    0.00000000000000    0.00000000000000    0.42857142857143             2
    0.04761904761905    0.00000000000000    0.42857142857143            12
    0.09523809523810    0.00000000000000    0.42857142857143            12
    0.14285714285715    0.00000000000000    0.42857142857143            12
    0.19047619047619    0.00000000000000    0.42857142857143            12
    0.23809523809524    0.00000000000000    0.42857142857143            12
    0.28571428571429    0.00000000000000    0.42857142857143            12
    0.33333333333334    0.00000000000000    0.42857142857143            12
    0.38095238095238    0.00000000000000    0.42857142857143            12
    0.42857142857143    0.00000000000000    0.42857142857143            12
    0.47619047619048    0.00000000000000    0.42857142857143            12
    0.04761904761905    0.04761904761905    0.42857142857143            12
    0.09523809523810    0.04761904761905    0.42857142857143            24
    0.14285714285715    0.04761904761905    0.42857142857143            24
    0.19047619047619    0.04761904761905    0.42857142857143            24
    0.23809523809524    0.04761904761905    0.42857142857143            24
    0.28571428571429    0.04761904761905    0.42857142857143            24
    0.33333333333334    0.04761904761905    0.42857142857143            24
    0.38095238095238    0.04761904761905    0.42857142857143            24
    0.42857142857143    0.04761904761905    0.42857142857143            24
    0.47619047619048    0.04761904761905    0.42857142857143            12
    0.09523809523810    0.09523809523810    0.42857142857143            12
    0.14285714285715    0.09523809523810    0.42857142857143            24
    0.19047619047619    0.09523809523810    0.42857142857143            24
    0.23809523809524    0.09523809523810    0.42857142857143            24
    0.28571428571429    0.09523809523810    0.42857142857143            24
    0.33333333333334    0.09523809523810    0.42857142857143            24
    0.38095238095238    0.09523809523810    0.42857142857143            24
    0.42857142857143    0.09523809523810    0.42857142857143            24
    0.14285714285715    0.14285714285715    0.42857142857143            12
    0.19047619047619    0.14285714285715    0.42857142857143            24
    0.23809523809524    0.14285714285715    0.42857142857143            24
    0.28571428571429    0.14285714285715    0.42857142857143            24
    0.33333333333334    0.14285714285715    0.42857142857143            24
    0.38095238095238    0.14285714285715    0.42857142857143            24
    0.42857142857143    0.14285714285715    0.42857142857143            12
    0.19047619047619    0.19047619047619    0.42857142857143            12
    0.23809523809524    0.19047619047619    0.42857142857143            24
    0.28571428571429    0.19047619047619    0.42857142857143            24
    0.33333333333334    0.19047619047619    0.42857142857143            24
    0.38095238095238    0.19047619047619    0.42857142857143            24
    0.23809523809524    0.23809523809524    0.42857142857143            12
    0.28571428571429    0.23809523809524    0.42857142857143            24
    0.33333333333334    0.23809523809524    0.42857142857143            24
    0.38095238095238    0.23809523809524    0.42857142857143            12
    0.28571428571429    0.28571428571429    0.42857142857143            12
    0.33333333333334    0.28571428571429    0.42857142857143            24
    0.33333333333334    0.33333333333334    0.42857142857143             4
    0.00000000000000    0.00000000000000    0.47619047619048             2
    0.04761904761905    0.00000000000000    0.47619047619048            12
    0.09523809523810    0.00000000000000    0.47619047619048            12
    0.14285714285715    0.00000000000000    0.47619047619048            12
    0.19047619047619    0.00000000000000    0.47619047619048            12
    0.23809523809524    0.00000000000000    0.47619047619048            12
    0.28571428571429    0.00000000000000    0.47619047619048            12
    0.33333333333334    0.00000000000000    0.47619047619048            12
    0.38095238095238    0.00000000000000    0.47619047619048            12
    0.42857142857143    0.00000000000000    0.47619047619048            12
    0.47619047619048    0.00000000000000    0.47619047619048            12
    0.04761904761905    0.04761904761905    0.47619047619048            12
    0.09523809523810    0.04761904761905    0.47619047619048            24
    0.14285714285715    0.04761904761905    0.47619047619048            24
    0.19047619047619    0.04761904761905    0.47619047619048            24
    0.23809523809524    0.04761904761905    0.47619047619048            24
    0.28571428571429    0.04761904761905    0.47619047619048            24
    0.33333333333334    0.04761904761905    0.47619047619048            24
    0.38095238095238    0.04761904761905    0.47619047619048            24
    0.42857142857143    0.04761904761905    0.47619047619048            24
    0.47619047619048    0.04761904761905    0.47619047619048            12
    0.09523809523810    0.09523809523810    0.47619047619048            12
    0.14285714285715    0.09523809523810    0.47619047619048            24
    0.19047619047619    0.09523809523810    0.47619047619048            24
    0.23809523809524    0.09523809523810    0.47619047619048            24
    0.28571428571429    0.09523809523810    0.47619047619048            24
    0.33333333333334    0.09523809523810    0.47619047619048            24
    0.38095238095238    0.09523809523810    0.47619047619048            24
    0.42857142857143    0.09523809523810    0.47619047619048            24
    0.14285714285715    0.14285714285715    0.47619047619048            12
    0.19047619047619    0.14285714285715    0.47619047619048            24
    0.23809523809524    0.14285714285715    0.47619047619048            24
    0.28571428571429    0.14285714285715    0.47619047619048            24
    0.33333333333334    0.14285714285715    0.47619047619048            24
    0.38095238095238    0.14285714285715    0.47619047619048            24
    0.42857142857143    0.14285714285715    0.47619047619048            12
    0.19047619047619    0.19047619047619    0.47619047619048            12
    0.23809523809524    0.19047619047619    0.47619047619048            24
    0.28571428571429    0.19047619047619    0.47619047619048            24
    0.33333333333334    0.19047619047619    0.47619047619048            24
    0.38095238095238    0.19047619047619    0.47619047619048            24
    0.23809523809524    0.23809523809524    0.47619047619048            12
    0.28571428571429    0.23809523809524    0.47619047619048            24
    0.33333333333334    0.23809523809524    0.47619047619048            24
    0.38095238095238    0.23809523809524    0.47619047619048            12
    0.28571428571429    0.28571428571429    0.47619047619048            12
    0.33333333333334    0.28571428571429    0.47619047619048            24
    0.33333333333334    0.33333333333334    0.47619047619048             4
