    1   27    1
  9.013
    1    1  0.0150  0.0000  0.0000
 -0.123561645996   0.000000006800  -0.000000006800
  0.013001841347  -0.012078465513  -0.012078464082
  0.013001895460  -0.012078358700  -0.012078357269
  0.013001886153  -0.012078362689   0.012078362689
  0.004650011703  -0.000000000256   0.000000245176
  0.003543194680  -0.003870767164   0.000000000834
  0.013001832040  -0.012078469501   0.012078469501
  0.003542497270  -0.003870907081   0.000000000834
  0.004650011703  -0.000000000256  -0.000000244664
  0.013001888812   0.012078361258  -0.012078361258
  0.004650011703   0.000000244664   0.000000000256
  0.003543195106   0.000000000444  -0.003870766774
 -0.006565127945   0.000000000361  -0.000000000361
  0.013001879506   0.012078357269   0.012078358700
 -0.003566384173   0.000000088855   0.000000088462
 -0.003566384173   0.000000088855  -0.000000088855
  0.003543192123  -0.000000000834   0.003870767164
  0.003542495139   0.003870906691  -0.000000000444
  0.013001834699   0.012078468070  -0.012078468070
  0.003542497696   0.000000000444  -0.003870906691
  0.004650011703  -0.000000245176   0.000000000256
 -0.003566384173  -0.000000088463   0.000000088463
  0.003543192549   0.003870766774  -0.000000000444
  0.003542494713  -0.000000000834   0.003870907081
 -0.006565378864   0.000000000361  -0.000000000361
 -0.003566384173  -0.000000088462  -0.000000088855
  0.013001825393   0.012078464082   0.012078465513
