 4  
 1  
 4
 1  0  0    0  1  0    0  0  1       0.000000   0.000000   0.000000        1.000000    0.000000      0.000000    0.000000      0.000000    0.000000      1.000000    0.000000
-1  0  0    0 -1  0    0  0 -1       0.000000   0.000000   0.200000        1.000000    0.000000      0.000000    0.000000      0.000000    0.000000      1.000000    0.000000
 0  1  0    1  0  0    0  0 -1       0.000000   0.000000   0.200000        0.000000    0.000000     -1.000000    0.000000      1.000000    0.000000      0.000000    0.000000
 0 -1  0   -1  0  0    0  0  1       0.000000   0.000000   0.000000        0.000000    0.000000     -1.000000    0.000000      1.000000    0.000000      0.000000    0.000000
  4  
  0.000000     0.000000     0.000000
  0.500000     0.000000     0.000000
  0.000000     0.500000     0.000000
  0.500000     0.500000     0.000000
4 
 1  2  3  4 
        1         2   -14.9772   2.000069    -0.000000     2.000068     0.000000    -0.000000     0.000003     0.000000     0.000003 
        3         2   -10.4759   2.000045     0.000000    -2.000044    -0.000000    -0.000000     0.000000     0.000000    -0.000000 
2 
 1  2 
        1         2   -10.0918   2.000052    -0.000000    -2.000052    -0.000000 
        3         2    -6.0026   2.000075     0.000000     2.000075     0.000000 
2 
 1  2 
        1         2   -10.0918   2.000052    -0.000000    -2.000052     0.000000 
        3         2    -6.0026   2.000075     0.000000     2.000075     0.000000 
4 
 1  2  3  4 
        1         2   -10.0916   2.000043     0.000000    -2.000043    -0.000000     0.000000    -0.000000     0.000000     0.000000 
        3         2    -6.0027   2.000088     0.000000     2.000088     0.000000     0.000000     0.000000     0.000000    -0.000000 
