Automatically generated mesh
    1183
Reciprocal lattice
    0.00000000000000    0.00000000000000    0.00000000000000             1
    0.04000000000000    0.00000000000000    0.00000000000000             4
    0.08000000000000    0.00000000000000    0.00000000000000             4
    0.12000000000000    0.00000000000000    0.00000000000000             4
    0.16000000000000    0.00000000000000    0.00000000000000             4
    0.20000000000000    0.00000000000000    0.00000000000000             4
    0.24000000000000    0.00000000000000    0.00000000000000             4
    0.28000000000000    0.00000000000000    0.00000000000000             4
    0.32000000000000    0.00000000000000    0.00000000000000             4
    0.36000000000000    0.00000000000000    0.00000000000000             4
    0.40000000000000    0.00000000000000    0.00000000000000             4
    0.44000000000000    0.00000000000000    0.00000000000000             4
    0.48000000000000    0.00000000000000    0.00000000000000             4
    0.04000000000000    0.04000000000000    0.00000000000000             4
    0.08000000000000    0.04000000000000    0.00000000000000             8
    0.12000000000000    0.04000000000000    0.00000000000000             8
    0.16000000000000    0.04000000000000    0.00000000000000             8
    0.20000000000000    0.04000000000000    0.00000000000000             8
    0.24000000000000    0.04000000000000    0.00000000000000             8
    0.28000000000000    0.04000000000000    0.00000000000000             8
    0.32000000000000    0.04000000000000    0.00000000000000             8
    0.36000000000000    0.04000000000000    0.00000000000000             8
    0.40000000000000    0.04000000000000    0.00000000000000             8
    0.44000000000000    0.04000000000000    0.00000000000000             8
    0.48000000000000    0.04000000000000    0.00000000000000             8
    0.08000000000000    0.08000000000000    0.00000000000000             4
    0.12000000000000    0.08000000000000    0.00000000000000             8
    0.16000000000000    0.08000000000000    0.00000000000000             8
    0.20000000000000    0.08000000000000    0.00000000000000             8
    0.24000000000000    0.08000000000000    0.00000000000000             8
    0.28000000000000    0.08000000000000    0.00000000000000             8
    0.32000000000000    0.08000000000000    0.00000000000000             8
    0.36000000000000    0.08000000000000    0.00000000000000             8
    0.40000000000000    0.08000000000000    0.00000000000000             8
    0.44000000000000    0.08000000000000    0.00000000000000             8
    0.48000000000000    0.08000000000000    0.00000000000000             8
    0.12000000000000    0.12000000000000    0.00000000000000             4
    0.16000000000000    0.12000000000000    0.00000000000000             8
    0.20000000000000    0.12000000000000    0.00000000000000             8
    0.24000000000000    0.12000000000000    0.00000000000000             8
    0.28000000000000    0.12000000000000    0.00000000000000             8
    0.32000000000000    0.12000000000000    0.00000000000000             8
    0.36000000000000    0.12000000000000    0.00000000000000             8
    0.40000000000000    0.12000000000000    0.00000000000000             8
    0.44000000000000    0.12000000000000    0.00000000000000             8
    0.48000000000000    0.12000000000000    0.00000000000000             8
    0.16000000000000    0.16000000000000    0.00000000000000             4
    0.20000000000000    0.16000000000000    0.00000000000000             8
    0.24000000000000    0.16000000000000    0.00000000000000             8
    0.28000000000000    0.16000000000000    0.00000000000000             8
    0.32000000000000    0.16000000000000    0.00000000000000             8
    0.36000000000000    0.16000000000000    0.00000000000000             8
    0.40000000000000    0.16000000000000    0.00000000000000             8
    0.44000000000000    0.16000000000000    0.00000000000000             8
    0.48000000000000    0.16000000000000    0.00000000000000             8
    0.20000000000000    0.20000000000000    0.00000000000000             4
    0.24000000000000    0.20000000000000    0.00000000000000             8
    0.28000000000000    0.20000000000000    0.00000000000000             8
    0.32000000000000    0.20000000000000    0.00000000000000             8
    0.36000000000000    0.20000000000000    0.00000000000000             8
    0.40000000000000    0.20000000000000    0.00000000000000             8
    0.44000000000000    0.20000000000000    0.00000000000000             8
    0.48000000000000    0.20000000000000    0.00000000000000             8
    0.24000000000000    0.24000000000000    0.00000000000000             4
    0.28000000000000    0.24000000000000    0.00000000000000             8
    0.32000000000000    0.24000000000000    0.00000000000000             8
    0.36000000000000    0.24000000000000    0.00000000000000             8
    0.40000000000000    0.24000000000000    0.00000000000000             8
    0.44000000000000    0.24000000000000    0.00000000000000             8
    0.48000000000000    0.24000000000000    0.00000000000000             8
    0.28000000000000    0.28000000000000    0.00000000000000             4
    0.32000000000000    0.28000000000000    0.00000000000000             8
    0.36000000000000    0.28000000000000    0.00000000000000             8
    0.40000000000000    0.28000000000000    0.00000000000000             8
    0.44000000000000    0.28000000000000    0.00000000000000             8
    0.48000000000000    0.28000000000000    0.00000000000000             8
    0.32000000000000    0.32000000000000    0.00000000000000             4
    0.36000000000000    0.32000000000000    0.00000000000000             8
    0.40000000000000    0.32000000000000    0.00000000000000             8
    0.44000000000000    0.32000000000000    0.00000000000000             8
    0.48000000000000    0.32000000000000    0.00000000000000             8
    0.36000000000000    0.36000000000000    0.00000000000000             4
    0.40000000000000    0.36000000000000    0.00000000000000             8
    0.44000000000000    0.36000000000000    0.00000000000000             8
    0.48000000000000    0.36000000000000    0.00000000000000             8
    0.40000000000000    0.40000000000000    0.00000000000000             4
    0.44000000000000    0.40000000000000    0.00000000000000             8
    0.48000000000000    0.40000000000000    0.00000000000000             8
    0.44000000000000    0.44000000000000    0.00000000000000             4
    0.48000000000000    0.44000000000000    0.00000000000000             8
    0.48000000000000    0.48000000000000    0.00000000000000             4
    0.00000000000000    0.00000000000000    0.04000000000000             2
    0.04000000000000    0.00000000000000    0.04000000000000             8
    0.08000000000000    0.00000000000000    0.04000000000000             8
    0.12000000000000    0.00000000000000    0.04000000000000             8
    0.16000000000000    0.00000000000000    0.04000000000000             8
    0.20000000000000    0.00000000000000    0.04000000000000             8
    0.24000000000000    0.00000000000000    0.04000000000000             8
    0.28000000000000    0.00000000000000    0.04000000000000             8
    0.32000000000000    0.00000000000000    0.04000000000000             8
    0.36000000000000    0.00000000000000    0.04000000000000             8
    0.40000000000000    0.00000000000000    0.04000000000000             8
    0.44000000000000    0.00000000000000    0.04000000000000             8
    0.48000000000000    0.00000000000000    0.04000000000000             8
    0.04000000000000    0.04000000000000    0.04000000000000             8
    0.08000000000000    0.04000000000000    0.04000000000000            16
    0.12000000000000    0.04000000000000    0.04000000000000            16
    0.16000000000000    0.04000000000000    0.04000000000000            16
    0.20000000000000    0.04000000000000    0.04000000000000            16
    0.24000000000000    0.04000000000000    0.04000000000000            16
    0.28000000000000    0.04000000000000    0.04000000000000            16
    0.32000000000000    0.04000000000000    0.04000000000000            16
    0.36000000000000    0.04000000000000    0.04000000000000            16
    0.40000000000000    0.04000000000000    0.04000000000000            16
    0.44000000000000    0.04000000000000    0.04000000000000            16
    0.48000000000000    0.04000000000000    0.04000000000000            16
    0.08000000000000    0.08000000000000    0.04000000000000             8
    0.12000000000000    0.08000000000000    0.04000000000000            16
    0.16000000000000    0.08000000000000    0.04000000000000            16
    0.20000000000000    0.08000000000000    0.04000000000000            16
    0.24000000000000    0.08000000000000    0.04000000000000            16
    0.28000000000000    0.08000000000000    0.04000000000000            16
    0.32000000000000    0.08000000000000    0.04000000000000            16
    0.36000000000000    0.08000000000000    0.04000000000000            16
    0.40000000000000    0.08000000000000    0.04000000000000            16
    0.44000000000000    0.08000000000000    0.04000000000000            16
    0.48000000000000    0.08000000000000    0.04000000000000            16
    0.12000000000000    0.12000000000000    0.04000000000000             8
    0.16000000000000    0.12000000000000    0.04000000000000            16
    0.20000000000000    0.12000000000000    0.04000000000000            16
    0.24000000000000    0.12000000000000    0.04000000000000            16
    0.28000000000000    0.12000000000000    0.04000000000000            16
    0.32000000000000    0.12000000000000    0.04000000000000            16
    0.36000000000000    0.12000000000000    0.04000000000000            16
    0.40000000000000    0.12000000000000    0.04000000000000            16
    0.44000000000000    0.12000000000000    0.04000000000000            16
    0.48000000000000    0.12000000000000    0.04000000000000            16
    0.16000000000000    0.16000000000000    0.04000000000000             8
    0.20000000000000    0.16000000000000    0.04000000000000            16
    0.24000000000000    0.16000000000000    0.04000000000000            16
    0.28000000000000    0.16000000000000    0.04000000000000            16
    0.32000000000000    0.16000000000000    0.04000000000000            16
    0.36000000000000    0.16000000000000    0.04000000000000            16
    0.40000000000000    0.16000000000000    0.04000000000000            16
    0.44000000000000    0.16000000000000    0.04000000000000            16
    0.48000000000000    0.16000000000000    0.04000000000000            16
    0.20000000000000    0.20000000000000    0.04000000000000             8
    0.24000000000000    0.20000000000000    0.04000000000000            16
    0.28000000000000    0.20000000000000    0.04000000000000            16
    0.32000000000000    0.20000000000000    0.04000000000000            16
    0.36000000000000    0.20000000000000    0.04000000000000            16
    0.40000000000000    0.20000000000000    0.04000000000000            16
    0.44000000000000    0.20000000000000    0.04000000000000            16
    0.48000000000000    0.20000000000000    0.04000000000000            16
    0.24000000000000    0.24000000000000    0.04000000000000             8
    0.28000000000000    0.24000000000000    0.04000000000000            16
    0.32000000000000    0.24000000000000    0.04000000000000            16
    0.36000000000000    0.24000000000000    0.04000000000000            16
    0.40000000000000    0.24000000000000    0.04000000000000            16
    0.44000000000000    0.24000000000000    0.04000000000000            16
    0.48000000000000    0.24000000000000    0.04000000000000            16
    0.28000000000000    0.28000000000000    0.04000000000000             8
    0.32000000000000    0.28000000000000    0.04000000000000            16
    0.36000000000000    0.28000000000000    0.04000000000000            16
    0.40000000000000    0.28000000000000    0.04000000000000            16
    0.44000000000000    0.28000000000000    0.04000000000000            16
    0.48000000000000    0.28000000000000    0.04000000000000            16
    0.32000000000000    0.32000000000000    0.04000000000000             8
    0.36000000000000    0.32000000000000    0.04000000000000            16
    0.40000000000000    0.32000000000000    0.04000000000000            16
    0.44000000000000    0.32000000000000    0.04000000000000            16
    0.48000000000000    0.32000000000000    0.04000000000000            16
    0.36000000000000    0.36000000000000    0.04000000000000             8
    0.40000000000000    0.36000000000000    0.04000000000000            16
    0.44000000000000    0.36000000000000    0.04000000000000            16
    0.48000000000000    0.36000000000000    0.04000000000000            16
    0.40000000000000    0.40000000000000    0.04000000000000             8
    0.44000000000000    0.40000000000000    0.04000000000000            16
    0.48000000000000    0.40000000000000    0.04000000000000            16
    0.44000000000000    0.44000000000000    0.04000000000000             8
    0.48000000000000    0.44000000000000    0.04000000000000            16
    0.48000000000000    0.48000000000000    0.04000000000000             8
    0.00000000000000    0.00000000000000    0.08000000000000             2
    0.04000000000000    0.00000000000000    0.08000000000000             8
    0.08000000000000    0.00000000000000    0.08000000000000             8
    0.12000000000000    0.00000000000000    0.08000000000000             8
    0.16000000000000    0.00000000000000    0.08000000000000             8
    0.20000000000000    0.00000000000000    0.08000000000000             8
    0.24000000000000    0.00000000000000    0.08000000000000             8
    0.28000000000000    0.00000000000000    0.08000000000000             8
    0.32000000000000    0.00000000000000    0.08000000000000             8
    0.36000000000000    0.00000000000000    0.08000000000000             8
    0.40000000000000    0.00000000000000    0.08000000000000             8
    0.44000000000000    0.00000000000000    0.08000000000000             8
    0.48000000000000    0.00000000000000    0.08000000000000             8
    0.04000000000000    0.04000000000000    0.08000000000000             8
    0.08000000000000    0.04000000000000    0.08000000000000            16
    0.12000000000000    0.04000000000000    0.08000000000000            16
    0.16000000000000    0.04000000000000    0.08000000000000            16
    0.20000000000000    0.04000000000000    0.08000000000000            16
    0.24000000000000    0.04000000000000    0.08000000000000            16
    0.28000000000000    0.04000000000000    0.08000000000000            16
    0.32000000000000    0.04000000000000    0.08000000000000            16
    0.36000000000000    0.04000000000000    0.08000000000000            16
    0.40000000000000    0.04000000000000    0.08000000000000            16
    0.44000000000000    0.04000000000000    0.08000000000000            16
    0.48000000000000    0.04000000000000    0.08000000000000            16
    0.08000000000000    0.08000000000000    0.08000000000000             8
    0.12000000000000    0.08000000000000    0.08000000000000            16
    0.16000000000000    0.08000000000000    0.08000000000000            16
    0.20000000000000    0.08000000000000    0.08000000000000            16
    0.24000000000000    0.08000000000000    0.08000000000000            16
    0.28000000000000    0.08000000000000    0.08000000000000            16
    0.32000000000000    0.08000000000000    0.08000000000000            16
    0.36000000000000    0.08000000000000    0.08000000000000            16
    0.40000000000000    0.08000000000000    0.08000000000000            16
    0.44000000000000    0.08000000000000    0.08000000000000            16
    0.48000000000000    0.08000000000000    0.08000000000000            16
    0.12000000000000    0.12000000000000    0.08000000000000             8
    0.16000000000000    0.12000000000000    0.08000000000000            16
    0.20000000000000    0.12000000000000    0.08000000000000            16
    0.24000000000000    0.12000000000000    0.08000000000000            16
    0.28000000000000    0.12000000000000    0.08000000000000            16
    0.32000000000000    0.12000000000000    0.08000000000000            16
    0.36000000000000    0.12000000000000    0.08000000000000            16
    0.40000000000000    0.12000000000000    0.08000000000000            16
    0.44000000000000    0.12000000000000    0.08000000000000            16
    0.48000000000000    0.12000000000000    0.08000000000000            16
    0.16000000000000    0.16000000000000    0.08000000000000             8
    0.20000000000000    0.16000000000000    0.08000000000000            16
    0.24000000000000    0.16000000000000    0.08000000000000            16
    0.28000000000000    0.16000000000000    0.08000000000000            16
    0.32000000000000    0.16000000000000    0.08000000000000            16
    0.36000000000000    0.16000000000000    0.08000000000000            16
    0.40000000000000    0.16000000000000    0.08000000000000            16
    0.44000000000000    0.16000000000000    0.08000000000000            16
    0.48000000000000    0.16000000000000    0.08000000000000            16
    0.20000000000000    0.20000000000000    0.08000000000000             8
    0.24000000000000    0.20000000000000    0.08000000000000            16
    0.28000000000000    0.20000000000000    0.08000000000000            16
    0.32000000000000    0.20000000000000    0.08000000000000            16
    0.36000000000000    0.20000000000000    0.08000000000000            16
    0.40000000000000    0.20000000000000    0.08000000000000            16
    0.44000000000000    0.20000000000000    0.08000000000000            16
    0.48000000000000    0.20000000000000    0.08000000000000            16
    0.24000000000000    0.24000000000000    0.08000000000000             8
    0.28000000000000    0.24000000000000    0.08000000000000            16
    0.32000000000000    0.24000000000000    0.08000000000000            16
    0.36000000000000    0.24000000000000    0.08000000000000            16
    0.40000000000000    0.24000000000000    0.08000000000000            16
    0.44000000000000    0.24000000000000    0.08000000000000            16
    0.48000000000000    0.24000000000000    0.08000000000000            16
    0.28000000000000    0.28000000000000    0.08000000000000             8
    0.32000000000000    0.28000000000000    0.08000000000000            16
    0.36000000000000    0.28000000000000    0.08000000000000            16
    0.40000000000000    0.28000000000000    0.08000000000000            16
    0.44000000000000    0.28000000000000    0.08000000000000            16
    0.48000000000000    0.28000000000000    0.08000000000000            16
    0.32000000000000    0.32000000000000    0.08000000000000             8
    0.36000000000000    0.32000000000000    0.08000000000000            16
    0.40000000000000    0.32000000000000    0.08000000000000            16
    0.44000000000000    0.32000000000000    0.08000000000000            16
    0.48000000000000    0.32000000000000    0.08000000000000            16
    0.36000000000000    0.36000000000000    0.08000000000000             8
    0.40000000000000    0.36000000000000    0.08000000000000            16
    0.44000000000000    0.36000000000000    0.08000000000000            16
    0.48000000000000    0.36000000000000    0.08000000000000            16
    0.40000000000000    0.40000000000000    0.08000000000000             8
    0.44000000000000    0.40000000000000    0.08000000000000            16
    0.48000000000000    0.40000000000000    0.08000000000000            16
    0.44000000000000    0.44000000000000    0.08000000000000             8
    0.48000000000000    0.44000000000000    0.08000000000000            16
    0.48000000000000    0.48000000000000    0.08000000000000             8
    0.00000000000000    0.00000000000000    0.12000000000000             2
    0.04000000000000    0.00000000000000    0.12000000000000             8
    0.08000000000000    0.00000000000000    0.12000000000000             8
    0.12000000000000    0.00000000000000    0.12000000000000             8
    0.16000000000000    0.00000000000000    0.12000000000000             8
    0.20000000000000    0.00000000000000    0.12000000000000             8
    0.24000000000000    0.00000000000000    0.12000000000000             8
    0.28000000000000    0.00000000000000    0.12000000000000             8
    0.32000000000000    0.00000000000000    0.12000000000000             8
    0.36000000000000    0.00000000000000    0.12000000000000             8
    0.40000000000000    0.00000000000000    0.12000000000000             8
    0.44000000000000    0.00000000000000    0.12000000000000             8
    0.48000000000000    0.00000000000000    0.12000000000000             8
    0.04000000000000    0.04000000000000    0.12000000000000             8
    0.08000000000000    0.04000000000000    0.12000000000000            16
    0.12000000000000    0.04000000000000    0.12000000000000            16
    0.16000000000000    0.04000000000000    0.12000000000000            16
    0.20000000000000    0.04000000000000    0.12000000000000            16
    0.24000000000000    0.04000000000000    0.12000000000000            16
    0.28000000000000    0.04000000000000    0.12000000000000            16
    0.32000000000000    0.04000000000000    0.12000000000000            16
    0.36000000000000    0.04000000000000    0.12000000000000            16
    0.40000000000000    0.04000000000000    0.12000000000000            16
    0.44000000000000    0.04000000000000    0.12000000000000            16
    0.48000000000000    0.04000000000000    0.12000000000000            16
    0.08000000000000    0.08000000000000    0.12000000000000             8
    0.12000000000000    0.08000000000000    0.12000000000000            16
    0.16000000000000    0.08000000000000    0.12000000000000            16
    0.20000000000000    0.08000000000000    0.12000000000000            16
    0.24000000000000    0.08000000000000    0.12000000000000            16
    0.28000000000000    0.08000000000000    0.12000000000000            16
    0.32000000000000    0.08000000000000    0.12000000000000            16
    0.36000000000000    0.08000000000000    0.12000000000000            16
    0.40000000000000    0.08000000000000    0.12000000000000            16
    0.44000000000000    0.08000000000000    0.12000000000000            16
    0.48000000000000    0.08000000000000    0.12000000000000            16
    0.12000000000000    0.12000000000000    0.12000000000000             8
    0.16000000000000    0.12000000000000    0.12000000000000            16
    0.20000000000000    0.12000000000000    0.12000000000000            16
    0.24000000000000    0.12000000000000    0.12000000000000            16
    0.28000000000000    0.12000000000000    0.12000000000000            16
    0.32000000000000    0.12000000000000    0.12000000000000            16
    0.36000000000000    0.12000000000000    0.12000000000000            16
    0.40000000000000    0.12000000000000    0.12000000000000            16
    0.44000000000000    0.12000000000000    0.12000000000000            16
    0.48000000000000    0.12000000000000    0.12000000000000            16
    0.16000000000000    0.16000000000000    0.12000000000000             8
    0.20000000000000    0.16000000000000    0.12000000000000            16
    0.24000000000000    0.16000000000000    0.12000000000000            16
    0.28000000000000    0.16000000000000    0.12000000000000            16
    0.32000000000000    0.16000000000000    0.12000000000000            16
    0.36000000000000    0.16000000000000    0.12000000000000            16
    0.40000000000000    0.16000000000000    0.12000000000000            16
    0.44000000000000    0.16000000000000    0.12000000000000            16
    0.48000000000000    0.16000000000000    0.12000000000000            16
    0.20000000000000    0.20000000000000    0.12000000000000             8
    0.24000000000000    0.20000000000000    0.12000000000000            16
    0.28000000000000    0.20000000000000    0.12000000000000            16
    0.32000000000000    0.20000000000000    0.12000000000000            16
    0.36000000000000    0.20000000000000    0.12000000000000            16
    0.40000000000000    0.20000000000000    0.12000000000000            16
    0.44000000000000    0.20000000000000    0.12000000000000            16
    0.48000000000000    0.20000000000000    0.12000000000000            16
    0.24000000000000    0.24000000000000    0.12000000000000             8
    0.28000000000000    0.24000000000000    0.12000000000000            16
    0.32000000000000    0.24000000000000    0.12000000000000            16
    0.36000000000000    0.24000000000000    0.12000000000000            16
    0.40000000000000    0.24000000000000    0.12000000000000            16
    0.44000000000000    0.24000000000000    0.12000000000000            16
    0.48000000000000    0.24000000000000    0.12000000000000            16
    0.28000000000000    0.28000000000000    0.12000000000000             8
    0.32000000000000    0.28000000000000    0.12000000000000            16
    0.36000000000000    0.28000000000000    0.12000000000000            16
    0.40000000000000    0.28000000000000    0.12000000000000            16
    0.44000000000000    0.28000000000000    0.12000000000000            16
    0.48000000000000    0.28000000000000    0.12000000000000            16
    0.32000000000000    0.32000000000000    0.12000000000000             8
    0.36000000000000    0.32000000000000    0.12000000000000            16
    0.40000000000000    0.32000000000000    0.12000000000000            16
    0.44000000000000    0.32000000000000    0.12000000000000            16
    0.48000000000000    0.32000000000000    0.12000000000000            16
    0.36000000000000    0.36000000000000    0.12000000000000             8
    0.40000000000000    0.36000000000000    0.12000000000000            16
    0.44000000000000    0.36000000000000    0.12000000000000            16
    0.48000000000000    0.36000000000000    0.12000000000000            16
    0.40000000000000    0.40000000000000    0.12000000000000             8
    0.44000000000000    0.40000000000000    0.12000000000000            16
    0.48000000000000    0.40000000000000    0.12000000000000            16
    0.44000000000000    0.44000000000000    0.12000000000000             8
    0.48000000000000    0.44000000000000    0.12000000000000            16
    0.48000000000000    0.48000000000000    0.12000000000000             8
    0.00000000000000    0.00000000000000    0.16000000000000             2
    0.04000000000000    0.00000000000000    0.16000000000000             8
    0.08000000000000    0.00000000000000    0.16000000000000             8
    0.12000000000000    0.00000000000000    0.16000000000000             8
    0.16000000000000    0.00000000000000    0.16000000000000             8
    0.20000000000000    0.00000000000000    0.16000000000000             8
    0.24000000000000    0.00000000000000    0.16000000000000             8
    0.28000000000000    0.00000000000000    0.16000000000000             8
    0.32000000000000    0.00000000000000    0.16000000000000             8
    0.36000000000000    0.00000000000000    0.16000000000000             8
    0.40000000000000    0.00000000000000    0.16000000000000             8
    0.44000000000000    0.00000000000000    0.16000000000000             8
    0.48000000000000    0.00000000000000    0.16000000000000             8
    0.04000000000000    0.04000000000000    0.16000000000000             8
    0.08000000000000    0.04000000000000    0.16000000000000            16
    0.12000000000000    0.04000000000000    0.16000000000000            16
    0.16000000000000    0.04000000000000    0.16000000000000            16
    0.20000000000000    0.04000000000000    0.16000000000000            16
    0.24000000000000    0.04000000000000    0.16000000000000            16
    0.28000000000000    0.04000000000000    0.16000000000000            16
    0.32000000000000    0.04000000000000    0.16000000000000            16
    0.36000000000000    0.04000000000000    0.16000000000000            16
    0.40000000000000    0.04000000000000    0.16000000000000            16
    0.44000000000000    0.04000000000000    0.16000000000000            16
    0.48000000000000    0.04000000000000    0.16000000000000            16
    0.08000000000000    0.08000000000000    0.16000000000000             8
    0.12000000000000    0.08000000000000    0.16000000000000            16
    0.16000000000000    0.08000000000000    0.16000000000000            16
    0.20000000000000    0.08000000000000    0.16000000000000            16
    0.24000000000000    0.08000000000000    0.16000000000000            16
    0.28000000000000    0.08000000000000    0.16000000000000            16
    0.32000000000000    0.08000000000000    0.16000000000000            16
    0.36000000000000    0.08000000000000    0.16000000000000            16
    0.40000000000000    0.08000000000000    0.16000000000000            16
    0.44000000000000    0.08000000000000    0.16000000000000            16
    0.48000000000000    0.08000000000000    0.16000000000000            16
    0.12000000000000    0.12000000000000    0.16000000000000             8
    0.16000000000000    0.12000000000000    0.16000000000000            16
    0.20000000000000    0.12000000000000    0.16000000000000            16
    0.24000000000000    0.12000000000000    0.16000000000000            16
    0.28000000000000    0.12000000000000    0.16000000000000            16
    0.32000000000000    0.12000000000000    0.16000000000000            16
    0.36000000000000    0.12000000000000    0.16000000000000            16
    0.40000000000000    0.12000000000000    0.16000000000000            16
    0.44000000000000    0.12000000000000    0.16000000000000            16
    0.48000000000000    0.12000000000000    0.16000000000000            16
    0.16000000000000    0.16000000000000    0.16000000000000             8
    0.20000000000000    0.16000000000000    0.16000000000000            16
    0.24000000000000    0.16000000000000    0.16000000000000            16
    0.28000000000000    0.16000000000000    0.16000000000000            16
    0.32000000000000    0.16000000000000    0.16000000000000            16
    0.36000000000000    0.16000000000000    0.16000000000000            16
    0.40000000000000    0.16000000000000    0.16000000000000            16
    0.44000000000000    0.16000000000000    0.16000000000000            16
    0.48000000000000    0.16000000000000    0.16000000000000            16
    0.20000000000000    0.20000000000000    0.16000000000000             8
    0.24000000000000    0.20000000000000    0.16000000000000            16
    0.28000000000000    0.20000000000000    0.16000000000000            16
    0.32000000000000    0.20000000000000    0.16000000000000            16
    0.36000000000000    0.20000000000000    0.16000000000000            16
    0.40000000000000    0.20000000000000    0.16000000000000            16
    0.44000000000000    0.20000000000000    0.16000000000000            16
    0.48000000000000    0.20000000000000    0.16000000000000            16
    0.24000000000000    0.24000000000000    0.16000000000000             8
    0.28000000000000    0.24000000000000    0.16000000000000            16
    0.32000000000000    0.24000000000000    0.16000000000000            16
    0.36000000000000    0.24000000000000    0.16000000000000            16
    0.40000000000000    0.24000000000000    0.16000000000000            16
    0.44000000000000    0.24000000000000    0.16000000000000            16
    0.48000000000000    0.24000000000000    0.16000000000000            16
    0.28000000000000    0.28000000000000    0.16000000000000             8
    0.32000000000000    0.28000000000000    0.16000000000000            16
    0.36000000000000    0.28000000000000    0.16000000000000            16
    0.40000000000000    0.28000000000000    0.16000000000000            16
    0.44000000000000    0.28000000000000    0.16000000000000            16
    0.48000000000000    0.28000000000000    0.16000000000000            16
    0.32000000000000    0.32000000000000    0.16000000000000             8
    0.36000000000000    0.32000000000000    0.16000000000000            16
    0.40000000000000    0.32000000000000    0.16000000000000            16
    0.44000000000000    0.32000000000000    0.16000000000000            16
    0.48000000000000    0.32000000000000    0.16000000000000            16
    0.36000000000000    0.36000000000000    0.16000000000000             8
    0.40000000000000    0.36000000000000    0.16000000000000            16
    0.44000000000000    0.36000000000000    0.16000000000000            16
    0.48000000000000    0.36000000000000    0.16000000000000            16
    0.40000000000000    0.40000000000000    0.16000000000000             8
    0.44000000000000    0.40000000000000    0.16000000000000            16
    0.48000000000000    0.40000000000000    0.16000000000000            16
    0.44000000000000    0.44000000000000    0.16000000000000             8
    0.48000000000000    0.44000000000000    0.16000000000000            16
    0.48000000000000    0.48000000000000    0.16000000000000             8
    0.00000000000000    0.00000000000000    0.20000000000000             2
    0.04000000000000    0.00000000000000    0.20000000000000             8
    0.08000000000000    0.00000000000000    0.20000000000000             8
    0.12000000000000    0.00000000000000    0.20000000000000             8
    0.16000000000000    0.00000000000000    0.20000000000000             8
    0.20000000000000    0.00000000000000    0.20000000000000             8
    0.24000000000000    0.00000000000000    0.20000000000000             8
    0.28000000000000    0.00000000000000    0.20000000000000             8
    0.32000000000000    0.00000000000000    0.20000000000000             8
    0.36000000000000    0.00000000000000    0.20000000000000             8
    0.40000000000000    0.00000000000000    0.20000000000000             8
    0.44000000000000    0.00000000000000    0.20000000000000             8
    0.48000000000000    0.00000000000000    0.20000000000000             8
    0.04000000000000    0.04000000000000    0.20000000000000             8
    0.08000000000000    0.04000000000000    0.20000000000000            16
    0.12000000000000    0.04000000000000    0.20000000000000            16
    0.16000000000000    0.04000000000000    0.20000000000000            16
    0.20000000000000    0.04000000000000    0.20000000000000            16
    0.24000000000000    0.04000000000000    0.20000000000000            16
    0.28000000000000    0.04000000000000    0.20000000000000            16
    0.32000000000000    0.04000000000000    0.20000000000000            16
    0.36000000000000    0.04000000000000    0.20000000000000            16
    0.40000000000000    0.04000000000000    0.20000000000000            16
    0.44000000000000    0.04000000000000    0.20000000000000            16
    0.48000000000000    0.04000000000000    0.20000000000000            16
    0.08000000000000    0.08000000000000    0.20000000000000             8
    0.12000000000000    0.08000000000000    0.20000000000000            16
    0.16000000000000    0.08000000000000    0.20000000000000            16
    0.20000000000000    0.08000000000000    0.20000000000000            16
    0.24000000000000    0.08000000000000    0.20000000000000            16
    0.28000000000000    0.08000000000000    0.20000000000000            16
    0.32000000000000    0.08000000000000    0.20000000000000            16
    0.36000000000000    0.08000000000000    0.20000000000000            16
    0.40000000000000    0.08000000000000    0.20000000000000            16
    0.44000000000000    0.08000000000000    0.20000000000000            16
    0.48000000000000    0.08000000000000    0.20000000000000            16
    0.12000000000000    0.12000000000000    0.20000000000000             8
    0.16000000000000    0.12000000000000    0.20000000000000            16
    0.20000000000000    0.12000000000000    0.20000000000000            16
    0.24000000000000    0.12000000000000    0.20000000000000            16
    0.28000000000000    0.12000000000000    0.20000000000000            16
    0.32000000000000    0.12000000000000    0.20000000000000            16
    0.36000000000000    0.12000000000000    0.20000000000000            16
    0.40000000000000    0.12000000000000    0.20000000000000            16
    0.44000000000000    0.12000000000000    0.20000000000000            16
    0.48000000000000    0.12000000000000    0.20000000000000            16
    0.16000000000000    0.16000000000000    0.20000000000000             8
    0.20000000000000    0.16000000000000    0.20000000000000            16
    0.24000000000000    0.16000000000000    0.20000000000000            16
    0.28000000000000    0.16000000000000    0.20000000000000            16
    0.32000000000000    0.16000000000000    0.20000000000000            16
    0.36000000000000    0.16000000000000    0.20000000000000            16
    0.40000000000000    0.16000000000000    0.20000000000000            16
    0.44000000000000    0.16000000000000    0.20000000000000            16
    0.48000000000000    0.16000000000000    0.20000000000000            16
    0.20000000000000    0.20000000000000    0.20000000000000             8
    0.24000000000000    0.20000000000000    0.20000000000000            16
    0.28000000000000    0.20000000000000    0.20000000000000            16
    0.32000000000000    0.20000000000000    0.20000000000000            16
    0.36000000000000    0.20000000000000    0.20000000000000            16
    0.40000000000000    0.20000000000000    0.20000000000000            16
    0.44000000000000    0.20000000000000    0.20000000000000            16
    0.48000000000000    0.20000000000000    0.20000000000000            16
    0.24000000000000    0.24000000000000    0.20000000000000             8
    0.28000000000000    0.24000000000000    0.20000000000000            16
    0.32000000000000    0.24000000000000    0.20000000000000            16
    0.36000000000000    0.24000000000000    0.20000000000000            16
    0.40000000000000    0.24000000000000    0.20000000000000            16
    0.44000000000000    0.24000000000000    0.20000000000000            16
    0.48000000000000    0.24000000000000    0.20000000000000            16
    0.28000000000000    0.28000000000000    0.20000000000000             8
    0.32000000000000    0.28000000000000    0.20000000000000            16
    0.36000000000000    0.28000000000000    0.20000000000000            16
    0.40000000000000    0.28000000000000    0.20000000000000            16
    0.44000000000000    0.28000000000000    0.20000000000000            16
    0.48000000000000    0.28000000000000    0.20000000000000            16
    0.32000000000000    0.32000000000000    0.20000000000000             8
    0.36000000000000    0.32000000000000    0.20000000000000            16
    0.40000000000000    0.32000000000000    0.20000000000000            16
    0.44000000000000    0.32000000000000    0.20000000000000            16
    0.48000000000000    0.32000000000000    0.20000000000000            16
    0.36000000000000    0.36000000000000    0.20000000000000             8
    0.40000000000000    0.36000000000000    0.20000000000000            16
    0.44000000000000    0.36000000000000    0.20000000000000            16
    0.48000000000000    0.36000000000000    0.20000000000000            16
    0.40000000000000    0.40000000000000    0.20000000000000             8
    0.44000000000000    0.40000000000000    0.20000000000000            16
    0.48000000000000    0.40000000000000    0.20000000000000            16
    0.44000000000000    0.44000000000000    0.20000000000000             8
    0.48000000000000    0.44000000000000    0.20000000000000            16
    0.48000000000000    0.48000000000000    0.20000000000000             8
    0.00000000000000    0.00000000000000    0.24000000000000             2
    0.04000000000000    0.00000000000000    0.24000000000000             8
    0.08000000000000    0.00000000000000    0.24000000000000             8
    0.12000000000000    0.00000000000000    0.24000000000000             8
    0.16000000000000    0.00000000000000    0.24000000000000             8
    0.20000000000000    0.00000000000000    0.24000000000000             8
    0.24000000000000    0.00000000000000    0.24000000000000             8
    0.28000000000000    0.00000000000000    0.24000000000000             8
    0.32000000000000    0.00000000000000    0.24000000000000             8
    0.36000000000000    0.00000000000000    0.24000000000000             8
    0.40000000000000    0.00000000000000    0.24000000000000             8
    0.44000000000000    0.00000000000000    0.24000000000000             8
    0.48000000000000    0.00000000000000    0.24000000000000             8
    0.04000000000000    0.04000000000000    0.24000000000000             8
    0.08000000000000    0.04000000000000    0.24000000000000            16
    0.12000000000000    0.04000000000000    0.24000000000000            16
    0.16000000000000    0.04000000000000    0.24000000000000            16
    0.20000000000000    0.04000000000000    0.24000000000000            16
    0.24000000000000    0.04000000000000    0.24000000000000            16
    0.28000000000000    0.04000000000000    0.24000000000000            16
    0.32000000000000    0.04000000000000    0.24000000000000            16
    0.36000000000000    0.04000000000000    0.24000000000000            16
    0.40000000000000    0.04000000000000    0.24000000000000            16
    0.44000000000000    0.04000000000000    0.24000000000000            16
    0.48000000000000    0.04000000000000    0.24000000000000            16
    0.08000000000000    0.08000000000000    0.24000000000000             8
    0.12000000000000    0.08000000000000    0.24000000000000            16
    0.16000000000000    0.08000000000000    0.24000000000000            16
    0.20000000000000    0.08000000000000    0.24000000000000            16
    0.24000000000000    0.08000000000000    0.24000000000000            16
    0.28000000000000    0.08000000000000    0.24000000000000            16
    0.32000000000000    0.08000000000000    0.24000000000000            16
    0.36000000000000    0.08000000000000    0.24000000000000            16
    0.40000000000000    0.08000000000000    0.24000000000000            16
    0.44000000000000    0.08000000000000    0.24000000000000            16
    0.48000000000000    0.08000000000000    0.24000000000000            16
    0.12000000000000    0.12000000000000    0.24000000000000             8
    0.16000000000000    0.12000000000000    0.24000000000000            16
    0.20000000000000    0.12000000000000    0.24000000000000            16
    0.24000000000000    0.12000000000000    0.24000000000000            16
    0.28000000000000    0.12000000000000    0.24000000000000            16
    0.32000000000000    0.12000000000000    0.24000000000000            16
    0.36000000000000    0.12000000000000    0.24000000000000            16
    0.40000000000000    0.12000000000000    0.24000000000000            16
    0.44000000000000    0.12000000000000    0.24000000000000            16
    0.48000000000000    0.12000000000000    0.24000000000000            16
    0.16000000000000    0.16000000000000    0.24000000000000             8
    0.20000000000000    0.16000000000000    0.24000000000000            16
    0.24000000000000    0.16000000000000    0.24000000000000            16
    0.28000000000000    0.16000000000000    0.24000000000000            16
    0.32000000000000    0.16000000000000    0.24000000000000            16
    0.36000000000000    0.16000000000000    0.24000000000000            16
    0.40000000000000    0.16000000000000    0.24000000000000            16
    0.44000000000000    0.16000000000000    0.24000000000000            16
    0.48000000000000    0.16000000000000    0.24000000000000            16
    0.20000000000000    0.20000000000000    0.24000000000000             8
    0.24000000000000    0.20000000000000    0.24000000000000            16
    0.28000000000000    0.20000000000000    0.24000000000000            16
    0.32000000000000    0.20000000000000    0.24000000000000            16
    0.36000000000000    0.20000000000000    0.24000000000000            16
    0.40000000000000    0.20000000000000    0.24000000000000            16
    0.44000000000000    0.20000000000000    0.24000000000000            16
    0.48000000000000    0.20000000000000    0.24000000000000            16
    0.24000000000000    0.24000000000000    0.24000000000000             8
    0.28000000000000    0.24000000000000    0.24000000000000            16
    0.32000000000000    0.24000000000000    0.24000000000000            16
    0.36000000000000    0.24000000000000    0.24000000000000            16
    0.40000000000000    0.24000000000000    0.24000000000000            16
    0.44000000000000    0.24000000000000    0.24000000000000            16
    0.48000000000000    0.24000000000000    0.24000000000000            16
    0.28000000000000    0.28000000000000    0.24000000000000             8
    0.32000000000000    0.28000000000000    0.24000000000000            16
    0.36000000000000    0.28000000000000    0.24000000000000            16
    0.40000000000000    0.28000000000000    0.24000000000000            16
    0.44000000000000    0.28000000000000    0.24000000000000            16
    0.48000000000000    0.28000000000000    0.24000000000000            16
    0.32000000000000    0.32000000000000    0.24000000000000             8
    0.36000000000000    0.32000000000000    0.24000000000000            16
    0.40000000000000    0.32000000000000    0.24000000000000            16
    0.44000000000000    0.32000000000000    0.24000000000000            16
    0.48000000000000    0.32000000000000    0.24000000000000            16
    0.36000000000000    0.36000000000000    0.24000000000000             8
    0.40000000000000    0.36000000000000    0.24000000000000            16
    0.44000000000000    0.36000000000000    0.24000000000000            16
    0.48000000000000    0.36000000000000    0.24000000000000            16
    0.40000000000000    0.40000000000000    0.24000000000000             8
    0.44000000000000    0.40000000000000    0.24000000000000            16
    0.48000000000000    0.40000000000000    0.24000000000000            16
    0.44000000000000    0.44000000000000    0.24000000000000             8
    0.48000000000000    0.44000000000000    0.24000000000000            16
    0.48000000000000    0.48000000000000    0.24000000000000             8
    0.00000000000000    0.00000000000000    0.28000000000000             2
    0.04000000000000    0.00000000000000    0.28000000000000             8
    0.08000000000000    0.00000000000000    0.28000000000000             8
    0.12000000000000    0.00000000000000    0.28000000000000             8
    0.16000000000000    0.00000000000000    0.28000000000000             8
    0.20000000000000    0.00000000000000    0.28000000000000             8
    0.24000000000000    0.00000000000000    0.28000000000000             8
    0.28000000000000    0.00000000000000    0.28000000000000             8
    0.32000000000000    0.00000000000000    0.28000000000000             8
    0.36000000000000    0.00000000000000    0.28000000000000             8
    0.40000000000000    0.00000000000000    0.28000000000000             8
    0.44000000000000    0.00000000000000    0.28000000000000             8
    0.48000000000000    0.00000000000000    0.28000000000000             8
    0.04000000000000    0.04000000000000    0.28000000000000             8
    0.08000000000000    0.04000000000000    0.28000000000000            16
    0.12000000000000    0.04000000000000    0.28000000000000            16
    0.16000000000000    0.04000000000000    0.28000000000000            16
    0.20000000000000    0.04000000000000    0.28000000000000            16
    0.24000000000000    0.04000000000000    0.28000000000000            16
    0.28000000000000    0.04000000000000    0.28000000000000            16
    0.32000000000000    0.04000000000000    0.28000000000000            16
    0.36000000000000    0.04000000000000    0.28000000000000            16
    0.40000000000000    0.04000000000000    0.28000000000000            16
    0.44000000000000    0.04000000000000    0.28000000000000            16
    0.48000000000000    0.04000000000000    0.28000000000000            16
    0.08000000000000    0.08000000000000    0.28000000000000             8
    0.12000000000000    0.08000000000000    0.28000000000000            16
    0.16000000000000    0.08000000000000    0.28000000000000            16
    0.20000000000000    0.08000000000000    0.28000000000000            16
    0.24000000000000    0.08000000000000    0.28000000000000            16
    0.28000000000000    0.08000000000000    0.28000000000000            16
    0.32000000000000    0.08000000000000    0.28000000000000            16
    0.36000000000000    0.08000000000000    0.28000000000000            16
    0.40000000000000    0.08000000000000    0.28000000000000            16
    0.44000000000000    0.08000000000000    0.28000000000000            16
    0.48000000000000    0.08000000000000    0.28000000000000            16
    0.12000000000000    0.12000000000000    0.28000000000000             8
    0.16000000000000    0.12000000000000    0.28000000000000            16
    0.20000000000000    0.12000000000000    0.28000000000000            16
    0.24000000000000    0.12000000000000    0.28000000000000            16
    0.28000000000000    0.12000000000000    0.28000000000000            16
    0.32000000000000    0.12000000000000    0.28000000000000            16
    0.36000000000000    0.12000000000000    0.28000000000000            16
    0.40000000000000    0.12000000000000    0.28000000000000            16
    0.44000000000000    0.12000000000000    0.28000000000000            16
    0.48000000000000    0.12000000000000    0.28000000000000            16
    0.16000000000000    0.16000000000000    0.28000000000000             8
    0.20000000000000    0.16000000000000    0.28000000000000            16
    0.24000000000000    0.16000000000000    0.28000000000000            16
    0.28000000000000    0.16000000000000    0.28000000000000            16
    0.32000000000000    0.16000000000000    0.28000000000000            16
    0.36000000000000    0.16000000000000    0.28000000000000            16
    0.40000000000000    0.16000000000000    0.28000000000000            16
    0.44000000000000    0.16000000000000    0.28000000000000            16
    0.48000000000000    0.16000000000000    0.28000000000000            16
    0.20000000000000    0.20000000000000    0.28000000000000             8
    0.24000000000000    0.20000000000000    0.28000000000000            16
    0.28000000000000    0.20000000000000    0.28000000000000            16
    0.32000000000000    0.20000000000000    0.28000000000000            16
    0.36000000000000    0.20000000000000    0.28000000000000            16
    0.40000000000000    0.20000000000000    0.28000000000000            16
    0.44000000000000    0.20000000000000    0.28000000000000            16
    0.48000000000000    0.20000000000000    0.28000000000000            16
    0.24000000000000    0.24000000000000    0.28000000000000             8
    0.28000000000000    0.24000000000000    0.28000000000000            16
    0.32000000000000    0.24000000000000    0.28000000000000            16
    0.36000000000000    0.24000000000000    0.28000000000000            16
    0.40000000000000    0.24000000000000    0.28000000000000            16
    0.44000000000000    0.24000000000000    0.28000000000000            16
    0.48000000000000    0.24000000000000    0.28000000000000            16
    0.28000000000000    0.28000000000000    0.28000000000000             8
    0.32000000000000    0.28000000000000    0.28000000000000            16
    0.36000000000000    0.28000000000000    0.28000000000000            16
    0.40000000000000    0.28000000000000    0.28000000000000            16
    0.44000000000000    0.28000000000000    0.28000000000000            16
    0.48000000000000    0.28000000000000    0.28000000000000            16
    0.32000000000000    0.32000000000000    0.28000000000000             8
    0.36000000000000    0.32000000000000    0.28000000000000            16
    0.40000000000000    0.32000000000000    0.28000000000000            16
    0.44000000000000    0.32000000000000    0.28000000000000            16
    0.48000000000000    0.32000000000000    0.28000000000000            16
    0.36000000000000    0.36000000000000    0.28000000000000             8
    0.40000000000000    0.36000000000000    0.28000000000000            16
    0.44000000000000    0.36000000000000    0.28000000000000            16
    0.48000000000000    0.36000000000000    0.28000000000000            16
    0.40000000000000    0.40000000000000    0.28000000000000             8
    0.44000000000000    0.40000000000000    0.28000000000000            16
    0.48000000000000    0.40000000000000    0.28000000000000            16
    0.44000000000000    0.44000000000000    0.28000000000000             8
    0.48000000000000    0.44000000000000    0.28000000000000            16
    0.48000000000000    0.48000000000000    0.28000000000000             8
    0.00000000000000    0.00000000000000    0.32000000000000             2
    0.04000000000000    0.00000000000000    0.32000000000000             8
    0.08000000000000    0.00000000000000    0.32000000000000             8
    0.12000000000000    0.00000000000000    0.32000000000000             8
    0.16000000000000    0.00000000000000    0.32000000000000             8
    0.20000000000000    0.00000000000000    0.32000000000000             8
    0.24000000000000    0.00000000000000    0.32000000000000             8
    0.28000000000000    0.00000000000000    0.32000000000000             8
    0.32000000000000    0.00000000000000    0.32000000000000             8
    0.36000000000000    0.00000000000000    0.32000000000000             8
    0.40000000000000    0.00000000000000    0.32000000000000             8
    0.44000000000000    0.00000000000000    0.32000000000000             8
    0.48000000000000    0.00000000000000    0.32000000000000             8
    0.04000000000000    0.04000000000000    0.32000000000000             8
    0.08000000000000    0.04000000000000    0.32000000000000            16
    0.12000000000000    0.04000000000000    0.32000000000000            16
    0.16000000000000    0.04000000000000    0.32000000000000            16
    0.20000000000000    0.04000000000000    0.32000000000000            16
    0.24000000000000    0.04000000000000    0.32000000000000            16
    0.28000000000000    0.04000000000000    0.32000000000000            16
    0.32000000000000    0.04000000000000    0.32000000000000            16
    0.36000000000000    0.04000000000000    0.32000000000000            16
    0.40000000000000    0.04000000000000    0.32000000000000            16
    0.44000000000000    0.04000000000000    0.32000000000000            16
    0.48000000000000    0.04000000000000    0.32000000000000            16
    0.08000000000000    0.08000000000000    0.32000000000000             8
    0.12000000000000    0.08000000000000    0.32000000000000            16
    0.16000000000000    0.08000000000000    0.32000000000000            16
    0.20000000000000    0.08000000000000    0.32000000000000            16
    0.24000000000000    0.08000000000000    0.32000000000000            16
    0.28000000000000    0.08000000000000    0.32000000000000            16
    0.32000000000000    0.08000000000000    0.32000000000000            16
    0.36000000000000    0.08000000000000    0.32000000000000            16
    0.40000000000000    0.08000000000000    0.32000000000000            16
    0.44000000000000    0.08000000000000    0.32000000000000            16
    0.48000000000000    0.08000000000000    0.32000000000000            16
    0.12000000000000    0.12000000000000    0.32000000000000             8
    0.16000000000000    0.12000000000000    0.32000000000000            16
    0.20000000000000    0.12000000000000    0.32000000000000            16
    0.24000000000000    0.12000000000000    0.32000000000000            16
    0.28000000000000    0.12000000000000    0.32000000000000            16
    0.32000000000000    0.12000000000000    0.32000000000000            16
    0.36000000000000    0.12000000000000    0.32000000000000            16
    0.40000000000000    0.12000000000000    0.32000000000000            16
    0.44000000000000    0.12000000000000    0.32000000000000            16
    0.48000000000000    0.12000000000000    0.32000000000000            16
    0.16000000000000    0.16000000000000    0.32000000000000             8
    0.20000000000000    0.16000000000000    0.32000000000000            16
    0.24000000000000    0.16000000000000    0.32000000000000            16
    0.28000000000000    0.16000000000000    0.32000000000000            16
    0.32000000000000    0.16000000000000    0.32000000000000            16
    0.36000000000000    0.16000000000000    0.32000000000000            16
    0.40000000000000    0.16000000000000    0.32000000000000            16
    0.44000000000000    0.16000000000000    0.32000000000000            16
    0.48000000000000    0.16000000000000    0.32000000000000            16
    0.20000000000000    0.20000000000000    0.32000000000000             8
    0.24000000000000    0.20000000000000    0.32000000000000            16
    0.28000000000000    0.20000000000000    0.32000000000000            16
    0.32000000000000    0.20000000000000    0.32000000000000            16
    0.36000000000000    0.20000000000000    0.32000000000000            16
    0.40000000000000    0.20000000000000    0.32000000000000            16
    0.44000000000000    0.20000000000000    0.32000000000000            16
    0.48000000000000    0.20000000000000    0.32000000000000            16
    0.24000000000000    0.24000000000000    0.32000000000000             8
    0.28000000000000    0.24000000000000    0.32000000000000            16
    0.32000000000000    0.24000000000000    0.32000000000000            16
    0.36000000000000    0.24000000000000    0.32000000000000            16
    0.40000000000000    0.24000000000000    0.32000000000000            16
    0.44000000000000    0.24000000000000    0.32000000000000            16
    0.48000000000000    0.24000000000000    0.32000000000000            16
    0.28000000000000    0.28000000000000    0.32000000000000             8
    0.32000000000000    0.28000000000000    0.32000000000000            16
    0.36000000000000    0.28000000000000    0.32000000000000            16
    0.40000000000000    0.28000000000000    0.32000000000000            16
    0.44000000000000    0.28000000000000    0.32000000000000            16
    0.48000000000000    0.28000000000000    0.32000000000000            16
    0.32000000000000    0.32000000000000    0.32000000000000             8
    0.36000000000000    0.32000000000000    0.32000000000000            16
    0.40000000000000    0.32000000000000    0.32000000000000            16
    0.44000000000000    0.32000000000000    0.32000000000000            16
    0.48000000000000    0.32000000000000    0.32000000000000            16
    0.36000000000000    0.36000000000000    0.32000000000000             8
    0.40000000000000    0.36000000000000    0.32000000000000            16
    0.44000000000000    0.36000000000000    0.32000000000000            16
    0.48000000000000    0.36000000000000    0.32000000000000            16
    0.40000000000000    0.40000000000000    0.32000000000000             8
    0.44000000000000    0.40000000000000    0.32000000000000            16
    0.48000000000000    0.40000000000000    0.32000000000000            16
    0.44000000000000    0.44000000000000    0.32000000000000             8
    0.48000000000000    0.44000000000000    0.32000000000000            16
    0.48000000000000    0.48000000000000    0.32000000000000             8
    0.00000000000000    0.00000000000000    0.36000000000000             2
    0.04000000000000    0.00000000000000    0.36000000000000             8
    0.08000000000000    0.00000000000000    0.36000000000000             8
    0.12000000000000    0.00000000000000    0.36000000000000             8
    0.16000000000000    0.00000000000000    0.36000000000000             8
    0.20000000000000    0.00000000000000    0.36000000000000             8
    0.24000000000000    0.00000000000000    0.36000000000000             8
    0.28000000000000    0.00000000000000    0.36000000000000             8
    0.32000000000000    0.00000000000000    0.36000000000000             8
    0.36000000000000    0.00000000000000    0.36000000000000             8
    0.40000000000000    0.00000000000000    0.36000000000000             8
    0.44000000000000    0.00000000000000    0.36000000000000             8
    0.48000000000000    0.00000000000000    0.36000000000000             8
    0.04000000000000    0.04000000000000    0.36000000000000             8
    0.08000000000000    0.04000000000000    0.36000000000000            16
    0.12000000000000    0.04000000000000    0.36000000000000            16
    0.16000000000000    0.04000000000000    0.36000000000000            16
    0.20000000000000    0.04000000000000    0.36000000000000            16
    0.24000000000000    0.04000000000000    0.36000000000000            16
    0.28000000000000    0.04000000000000    0.36000000000000            16
    0.32000000000000    0.04000000000000    0.36000000000000            16
    0.36000000000000    0.04000000000000    0.36000000000000            16
    0.40000000000000    0.04000000000000    0.36000000000000            16
    0.44000000000000    0.04000000000000    0.36000000000000            16
    0.48000000000000    0.04000000000000    0.36000000000000            16
    0.08000000000000    0.08000000000000    0.36000000000000             8
    0.12000000000000    0.08000000000000    0.36000000000000            16
    0.16000000000000    0.08000000000000    0.36000000000000            16
    0.20000000000000    0.08000000000000    0.36000000000000            16
    0.24000000000000    0.08000000000000    0.36000000000000            16
    0.28000000000000    0.08000000000000    0.36000000000000            16
    0.32000000000000    0.08000000000000    0.36000000000000            16
    0.36000000000000    0.08000000000000    0.36000000000000            16
    0.40000000000000    0.08000000000000    0.36000000000000            16
    0.44000000000000    0.08000000000000    0.36000000000000            16
    0.48000000000000    0.08000000000000    0.36000000000000            16
    0.12000000000000    0.12000000000000    0.36000000000000             8
    0.16000000000000    0.12000000000000    0.36000000000000            16
    0.20000000000000    0.12000000000000    0.36000000000000            16
    0.24000000000000    0.12000000000000    0.36000000000000            16
    0.28000000000000    0.12000000000000    0.36000000000000            16
    0.32000000000000    0.12000000000000    0.36000000000000            16
    0.36000000000000    0.12000000000000    0.36000000000000            16
    0.40000000000000    0.12000000000000    0.36000000000000            16
    0.44000000000000    0.12000000000000    0.36000000000000            16
    0.48000000000000    0.12000000000000    0.36000000000000            16
    0.16000000000000    0.16000000000000    0.36000000000000             8
    0.20000000000000    0.16000000000000    0.36000000000000            16
    0.24000000000000    0.16000000000000    0.36000000000000            16
    0.28000000000000    0.16000000000000    0.36000000000000            16
    0.32000000000000    0.16000000000000    0.36000000000000            16
    0.36000000000000    0.16000000000000    0.36000000000000            16
    0.40000000000000    0.16000000000000    0.36000000000000            16
    0.44000000000000    0.16000000000000    0.36000000000000            16
    0.48000000000000    0.16000000000000    0.36000000000000            16
    0.20000000000000    0.20000000000000    0.36000000000000             8
    0.24000000000000    0.20000000000000    0.36000000000000            16
    0.28000000000000    0.20000000000000    0.36000000000000            16
    0.32000000000000    0.20000000000000    0.36000000000000            16
    0.36000000000000    0.20000000000000    0.36000000000000            16
    0.40000000000000    0.20000000000000    0.36000000000000            16
    0.44000000000000    0.20000000000000    0.36000000000000            16
    0.48000000000000    0.20000000000000    0.36000000000000            16
    0.24000000000000    0.24000000000000    0.36000000000000             8
    0.28000000000000    0.24000000000000    0.36000000000000            16
    0.32000000000000    0.24000000000000    0.36000000000000            16
    0.36000000000000    0.24000000000000    0.36000000000000            16
    0.40000000000000    0.24000000000000    0.36000000000000            16
    0.44000000000000    0.24000000000000    0.36000000000000            16
    0.48000000000000    0.24000000000000    0.36000000000000            16
    0.28000000000000    0.28000000000000    0.36000000000000             8
    0.32000000000000    0.28000000000000    0.36000000000000            16
    0.36000000000000    0.28000000000000    0.36000000000000            16
    0.40000000000000    0.28000000000000    0.36000000000000            16
    0.44000000000000    0.28000000000000    0.36000000000000            16
    0.48000000000000    0.28000000000000    0.36000000000000            16
    0.32000000000000    0.32000000000000    0.36000000000000             8
    0.36000000000000    0.32000000000000    0.36000000000000            16
    0.40000000000000    0.32000000000000    0.36000000000000            16
    0.44000000000000    0.32000000000000    0.36000000000000            16
    0.48000000000000    0.32000000000000    0.36000000000000            16
    0.36000000000000    0.36000000000000    0.36000000000000             8
    0.40000000000000    0.36000000000000    0.36000000000000            16
    0.44000000000000    0.36000000000000    0.36000000000000            16
    0.48000000000000    0.36000000000000    0.36000000000000            16
    0.40000000000000    0.40000000000000    0.36000000000000             8
    0.44000000000000    0.40000000000000    0.36000000000000            16
    0.48000000000000    0.40000000000000    0.36000000000000            16
    0.44000000000000    0.44000000000000    0.36000000000000             8
    0.48000000000000    0.44000000000000    0.36000000000000            16
    0.48000000000000    0.48000000000000    0.36000000000000             8
    0.00000000000000    0.00000000000000    0.40000000000000             2
    0.04000000000000    0.00000000000000    0.40000000000000             8
    0.08000000000000    0.00000000000000    0.40000000000000             8
    0.12000000000000    0.00000000000000    0.40000000000000             8
    0.16000000000000    0.00000000000000    0.40000000000000             8
    0.20000000000000    0.00000000000000    0.40000000000000             8
    0.24000000000000    0.00000000000000    0.40000000000000             8
    0.28000000000000    0.00000000000000    0.40000000000000             8
    0.32000000000000    0.00000000000000    0.40000000000000             8
    0.36000000000000    0.00000000000000    0.40000000000000             8
    0.40000000000000    0.00000000000000    0.40000000000000             8
    0.44000000000000    0.00000000000000    0.40000000000000             8
    0.48000000000000    0.00000000000000    0.40000000000000             8
    0.04000000000000    0.04000000000000    0.40000000000000             8
    0.08000000000000    0.04000000000000    0.40000000000000            16
    0.12000000000000    0.04000000000000    0.40000000000000            16
    0.16000000000000    0.04000000000000    0.40000000000000            16
    0.20000000000000    0.04000000000000    0.40000000000000            16
    0.24000000000000    0.04000000000000    0.40000000000000            16
    0.28000000000000    0.04000000000000    0.40000000000000            16
    0.32000000000000    0.04000000000000    0.40000000000000            16
    0.36000000000000    0.04000000000000    0.40000000000000            16
    0.40000000000000    0.04000000000000    0.40000000000000            16
    0.44000000000000    0.04000000000000    0.40000000000000            16
    0.48000000000000    0.04000000000000    0.40000000000000            16
    0.08000000000000    0.08000000000000    0.40000000000000             8
    0.12000000000000    0.08000000000000    0.40000000000000            16
    0.16000000000000    0.08000000000000    0.40000000000000            16
    0.20000000000000    0.08000000000000    0.40000000000000            16
    0.24000000000000    0.08000000000000    0.40000000000000            16
    0.28000000000000    0.08000000000000    0.40000000000000            16
    0.32000000000000    0.08000000000000    0.40000000000000            16
    0.36000000000000    0.08000000000000    0.40000000000000            16
    0.40000000000000    0.08000000000000    0.40000000000000            16
    0.44000000000000    0.08000000000000    0.40000000000000            16
    0.48000000000000    0.08000000000000    0.40000000000000            16
    0.12000000000000    0.12000000000000    0.40000000000000             8
    0.16000000000000    0.12000000000000    0.40000000000000            16
    0.20000000000000    0.12000000000000    0.40000000000000            16
    0.24000000000000    0.12000000000000    0.40000000000000            16
    0.28000000000000    0.12000000000000    0.40000000000000            16
    0.32000000000000    0.12000000000000    0.40000000000000            16
    0.36000000000000    0.12000000000000    0.40000000000000            16
    0.40000000000000    0.12000000000000    0.40000000000000            16
    0.44000000000000    0.12000000000000    0.40000000000000            16
    0.48000000000000    0.12000000000000    0.40000000000000            16
    0.16000000000000    0.16000000000000    0.40000000000000             8
    0.20000000000000    0.16000000000000    0.40000000000000            16
    0.24000000000000    0.16000000000000    0.40000000000000            16
    0.28000000000000    0.16000000000000    0.40000000000000            16
    0.32000000000000    0.16000000000000    0.40000000000000            16
    0.36000000000000    0.16000000000000    0.40000000000000            16
    0.40000000000000    0.16000000000000    0.40000000000000            16
    0.44000000000000    0.16000000000000    0.40000000000000            16
    0.48000000000000    0.16000000000000    0.40000000000000            16
    0.20000000000000    0.20000000000000    0.40000000000000             8
    0.24000000000000    0.20000000000000    0.40000000000000            16
    0.28000000000000    0.20000000000000    0.40000000000000            16
    0.32000000000000    0.20000000000000    0.40000000000000            16
    0.36000000000000    0.20000000000000    0.40000000000000            16
    0.40000000000000    0.20000000000000    0.40000000000000            16
    0.44000000000000    0.20000000000000    0.40000000000000            16
    0.48000000000000    0.20000000000000    0.40000000000000            16
    0.24000000000000    0.24000000000000    0.40000000000000             8
    0.28000000000000    0.24000000000000    0.40000000000000            16
    0.32000000000000    0.24000000000000    0.40000000000000            16
    0.36000000000000    0.24000000000000    0.40000000000000            16
    0.40000000000000    0.24000000000000    0.40000000000000            16
    0.44000000000000    0.24000000000000    0.40000000000000            16
    0.48000000000000    0.24000000000000    0.40000000000000            16
    0.28000000000000    0.28000000000000    0.40000000000000             8
    0.32000000000000    0.28000000000000    0.40000000000000            16
    0.36000000000000    0.28000000000000    0.40000000000000            16
    0.40000000000000    0.28000000000000    0.40000000000000            16
    0.44000000000000    0.28000000000000    0.40000000000000            16
    0.48000000000000    0.28000000000000    0.40000000000000            16
    0.32000000000000    0.32000000000000    0.40000000000000             8
    0.36000000000000    0.32000000000000    0.40000000000000            16
    0.40000000000000    0.32000000000000    0.40000000000000            16
    0.44000000000000    0.32000000000000    0.40000000000000            16
    0.48000000000000    0.32000000000000    0.40000000000000            16
    0.36000000000000    0.36000000000000    0.40000000000000             8
    0.40000000000000    0.36000000000000    0.40000000000000            16
    0.44000000000000    0.36000000000000    0.40000000000000            16
    0.48000000000000    0.36000000000000    0.40000000000000            16
    0.40000000000000    0.40000000000000    0.40000000000000             8
    0.44000000000000    0.40000000000000    0.40000000000000            16
    0.48000000000000    0.40000000000000    0.40000000000000            16
    0.44000000000000    0.44000000000000    0.40000000000000             8
    0.48000000000000    0.44000000000000    0.40000000000000            16
    0.48000000000000    0.48000000000000    0.40000000000000             8
    0.00000000000000    0.00000000000000    0.44000000000000             2
    0.04000000000000    0.00000000000000    0.44000000000000             8
    0.08000000000000    0.00000000000000    0.44000000000000             8
    0.12000000000000    0.00000000000000    0.44000000000000             8
    0.16000000000000    0.00000000000000    0.44000000000000             8
    0.20000000000000    0.00000000000000    0.44000000000000             8
    0.24000000000000    0.00000000000000    0.44000000000000             8
    0.28000000000000    0.00000000000000    0.44000000000000             8
    0.32000000000000    0.00000000000000    0.44000000000000             8
    0.36000000000000    0.00000000000000    0.44000000000000             8
    0.40000000000000    0.00000000000000    0.44000000000000             8
    0.44000000000000    0.00000000000000    0.44000000000000             8
    0.48000000000000    0.00000000000000    0.44000000000000             8
    0.04000000000000    0.04000000000000    0.44000000000000             8
    0.08000000000000    0.04000000000000    0.44000000000000            16
    0.12000000000000    0.04000000000000    0.44000000000000            16
    0.16000000000000    0.04000000000000    0.44000000000000            16
    0.20000000000000    0.04000000000000    0.44000000000000            16
    0.24000000000000    0.04000000000000    0.44000000000000            16
    0.28000000000000    0.04000000000000    0.44000000000000            16
    0.32000000000000    0.04000000000000    0.44000000000000            16
    0.36000000000000    0.04000000000000    0.44000000000000            16
    0.40000000000000    0.04000000000000    0.44000000000000            16
    0.44000000000000    0.04000000000000    0.44000000000000            16
    0.48000000000000    0.04000000000000    0.44000000000000            16
    0.08000000000000    0.08000000000000    0.44000000000000             8
    0.12000000000000    0.08000000000000    0.44000000000000            16
    0.16000000000000    0.08000000000000    0.44000000000000            16
    0.20000000000000    0.08000000000000    0.44000000000000            16
    0.24000000000000    0.08000000000000    0.44000000000000            16
    0.28000000000000    0.08000000000000    0.44000000000000            16
    0.32000000000000    0.08000000000000    0.44000000000000            16
    0.36000000000000    0.08000000000000    0.44000000000000            16
    0.40000000000000    0.08000000000000    0.44000000000000            16
    0.44000000000000    0.08000000000000    0.44000000000000            16
    0.48000000000000    0.08000000000000    0.44000000000000            16
    0.12000000000000    0.12000000000000    0.44000000000000             8
    0.16000000000000    0.12000000000000    0.44000000000000            16
    0.20000000000000    0.12000000000000    0.44000000000000            16
    0.24000000000000    0.12000000000000    0.44000000000000            16
    0.28000000000000    0.12000000000000    0.44000000000000            16
    0.32000000000000    0.12000000000000    0.44000000000000            16
    0.36000000000000    0.12000000000000    0.44000000000000            16
    0.40000000000000    0.12000000000000    0.44000000000000            16
    0.44000000000000    0.12000000000000    0.44000000000000            16
    0.48000000000000    0.12000000000000    0.44000000000000            16
    0.16000000000000    0.16000000000000    0.44000000000000             8
    0.20000000000000    0.16000000000000    0.44000000000000            16
    0.24000000000000    0.16000000000000    0.44000000000000            16
    0.28000000000000    0.16000000000000    0.44000000000000            16
    0.32000000000000    0.16000000000000    0.44000000000000            16
    0.36000000000000    0.16000000000000    0.44000000000000            16
    0.40000000000000    0.16000000000000    0.44000000000000            16
    0.44000000000000    0.16000000000000    0.44000000000000            16
    0.48000000000000    0.16000000000000    0.44000000000000            16
    0.20000000000000    0.20000000000000    0.44000000000000             8
    0.24000000000000    0.20000000000000    0.44000000000000            16
    0.28000000000000    0.20000000000000    0.44000000000000            16
    0.32000000000000    0.20000000000000    0.44000000000000            16
    0.36000000000000    0.20000000000000    0.44000000000000            16
    0.40000000000000    0.20000000000000    0.44000000000000            16
    0.44000000000000    0.20000000000000    0.44000000000000            16
    0.48000000000000    0.20000000000000    0.44000000000000            16
    0.24000000000000    0.24000000000000    0.44000000000000             8
    0.28000000000000    0.24000000000000    0.44000000000000            16
    0.32000000000000    0.24000000000000    0.44000000000000            16
    0.36000000000000    0.24000000000000    0.44000000000000            16
    0.40000000000000    0.24000000000000    0.44000000000000            16
    0.44000000000000    0.24000000000000    0.44000000000000            16
    0.48000000000000    0.24000000000000    0.44000000000000            16
    0.28000000000000    0.28000000000000    0.44000000000000             8
    0.32000000000000    0.28000000000000    0.44000000000000            16
    0.36000000000000    0.28000000000000    0.44000000000000            16
    0.40000000000000    0.28000000000000    0.44000000000000            16
    0.44000000000000    0.28000000000000    0.44000000000000            16
    0.48000000000000    0.28000000000000    0.44000000000000            16
    0.32000000000000    0.32000000000000    0.44000000000000             8
    0.36000000000000    0.32000000000000    0.44000000000000            16
    0.40000000000000    0.32000000000000    0.44000000000000            16
    0.44000000000000    0.32000000000000    0.44000000000000            16
    0.48000000000000    0.32000000000000    0.44000000000000            16
    0.36000000000000    0.36000000000000    0.44000000000000             8
    0.40000000000000    0.36000000000000    0.44000000000000            16
    0.44000000000000    0.36000000000000    0.44000000000000            16
    0.48000000000000    0.36000000000000    0.44000000000000            16
    0.40000000000000    0.40000000000000    0.44000000000000             8
    0.44000000000000    0.40000000000000    0.44000000000000            16
    0.48000000000000    0.40000000000000    0.44000000000000            16
    0.44000000000000    0.44000000000000    0.44000000000000             8
    0.48000000000000    0.44000000000000    0.44000000000000            16
    0.48000000000000    0.48000000000000    0.44000000000000             8
    0.00000000000000    0.00000000000000    0.48000000000000             2
    0.04000000000000    0.00000000000000    0.48000000000000             8
    0.08000000000000    0.00000000000000    0.48000000000000             8
    0.12000000000000    0.00000000000000    0.48000000000000             8
    0.16000000000000    0.00000000000000    0.48000000000000             8
    0.20000000000000    0.00000000000000    0.48000000000000             8
    0.24000000000000    0.00000000000000    0.48000000000000             8
    0.28000000000000    0.00000000000000    0.48000000000000             8
    0.32000000000000    0.00000000000000    0.48000000000000             8
    0.36000000000000    0.00000000000000    0.48000000000000             8
    0.40000000000000    0.00000000000000    0.48000000000000             8
    0.44000000000000    0.00000000000000    0.48000000000000             8
    0.48000000000000    0.00000000000000    0.48000000000000             8
    0.04000000000000    0.04000000000000    0.48000000000000             8
    0.08000000000000    0.04000000000000    0.48000000000000            16
    0.12000000000000    0.04000000000000    0.48000000000000            16
    0.16000000000000    0.04000000000000    0.48000000000000            16
    0.20000000000000    0.04000000000000    0.48000000000000            16
    0.24000000000000    0.04000000000000    0.48000000000000            16
    0.28000000000000    0.04000000000000    0.48000000000000            16
    0.32000000000000    0.04000000000000    0.48000000000000            16
    0.36000000000000    0.04000000000000    0.48000000000000            16
    0.40000000000000    0.04000000000000    0.48000000000000            16
    0.44000000000000    0.04000000000000    0.48000000000000            16
    0.48000000000000    0.04000000000000    0.48000000000000            16
    0.08000000000000    0.08000000000000    0.48000000000000             8
    0.12000000000000    0.08000000000000    0.48000000000000            16
    0.16000000000000    0.08000000000000    0.48000000000000            16
    0.20000000000000    0.08000000000000    0.48000000000000            16
    0.24000000000000    0.08000000000000    0.48000000000000            16
    0.28000000000000    0.08000000000000    0.48000000000000            16
    0.32000000000000    0.08000000000000    0.48000000000000            16
    0.36000000000000    0.08000000000000    0.48000000000000            16
    0.40000000000000    0.08000000000000    0.48000000000000            16
    0.44000000000000    0.08000000000000    0.48000000000000            16
    0.48000000000000    0.08000000000000    0.48000000000000            16
    0.12000000000000    0.12000000000000    0.48000000000000             8
    0.16000000000000    0.12000000000000    0.48000000000000            16
    0.20000000000000    0.12000000000000    0.48000000000000            16
    0.24000000000000    0.12000000000000    0.48000000000000            16
    0.28000000000000    0.12000000000000    0.48000000000000            16
    0.32000000000000    0.12000000000000    0.48000000000000            16
    0.36000000000000    0.12000000000000    0.48000000000000            16
    0.40000000000000    0.12000000000000    0.48000000000000            16
    0.44000000000000    0.12000000000000    0.48000000000000            16
    0.48000000000000    0.12000000000000    0.48000000000000            16
    0.16000000000000    0.16000000000000    0.48000000000000             8
    0.20000000000000    0.16000000000000    0.48000000000000            16
    0.24000000000000    0.16000000000000    0.48000000000000            16
    0.28000000000000    0.16000000000000    0.48000000000000            16
    0.32000000000000    0.16000000000000    0.48000000000000            16
    0.36000000000000    0.16000000000000    0.48000000000000            16
    0.40000000000000    0.16000000000000    0.48000000000000            16
    0.44000000000000    0.16000000000000    0.48000000000000            16
    0.48000000000000    0.16000000000000    0.48000000000000            16
    0.20000000000000    0.20000000000000    0.48000000000000             8
    0.24000000000000    0.20000000000000    0.48000000000000            16
    0.28000000000000    0.20000000000000    0.48000000000000            16
    0.32000000000000    0.20000000000000    0.48000000000000            16
    0.36000000000000    0.20000000000000    0.48000000000000            16
    0.40000000000000    0.20000000000000    0.48000000000000            16
    0.44000000000000    0.20000000000000    0.48000000000000            16
    0.48000000000000    0.20000000000000    0.48000000000000            16
    0.24000000000000    0.24000000000000    0.48000000000000             8
    0.28000000000000    0.24000000000000    0.48000000000000            16
    0.32000000000000    0.24000000000000    0.48000000000000            16
    0.36000000000000    0.24000000000000    0.48000000000000            16
    0.40000000000000    0.24000000000000    0.48000000000000            16
    0.44000000000000    0.24000000000000    0.48000000000000            16
    0.48000000000000    0.24000000000000    0.48000000000000            16
    0.28000000000000    0.28000000000000    0.48000000000000             8
    0.32000000000000    0.28000000000000    0.48000000000000            16
    0.36000000000000    0.28000000000000    0.48000000000000            16
    0.40000000000000    0.28000000000000    0.48000000000000            16
    0.44000000000000    0.28000000000000    0.48000000000000            16
    0.48000000000000    0.28000000000000    0.48000000000000            16
    0.32000000000000    0.32000000000000    0.48000000000000             8
    0.36000000000000    0.32000000000000    0.48000000000000            16
    0.40000000000000    0.32000000000000    0.48000000000000            16
    0.44000000000000    0.32000000000000    0.48000000000000            16
    0.48000000000000    0.32000000000000    0.48000000000000            16
    0.36000000000000    0.36000000000000    0.48000000000000             8
    0.40000000000000    0.36000000000000    0.48000000000000            16
    0.44000000000000    0.36000000000000    0.48000000000000            16
    0.48000000000000    0.36000000000000    0.48000000000000            16
    0.40000000000000    0.40000000000000    0.48000000000000             8
    0.44000000000000    0.40000000000000    0.48000000000000            16
    0.48000000000000    0.40000000000000    0.48000000000000            16
    0.44000000000000    0.44000000000000    0.48000000000000             8
    0.48000000000000    0.44000000000000    0.48000000000000            16
    0.48000000000000    0.48000000000000    0.48000000000000             8
