SG=123
 name=P4/mmm 
 nsym= 16
 spinor=True
symmetries=
1 0 0   0 1 0   0 0 1     0.0 0.0 0.0      1.0  0.0  0.0  1.0    0.0  0.0  0.0  0.0
 time-reversal : False 

-1 0 0   0 -1 0   0 0 -1     0.0 0.0 0.2      1.0  0.0  0.0  1.0    0.0  0.0  0.0  0.0
 time-reversal : False 

0 -1 0   1 0 0   0 0 1     0.0 0.0 0.0      1.0  0.0  0.0  1.0    -0.25  0.0  0.0  0.25
 time-reversal : False 

0 1 0   -1 0 0   0 0 -1     0.0 0.0 0.2      1.0  0.0  0.0  1.0    -0.25  0.0  0.0  0.25
 time-reversal : False 

-1 0 0   0 -1 0   0 0 1     0.0 0.0 0.0      1.0  0.0  0.0  1.0    -0.5  0.0  0.0  0.5
 time-reversal : False 

1 0 0   0 1 0   0 0 -1     0.0 0.0 0.2      1.0  0.0  0.0  1.0    -0.5  0.0  0.0  0.5
 time-reversal : False 

0 1 0   -1 0 0   0 0 1     0.0 0.0 0.0      1.0  0.0  0.0  1.0    0.25  0.0  0.0  -0.25
 time-reversal : False 

0 -1 0   1 0 0   0 0 -1     0.0 0.0 0.2      1.0  0.0  0.0  1.0    0.25  0.0  0.0  -0.25
 time-reversal : False 

1 0 0   0 -1 0   0 0 -1     0.0 0.0 0.2      0.0  1.0  1.0  0.0    0.0  -0.5  -0.5  0.0
 time-reversal : False 

-1 0 0   0 1 0   0 0 1     0.0 0.0 0.0      0.0  1.0  1.0  0.0    0.0  -0.5  -0.5  0.0
 time-reversal : False 

0 -1 0   -1 0 0   0 0 -1     0.0 0.0 0.2      0.0  1.0  1.0  0.0    -0.97836  -0.25  -0.75  -0.03228
 time-reversal : False 

0 1 0   1 0 0   0 0 1     0.0 0.0 0.0      0.0  1.0  1.0  0.0    -0.97836  0.75  0.25  -0.03228
 time-reversal : False 

-1 0 0   0 1 0   0 0 -1     0.0 0.0 0.2      0.0  1.0  1.0  0.0    0.0  1.0  0.0  0.0
 time-reversal : False 

1 0 0   0 -1 0   0 0 1     0.0 0.0 0.0      0.0  1.0  1.0  0.0    0.0  1.0  0.0  0.0
 time-reversal : False 

0 1 0   1 0 0   0 0 -1     0.0 0.0 0.2      0.0  1.0  1.0  0.0    0.97836  -0.75  -0.25  0.03228
 time-reversal : False 

0 -1 0   -1 0 0   0 0 1     0.0 0.0 0.0      0.0  1.0  1.0  0.0    0.97836  -0.75  -0.25  0.03228
 time-reversal : False 


