 6  
 1  
 16
 1  0  0    0  1  0    0  0  1       0.000000   0.000000   0.000000        1.000000    0.000000      0.000000    0.000000      0.000000    0.000000      1.000000    0.000000
-1  0  0    0 -1  0    0  0 -1       0.000000   0.000000   0.200000        1.000000    0.000000      0.000000    0.000000      0.000000    0.000000      1.000000    0.000000
 0 -1  0    1  0  0    0  0  1       0.000000   0.000000   0.000000        0.707107   -0.707107      0.000000    0.000000      0.000000    0.000000      0.707107    0.707107
 0  1  0   -1  0  0    0  0 -1       0.000000   0.000000   0.200000        0.707107   -0.707107      0.000000    0.000000      0.000000    0.000000      0.707107    0.707107
-1  0  0    0 -1  0    0  0  1       0.000000   0.000000   0.000000        0.000000   -1.000000      0.000000    0.000000      0.000000    0.000000      0.000000    1.000000
 1  0  0    0  1  0    0  0 -1       0.000000   0.000000   0.200000        0.000000   -1.000000      0.000000    0.000000      0.000000    0.000000      0.000000    1.000000
 0  1  0   -1  0  0    0  0  1       0.000000   0.000000   0.000000        0.707107    0.707107      0.000000    0.000000      0.000000    0.000000      0.707107   -0.707107
 0 -1  0    1  0  0    0  0 -1       0.000000   0.000000   0.200000        0.707107    0.707107      0.000000    0.000000      0.000000    0.000000      0.707107   -0.707107
 1  0  0    0 -1  0    0  0 -1       0.000000   0.000000   0.200000        0.000000    0.000000      0.000000   -1.000000      0.000000   -1.000000      0.000000    0.000000
-1  0  0    0  1  0    0  0  1       0.000000   0.000000   0.000000        0.000000    0.000000      0.000000   -1.000000      0.000000   -1.000000      0.000000    0.000000
 0 -1  0   -1  0  0    0  0 -1       0.000000   0.000000   0.200000       -0.000000   -0.000000      0.707107   -0.707107     -0.707107   -0.707107      0.000000   -0.000000
 0  1  0    1  0  0    0  0  1       0.000000   0.000000   0.000000       -0.000000   -0.000000     -0.707107    0.707107      0.707107    0.707107      0.000000   -0.000000
-1  0  0    0  1  0    0  0 -1       0.000000   0.000000   0.200000        0.000000    0.000000     -1.000000    0.000000      1.000000    0.000000      0.000000    0.000000
 1  0  0    0 -1  0    0  0  1       0.000000   0.000000   0.000000        0.000000    0.000000     -1.000000    0.000000      1.000000    0.000000      0.000000    0.000000
 0  1  0    1  0  0    0  0 -1       0.000000   0.000000   0.200000       -0.000000    0.000000     -0.707107   -0.707107      0.707107   -0.707107      0.000000    0.000000
 0 -1  0   -1  0  0    0  0  1       0.000000   0.000000   0.000000       -0.000000    0.000000     -0.707107   -0.707107      0.707107   -0.707107      0.000000    0.000000
  4  
  0.000000     0.000000     0.000000
  0.500000     0.000000     0.000000
  0.000000     0.500000     0.000000
  0.500000     0.500000     0.000000
16 
 1  2  3  4  5  6  7  8  9  10  11  12  13  14  15  16 
        1         2   -13.5816   2.000032    -0.000000     2.000032     0.000000     1.414236    -0.000000     1.414236    -0.000000    -0.000000    -0.000000    -0.000000    -0.000000     1.414236     0.000000     1.414236     0.000000    -0.000000     0.000000     0.000000     0.000000    -0.000000     0.000001    -0.000000    -0.000001    -0.000000    -0.000001     0.000000    -0.000001    -0.000000    -0.000000     0.000000    -0.000000 
        3         2   -10.7148   2.000034    -0.000000    -2.000034     0.000000     1.414238    -0.000005    -1.414238     0.000005     0.000000    -0.000007    -0.000000     0.000007     1.414238     0.000005    -1.414238    -0.000005    -0.000000     0.000002    -0.000000    -0.000002     0.000000     0.000000     0.000000     0.000000    -0.000000     0.000001     0.000000    -0.000001    -0.000000     0.000002    -0.000000    -0.000002 
        5         2    -6.7213   2.000016    -0.000000     2.000016    -0.000000     1.414225    -0.000003     1.414225    -0.000003    -0.000000    -0.000004    -0.000000    -0.000004     1.414225     0.000003     1.414225     0.000003     0.000000     0.000001     0.000000     0.000001    -0.000000     0.000002     0.000000    -0.000002    -0.000000    -0.000002     0.000000    -0.000002    -0.000000    -0.000001    -0.000000    -0.000001 
8 
 1  2  5  6  9  10  13  14 
        1         2    -8.4519   2.000032     0.000000     2.000032    -0.000000    -0.000000     0.000001    -0.000000     0.000001    -0.000000     0.000000    -0.000000     0.000000     0.000000    -0.000001     0.000000    -0.000001 
        3         2    -7.6345   2.000031    -0.000000    -2.000030     0.000000     0.000000     0.000006    -0.000000    -0.000006    -0.000000    -0.000000    -0.000000     0.000000    -0.000000     0.000001     0.000000    -0.000001 
        5         2    -6.7591   2.000024     0.000000     2.000022     0.000000     0.000000     0.000005     0.000000     0.000005    -0.000000     0.000001    -0.000000     0.000001     0.000000     0.000000     0.000000     0.000000 
8 
 1  2  5  6  9  10  13  14 
        1         2    -8.4519   2.000030     0.000000     2.000028     0.000000     0.000000    -0.000007     0.000000    -0.000007     0.000000    -0.000001    -0.000000    -0.000001     0.000000     0.000005     0.000000     0.000005 
        3         2    -7.6345   2.000028     0.000000    -2.000026    -0.000000     0.000000     0.000005    -0.000000    -0.000005    -0.000000     0.000000     0.000000    -0.000000     0.000000    -0.000001     0.000000     0.000001 
        5         2    -6.7591   2.000018    -0.000000     2.000015    -0.000000     0.000000     0.000004    -0.000000     0.000004    -0.000000    -0.000001     0.000000    -0.000001    -0.000000    -0.000000     0.000000    -0.000000 
16 
 1  2  3  4  5  6  7  8  9  10  11  12  13  14  15  16 
        1         2    -4.0685   2.000022     0.000000    -2.000021     0.000000    -1.414227    -0.000001     1.414227     0.000001     0.000000     0.000001     0.000000    -0.000001    -1.414227     0.000001     1.414227    -0.000001    -0.000000    -0.000000    -0.000000     0.000000     0.000000    -0.000000     0.000000    -0.000000     0.000000    -0.000000     0.000000     0.000000     0.000000     0.000000    -0.000000    -0.000000 
        3         2    -4.0684   2.000022    -0.000000    -2.000020     0.000000     1.414227     0.000001    -1.414227    -0.000001    -0.000000     0.000002     0.000000    -0.000002     1.414227    -0.000001    -1.414227     0.000001    -0.000000    -0.000000    -0.000000     0.000000     0.000000     0.000000    -0.000000     0.000000    -0.000000    -0.000000     0.000000     0.000000    -0.000000    -0.000000     0.000000     0.000000 
        5         2    -0.7462   2.000009    -0.000000     2.000007    -0.000000     1.414218     0.000002     1.414218     0.000002     0.000000     0.000004     0.000000     0.000004     1.414218    -0.000002     1.414218    -0.000002     0.000000     0.000000    -0.000000     0.000000    -0.000000     0.000000     0.000000    -0.000000    -0.000000    -0.000000     0.000000    -0.000000    -0.000000     0.000000     0.000000     0.000000 
