    1   16    2
  9.013
    1    1  0.0150  0.0000  0.0000
 -0.175567205773   0.000000000000  -0.000000000000
 -0.003817473114  -0.000002725672  -0.000000000000
  0.000785905519   0.000000000000  -0.000000000000
 -0.003817473114   0.000002725672  -0.000000000000
  0.107209975242   0.000000000000  -0.000000000000
 -0.007337377971  -0.015233105268   0.000000000000
 -0.004673742917   0.000000000000  -0.000000000000
 -0.007337377971   0.015233105268   0.000000000000
 -0.003654289393   0.000000000000  -0.000000000000
  0.000871597725   0.000000030427  -0.000000000000
  0.008603103367   0.000000000000  -0.000000000000
  0.000871597725  -0.000000030427  -0.000000000000
  0.107211850940   0.000000000000  -0.000000000000
 -0.007335841945   0.015233585798   0.000000000000
 -0.004677406376   0.000000000000  -0.000000000000
 -0.007335841945  -0.015233585798   0.000000000000
    1    2  0.0000  0.0000  0.0150
  0.000000000000   0.000000000000  -0.000198801937
  0.000000000000  -0.000006938569  -0.005129494108
  0.000000000000   0.000000000000  -0.002700037583
  0.000000000000   0.000006938569  -0.005129494108
 -0.000006938569   0.000000000000  -0.005129494108
 -0.000003563203  -0.000003563203   0.007867109974
 -0.000000081674   0.000000000000  -0.002305212315
 -0.000003563203   0.000003563203   0.007867109974
  0.000000000000   0.000000000000  -0.002700037583
  0.000000000000  -0.000000081674  -0.002305212315
  0.000000000000   0.000000000000   0.003869262898
  0.000000000000   0.000000081674  -0.002305212315
  0.000006938569   0.000000000000  -0.005129494108
  0.000003563203  -0.000003563203   0.007867109974
  0.000000081674   0.000000000000  -0.002305212315
  0.000003563203   0.000003563203   0.007867109974
