Automatically generated mesh
      28
Reciprocal lattice
    0.00000000000000    0.00000000000000    0.00000000000000             1
    0.07692307692308    0.00000000000000    0.00000000000000             4
    0.15384615384615    0.00000000000000    0.00000000000000             4
    0.23076923076923    0.00000000000000    0.00000000000000             4
    0.30769230769231    0.00000000000000    0.00000000000000             4
    0.38461538461539    0.00000000000000    0.00000000000000             4
    0.46153846153846    0.00000000000000    0.00000000000000             4
    0.07692307692308    0.07692307692308    0.00000000000000             4
    0.15384615384615    0.07692307692308    0.00000000000000             8
    0.23076923076923    0.07692307692308    0.00000000000000             8
    0.30769230769231    0.07692307692308    0.00000000000000             8
    0.38461538461539    0.07692307692308    0.00000000000000             8
    0.46153846153846    0.07692307692308    0.00000000000000             8
    0.15384615384615    0.15384615384615    0.00000000000000             4
    0.23076923076923    0.15384615384615    0.00000000000000             8
    0.30769230769231    0.15384615384615    0.00000000000000             8
    0.38461538461539    0.15384615384615    0.00000000000000             8
    0.46153846153846    0.15384615384615    0.00000000000000             8
    0.23076923076923    0.23076923076923    0.00000000000000             4
    0.30769230769231    0.23076923076923    0.00000000000000             8
    0.38461538461539    0.23076923076923    0.00000000000000             8
    0.46153846153846    0.23076923076923    0.00000000000000             8
    0.30769230769231    0.30769230769231    0.00000000000000             4
    0.38461538461539    0.30769230769231    0.00000000000000             8
    0.46153846153846    0.30769230769231    0.00000000000000             8
    0.38461538461539    0.38461538461539    0.00000000000000             4
    0.46153846153846    0.38461538461539    0.00000000000000             8
    0.46153846153846    0.46153846153846    0.00000000000000             4
