  2
    1    2 
  1  4 -101.942969    4.000000    0.000000    0.000000    0.000000 
  5  2 -101.124278    2.000000    0.000000    2.000000    0.000000 
  7  2  -12.533203    2.000000    0.000000    2.000000    0.000000 
  9  2   -9.765614    2.000000    0.000000   -2.000000    0.000000 
 11  2   -5.715054    2.000000    0.000000    2.000000    0.000000 
  1
    1 
  1  4 -101.942755    4.000000    0.000000 
  5  2 -101.124053    2.000000    0.000000 
  7  2  -12.492665    2.000000    0.000000 
  9  2   -9.724390    2.000000    0.000000 
 11  2   -5.671195    2.000000    0.000000 
  1
    1 
  1  4 -101.942001    4.000000    0.000000 
  5  2 -101.123338    2.000000    0.000000 
  7  2  -12.371074    2.000000    0.000000 
  9  2   -9.601053    2.000000    0.000000 
 11  2   -5.540806    2.000000    0.000000 
  1
    1 
  1  4 -101.940856    4.000000    0.000000 
  5  2 -101.122193    2.000000    0.000000 
  7  2  -12.168529    2.000000    0.000000 
  9  2   -9.396658    2.000000    0.000000 
 11  2   -5.327895    2.000000    0.000000 
  1
    1 
  1  4 -101.939334    4.000000    0.000000 
  5  2 -101.120701    2.000000    0.000000 
  7  2  -11.885199    2.000000    0.000000 
  9  2   -9.113162    2.000000    0.000000 
 11  2   -5.040898    2.000000    0.000000 
  1
    1 
  1  4 -101.937593    4.000000    0.000000 
  5  2 -101.119003    2.000000    0.000000 
  7  2  -11.521417    2.000000    0.000000 
  9  2   -8.753809    2.000000    0.000000 
 11  2   -4.696818    2.000000    0.000000 
  1
    1 
  1  4 -101.935791    4.000000    0.000000 
  5  2 -101.117151    2.000000    0.000000 
  7  2  -11.077749    2.000000    0.000000 
  9  2   -8.323842    2.000000    0.000000 
 11  2   -4.331647    2.000000    0.000000 
  1
    1 
  1  4 -101.933895    4.000000    0.000000 
  5  2 -101.115272    2.000000    0.000000 
  7  2  -10.555195    2.000000    0.000000 
  9  2   -7.831935    2.000000    0.000000 
 11  2   -4.026337    2.000000    0.000000 
  1
    1 
  1  4 -101.932195    4.000000    0.000000 
  5  2 -101.113553    2.000000    0.000000 
  7  2   -9.955610    2.000000    0.000000 
  9  2   -7.293023    2.000000    0.000000 
 11  2   -3.948227    2.000000    0.000000 
  1
    1 
  1  4 -101.930621    4.000000    0.000000 
  5  2 -101.112000    2.000000    0.000000 
  7  2   -9.282623    2.000000    0.000000 
  9  2   -6.734162    2.000000    0.000000 
 11  2   -4.282458    2.000000    0.000000 
  1
    1 
  1  4 -101.929437    4.000000    0.000000 
  5  2 -101.110786    2.000000    0.000000 
  7  2   -8.544697    2.000000    0.000000 
  9  2   -6.206036    2.000000    0.000000 
 11  2   -4.973297    2.000000    0.000000 
  1
    1 
  1  4 -101.928764    4.000000    0.000000 
  5  2 -101.110101    2.000000    0.000000 
  7  2   -7.770531    2.000000    0.000000 
  9  2   -5.799791    2.000000    0.000000 
 11  2   -5.796631    2.000000    0.000000 
  2
    1    2 
  1  4 -101.928491    4.000000    0.000000    0.000000    0.000000 
  5  2 -101.109821    2.000000    0.000000   -2.000000    0.000000 
  7  2   -7.227851    2.000000    0.000000    2.000000    0.000000 
  9  2   -6.366583    2.000000    0.000000   -2.000000    0.000000 
 11  2   -5.641106    2.000000    0.000000    2.000000    0.000000 
  1
    1 
  1  4 -101.942487    4.000000    0.000000 
  5  2 -101.123794    2.000000    0.000000 
  7  2  -12.452066    2.000000    0.000000 
  9  2   -9.683090    2.000000    0.000000 
 11  2   -5.627234    2.000000    0.000000 
  1
    1 
  1  4 -101.941799    4.000000    0.000000 
  5  2 -101.123124    2.000000    0.000000 
  7  2  -12.330358    2.000000    0.000000 
  9  2   -9.559525    2.000000    0.000000 
 11  2   -5.496527    2.000000    0.000000 
  1
    1 
  1  4 -101.940646    4.000000    0.000000 
  5  2 -101.121990    2.000000    0.000000 
  7  2  -12.127567    2.000000    0.000000 
  9  2   -9.354745    2.000000    0.000000 
 11  2   -5.283042    2.000000    0.000000 
  1
    1 
  1  4 -101.939144    4.000000    0.000000 
  5  2 -101.120485    2.000000    0.000000 
  7  2  -11.843913    2.000000    0.000000 
  9  2   -9.070698    2.000000    0.000000 
 11  2   -4.995135    2.000000    0.000000 
  1
    1 
  1  4 -101.937386    4.000000    0.000000 
  5  2 -101.118775    2.000000    0.000000 
  7  2  -11.479747    2.000000    0.000000 
  9  2   -8.710617    2.000000    0.000000 
 11  2   -4.649666    2.000000    0.000000 
  1
    1 
  1  4 -101.935557    4.000000    0.000000 
  5  2 -101.116931    2.000000    0.000000 
  7  2  -11.035621    2.000000    0.000000 
  9  2   -8.279719    2.000000    0.000000 
 11  2   -4.282427    2.000000    0.000000 
  1
    1 
  1  4 -101.933673    4.000000    0.000000 
  5  2 -101.115028    2.000000    0.000000 
  7  2  -10.512533    2.000000    0.000000 
  9  2   -7.786628    2.000000    0.000000 
 11  2   -3.974321    2.000000    0.000000 
  1
    1 
  1  4 -101.931973    4.000000    0.000000 
  5  2 -101.113311    2.000000    0.000000 
  7  2   -9.912344    2.000000    0.000000 
  9  2   -7.246208    2.000000    0.000000 
 11  2   -3.893988    2.000000    0.000000 
  1
    1 
  1  4 -101.930422    4.000000    0.000000 
  5  2 -101.111777    2.000000    0.000000 
  7  2   -9.238660    2.000000    0.000000 
  9  2   -6.685408    2.000000    0.000000 
 11  2   -4.229359    2.000000    0.000000 
  1
    1 
  1  4 -101.929224    4.000000    0.000000 
  5  2 -101.110585    2.000000    0.000000 
  7  2   -8.499847    2.000000    0.000000 
  9  2   -6.154888    2.000000    0.000000 
 11  2   -4.923459    2.000000    0.000000 
  1
    1 
  1  4 -101.928524    4.000000    0.000000 
  5  2 -101.109830    2.000000    0.000000 
  7  2   -7.724327    2.000000    0.000000 
  9  2   -5.749823    2.000000    0.000000 
 11  2   -5.746178    2.000000    0.000000 
  1
    1 
  1  4 -101.928267    4.000000    0.000000 
  5  2 -101.109578    2.000000    0.000000 
  7  2   -7.179355    2.000000    0.000000 
  9  2   -6.322586    2.000000    0.000000 
 11  2   -5.586312    2.000000    0.000000 
  1
    1 
  1  4 -101.941075    4.000000    0.000000 
  5  2 -101.122405    2.000000    0.000000 
  7  2  -12.208206    2.000000    0.000000 
  9  2   -9.435266    2.000000    0.000000 
 11  2   -5.364828    2.000000    0.000000 
  1
    1 
  1  4 -101.939954    4.000000    0.000000 
  5  2 -101.121280    2.000000    0.000000 
  7  2  -12.004738    2.000000    0.000000 
  9  2   -9.229323    2.000000    0.000000 
 11  2   -5.149556    2.000000    0.000000 
  1
    1 
  1  4 -101.938420    4.000000    0.000000 
  5  2 -101.119786    2.000000    0.000000 
  7  2  -11.720141    2.000000    0.000000 
  9  2   -8.943626    2.000000    0.000000 
 11  2   -4.858822    2.000000    0.000000 
  1
    1 
  1  4 -101.936713    4.000000    0.000000 
  5  2 -101.118060    2.000000    0.000000 
  7  2  -11.354811    2.000000    0.000000 
  9  2   -8.581358    2.000000    0.000000 
 11  2   -4.509048    2.000000    0.000000 
  1
    1 
  1  4 -101.934913    4.000000    0.000000 
  5  2 -101.116243    2.000000    0.000000 
  7  2  -10.909325    2.000000    0.000000 
  9  2   -8.147666    2.000000    0.000000 
 11  2   -4.135393    2.000000    0.000000 
  1
    1 
  1  4 -101.933004    4.000000    0.000000 
  5  2 -101.114350    2.000000    0.000000 
  7  2  -10.384683    2.000000    0.000000 
  9  2   -7.651039    2.000000    0.000000 
 11  2   -3.818609    2.000000    0.000000 
  1
    1 
  1  4 -101.931263    4.000000    0.000000 
  5  2 -101.112581    2.000000    0.000000 
  7  2   -9.782732    2.000000    0.000000 
  9  2   -7.106101    2.000000    0.000000 
 11  2   -3.731405    2.000000    0.000000 
  1
    1 
  1  4 -101.929746    4.000000    0.000000 
  5  2 -101.111074    2.000000    0.000000 
  7  2   -9.107021    2.000000    0.000000 
  9  2   -6.539498    2.000000    0.000000 
 11  2   -4.070506    2.000000    0.000000 
  1
    1 
  1  4 -101.928587    4.000000    0.000000 
  5  2 -101.109928    2.000000    0.000000 
  7  2   -8.365642    2.000000    0.000000 
  9  2   -6.001762    2.000000    0.000000 
 11  2   -4.774684    2.000000    0.000000 
  1
    1 
  1  4 -101.927895    4.000000    0.000000 
  5  2 -101.109149    2.000000    0.000000 
  7  2   -7.586169    2.000000    0.000000 
  9  2   -5.610117    2.000000    0.000000 
 11  2   -5.585570    2.000000    0.000000 
  1
    1 
  1  4 -101.927598    4.000000    0.000000 
  5  2 -101.108868    2.000000    0.000000 
  7  2   -7.034362    2.000000    0.000000 
  9  2   -6.191333    2.000000    0.000000 
 11  2   -5.422095    2.000000    0.000000 
  1
    1 
  1  4 -101.938791    4.000000    0.000000 
  5  2 -101.120115    2.000000    0.000000 
  7  2  -11.800129    2.000000    0.000000 
  9  2   -9.021429    2.000000    0.000000 
 11  2   -4.931072    2.000000    0.000000 
  1
    1 
  1  4 -101.937361    4.000000    0.000000 
  5  2 -101.118664    2.000000    0.000000 
  7  2  -11.514041    2.000000    0.000000 
  9  2   -8.732963    2.000000    0.000000 
 11  2   -4.635268    2.000000    0.000000 
  1
    1 
  1  4 -101.935646    4.000000    0.000000 
  5  2 -101.116937    2.000000    0.000000 
  7  2  -11.146828    2.000000    0.000000 
  9  2   -8.367046    2.000000    0.000000 
 11  2   -4.277806    2.000000    0.000000 
  1
    1 
  1  4 -101.933821    4.000000    0.000000 
  5  2 -101.115115    2.000000    0.000000 
  7  2  -10.699154    2.000000    0.000000 
  9  2   -7.928706    2.000000    0.000000 
 11  2   -3.892687    2.000000    0.000000 
  1
    1 
  1  4 -101.931969    4.000000    0.000000 
  5  2 -101.113271    2.000000    0.000000 
  7  2  -10.172049    2.000000    0.000000 
  9  2   -7.426197    2.000000    0.000000 
 11  2   -3.560322    2.000000    0.000000 
  1
    1 
  1  4 -101.930226    4.000000    0.000000 
  5  2 -101.111508    2.000000    0.000000 
  7  2   -9.567346    2.000000    0.000000 
  9  2   -6.873771    2.000000    0.000000 
 11  2   -3.460910    2.000000    0.000000 
  1
    1 
  1  4 -101.928755    4.000000    0.000000 
  5  2 -101.110020    2.000000    0.000000 
  7  2   -8.888480    2.000000    0.000000 
  9  2   -6.297525    2.000000    0.000000 
 11  2   -3.807432    2.000000    0.000000 
  1
    1 
  1  4 -101.927561    4.000000    0.000000 
  5  2 -101.108828    2.000000    0.000000 
  7  2   -8.143151    2.000000    0.000000 
  9  2   -5.747663    2.000000    0.000000 
 11  2   -4.529432    2.000000    0.000000 
  1
    1 
  1  4 -101.926827    4.000000    0.000000 
  5  2 -101.108090    2.000000    0.000000 
  7  2   -7.357507    2.000000    0.000000 
  9  2   -5.379860    2.000000    0.000000 
 11  2   -5.318709    2.000000    0.000000 
  1
    1 
  1  4 -101.926587    4.000000    0.000000 
  5  2 -101.107822    2.000000    0.000000 
  7  2   -6.794387    2.000000    0.000000 
  9  2   -5.975075    2.000000    0.000000 
 11  2   -5.148980    2.000000    0.000000 
  1
    1 
  1  4 -101.935894    4.000000    0.000000 
  5  2 -101.117208    2.000000    0.000000 
  7  2  -11.225897    2.000000    0.000000 
  9  2   -8.440578    2.000000    0.000000 
 11  2   -4.331501    2.000000    0.000000 
  1
    1 
  1  4 -101.934188    4.000000    0.000000 
  5  2 -101.115467    2.000000    0.000000 
  7  2  -10.856180    2.000000    0.000000 
  9  2   -8.069519    2.000000    0.000000 
 11  2   -3.961988    2.000000    0.000000 
  1
    1 
  1  4 -101.932398    4.000000    0.000000 
  5  2 -101.113648    2.000000    0.000000 
  7  2  -10.405628    2.000000    0.000000 
  9  2   -7.624663    2.000000    0.000000 
 11  2   -3.558876    2.000000    0.000000 
  1
    1 
  1  4 -101.930564    4.000000    0.000000 
  5  2 -101.111804    2.000000    0.000000 
  7  2   -9.875333    2.000000    0.000000 
  9  2   -7.113959    2.000000    0.000000 
 11  2   -3.201789    2.000000    0.000000 
  1
    1 
  1  4 -101.928828    4.000000    0.000000 
  5  2 -101.110047    2.000000    0.000000 
  7  2   -9.267153    2.000000    0.000000 
  9  2   -6.551129    2.000000    0.000000 
 11  2   -3.083278    2.000000    0.000000 
  1
    1 
  1  4 -101.927362    4.000000    0.000000 
  5  2 -101.108543    2.000000    0.000000 
  7  2   -8.584385    2.000000    0.000000 
  9  2   -5.961437    2.000000    0.000000 
 11  2   -3.443436    2.000000    0.000000 
  1
    1 
  1  4 -101.926220    4.000000    0.000000 
  5  2 -101.107406    2.000000    0.000000 
  7  2   -7.834255    2.000000    0.000000 
  9  2   -5.394448    2.000000    0.000000 
 11  2   -4.192656    2.000000    0.000000 
  1
    1 
  1  4 -101.925465    4.000000    0.000000 
  5  2 -101.106650    2.000000    0.000000 
  7  2   -7.040918    2.000000    0.000000 
  9  2   -5.063496    2.000000    0.000000 
 11  2   -4.946974    2.000000    0.000000 
  1
    1 
  1  4 -101.925244    4.000000    0.000000 
  5  2 -101.106375    2.000000    0.000000 
  7  2   -6.462237    2.000000    0.000000 
  9  2   -5.677932    2.000000    0.000000 
 11  2   -4.767931    2.000000    0.000000 
  1
    1 
  1  4 -101.932508    4.000000    0.000000 
  5  2 -101.113733    2.000000    0.000000 
  7  2  -10.483455    2.000000    0.000000 
  9  2   -7.691763    2.000000    0.000000 
 11  2   -3.574250    2.000000    0.000000 
  1
    1 
  1  4 -101.930684    4.000000    0.000000 
  5  2 -101.111940    2.000000    0.000000 
  7  2  -10.029502    2.000000    0.000000 
  9  2   -7.238473    2.000000    0.000000 
 11  2   -3.143673    2.000000    0.000000 
  1
    1 
  1  4 -101.928837    4.000000    0.000000 
  5  2 -101.110046    2.000000    0.000000 
  7  2   -9.495560    2.000000    0.000000 
  9  2   -6.717251    2.000000    0.000000 
 11  2   -2.747872    2.000000    0.000000 
  1
    1 
  1  4 -101.927142    4.000000    0.000000 
  5  2 -101.108302    2.000000    0.000000 
  7  2   -8.883558    2.000000    0.000000 
  9  2   -6.141151    2.000000    0.000000 
 11  2   -2.599784    2.000000    0.000000 
  1
    1 
  1  4 -101.925700    4.000000    0.000000 
  5  2 -101.106834    2.000000    0.000000 
  7  2   -8.196735    2.000000    0.000000 
  9  2   -5.534303    2.000000    0.000000 
 11  2   -2.985583    2.000000    0.000000 
  1
    1 
  1  4 -101.924576    4.000000    0.000000 
  5  2 -101.105704    2.000000    0.000000 
  7  2   -7.441786    2.000000    0.000000 
  9  2   -4.945081    2.000000    0.000000 
 11  2   -3.773715    2.000000    0.000000 
  1
    1 
  1  4 -101.923860    4.000000    0.000000 
  5  2 -101.104983    2.000000    0.000000 
  7  2   -6.640456    2.000000    0.000000 
  9  2   -4.668643    2.000000    0.000000 
 11  2   -4.472663    2.000000    0.000000 
  1
    1 
  1  4 -101.923606    4.000000    0.000000 
  5  2 -101.104757    2.000000    0.000000 
  7  2   -6.042515    2.000000    0.000000 
  9  2   -5.306521    2.000000    0.000000 
 11  2   -4.280581    2.000000    0.000000 
  1
    1 
  1  4 -101.928882    4.000000    0.000000 
  5  2 -101.110026    2.000000    0.000000 
  7  2   -9.571839    2.000000    0.000000 
  9  2   -6.774671    2.000000    0.000000 
 11  2   -2.670538    2.000000    0.000000 
  1
    1 
  1  4 -101.927032    4.000000    0.000000 
  5  2 -101.108201    2.000000    0.000000 
  7  2   -9.034143    2.000000    0.000000 
  9  2   -6.240544    2.000000    0.000000 
 11  2   -2.210666    2.000000    0.000000 
  1
    1 
  1  4 -101.925305    4.000000    0.000000 
  5  2 -101.106443    2.000000    0.000000 
  7  2   -8.418510    2.000000    0.000000 
  9  2   -5.648341    2.000000    0.000000 
 11  2   -2.012551    2.000000    0.000000 
  1
    1 
  1  4 -101.923886    4.000000    0.000000 
  5  2 -101.105002    2.000000    0.000000 
  7  2   -7.728293    2.000000    0.000000 
  9  2   -5.020745    2.000000    0.000000 
 11  2   -2.450800    2.000000    0.000000 
  1
    1 
  1  4 -101.922803    4.000000    0.000000 
  5  2 -101.103883    2.000000    0.000000 
  7  2   -6.969808    2.000000    0.000000 
  9  2   -4.404163    2.000000    0.000000 
 11  2   -3.290641    2.000000    0.000000 
  1
    1 
  1  4 -101.922112    4.000000    0.000000 
  5  2 -101.103177    2.000000    0.000000 
  7  2   -6.162155    2.000000    0.000000 
  9  2   -4.208185    2.000000    0.000000 
 11  2   -3.899518    2.000000    0.000000 
  1
    1 
  1  4 -101.921854    4.000000    0.000000 
  5  2 -101.102948    2.000000    0.000000 
  7  2   -5.542598    2.000000    0.000000 
  9  2   -4.871057    2.000000    0.000000 
 11  2   -3.689627    2.000000    0.000000 
  1
    1 
  1  4 -101.925272    4.000000    0.000000 
  5  2 -101.106416    2.000000    0.000000 
  7  2   -8.492962    2.000000    0.000000 
  9  2   -5.690807    2.000000    0.000000 
 11  2   -1.635691    2.000000    0.000000 
  1
    1 
  1  4 -101.923600    4.000000    0.000000 
  5  2 -101.104677    2.000000    0.000000 
  7  2   -7.874605    2.000000    0.000000 
  9  2   -5.079545    2.000000    0.000000 
 11  2   -1.326159    2.000000    0.000000 
  1
    1 
  1  4 -101.922149    4.000000    0.000000 
  5  2 -101.103174    2.000000    0.000000 
  7  2   -7.182846    2.000000    0.000000 
  9  2   -4.427748    2.000000    0.000000 
 11  2   -1.888568    2.000000    0.000000 
  1
    1 
  1  4 -101.921003    4.000000    0.000000 
  5  2 -101.102038    2.000000    0.000000 
  7  2   -6.424047    2.000000    0.000000 
  9  2   -3.778872    2.000000    0.000000 
 11  2   -2.779946    2.000000    0.000000 
  1
    1 
  1  4 -101.920344    4.000000    0.000000 
  5  2 -101.101358    2.000000    0.000000 
  7  2   -5.614978    2.000000    0.000000 
  9  2   -3.704163    2.000000    0.000000 
 11  2   -3.233800    2.000000    0.000000 
  1
    1 
  1  4 -101.920113    4.000000    0.000000 
  5  2 -101.101105    2.000000    0.000000 
  7  2   -4.974376    2.000000    0.000000 
  9  2   -4.387135    2.000000    0.000000 
 11  2   -2.999688    2.000000    0.000000 
  1
    1 
  1  4 -101.921981    4.000000    0.000000 
  5  2 -101.102999    2.000000    0.000000 
  7  2   -7.255327    2.000000    0.000000 
  9  2   -4.445738    2.000000    0.000000 
 11  2   -0.747345    2.000000    0.000000 
  1
    1 
  1  4 -101.920532    4.000000    0.000000 
  5  2 -101.101509    2.000000    0.000000 
  7  2   -6.565524    2.000000    0.000000 
  9  2   -3.766256    2.000000    0.000000 
 11  2   -1.468464    2.000000    0.000000 
  1
    1 
  1  4 -101.919409    4.000000    0.000000 
  5  2 -101.100351    2.000000    0.000000 
  7  2   -5.812603    2.000000    0.000000 
  9  2   -3.080710    2.000000    0.000000 
 11  2   -2.317251    2.000000    0.000000 
  1
    1 
  1  4 -101.918764    4.000000    0.000000 
  5  2 -101.099701    2.000000    0.000000 
  7  2   -5.012356    2.000000    0.000000 
  9  2   -3.194976    2.000000    0.000000 
 11  2   -2.486517    2.000000    0.000000 
  1
    1 
  1  4 -101.918417    4.000000    0.000000 
  5  2 -101.099372    2.000000    0.000000 
  7  2   -4.357675    2.000000    0.000000 
  9  2   -3.878576    2.000000    0.000000 
 11  2   -2.219279    2.000000    0.000000 
  1
    1 
  1  4 -101.919113    4.000000    0.000000 
  5  2 -101.100029    2.000000    0.000000 
  7  2   -5.883477    2.000000    0.000000 
  9  2   -3.054733    2.000000    0.000000 
 11  2   -1.527588    2.000000    0.000000 
  1
    1 
  1  4 -101.918062    4.000000    0.000000 
  5  2 -101.098960    2.000000    0.000000 
  7  2   -5.147153    2.000000    0.000000 
  9  2   -2.329092    2.000000    0.000000 
 11  2   -2.039147    2.000000    0.000000 
  1
    1 
  1  4 -101.917299    4.000000    0.000000 
  5  2 -101.098222    2.000000    0.000000 
  7  2   -4.374858    2.000000    0.000000 
  9  2   -2.746132    2.000000    0.000000 
 11  2   -1.678496    2.000000    0.000000 
  1
    1 
  1  4 -101.917115    4.000000    0.000000 
  5  2 -101.098020    2.000000    0.000000 
  7  2   -3.726725    2.000000    0.000000 
  9  2   -3.381425    2.000000    0.000000 
 11  2   -1.365864    2.000000    0.000000 
  1
    1 
  1  4 -101.916923    4.000000    0.000000 
  5  2 -101.097843    2.000000    0.000000 
  7  2   -4.445147    2.000000    0.000000 
  9  2   -2.086040    2.000000    0.000000 
 11  2   -1.559705    2.000000    0.000000 
  1
    1 
  1  4 -101.916274    4.000000    0.000000 
  5  2 -101.097155    2.000000    0.000000 
  7  2   -3.734676    2.000000    0.000000 
  9  2   -2.455455    2.000000    0.000000 
 11  2   -0.852631    2.000000    0.000000 
  1
    1 
  1  4 -101.916083    4.000000    0.000000 
  5  2 -101.096952    2.000000    0.000000 
  7  2   -3.141635    2.000000    0.000000 
  9  2   -2.947720    2.000000    0.000000 
 11  2   -0.481182    2.000000    0.000000 
  1
    1 
  1  4 -101.915588    4.000000    0.000000 
  5  2 -101.096452    2.000000    0.000000 
  7  2   -3.142687    2.000000    0.000000 
  9  2   -2.421516    2.000000    0.000000 
 11  2   -0.103041    2.000000    0.000000 
  1
    1 
  1  4 -101.915321    4.000000    0.000000 
  5  2 -101.096176    2.000000    0.000000 
  7  2   -2.701930    2.000000    0.000000 
  9  2   -2.643874    2.000000    0.000000 
 11  2    0.315273    2.000000    0.000000 
  2
    1    2 
  1  4 -101.915235    4.000000    0.000000    0.000000    0.000000 
  5  2 -101.096015    2.000000    0.000000    2.000000    0.000000 
  7  4   -2.533425    4.000000    0.000000   -4.000000    0.000000 
 11  2    0.687955    2.000000    0.000000    2.000000    0.000000 
