
  1  3  3  4  4  4  4  4  4  3  3  4  4
  9  2  2  2  2  2  2  2  2  2  2  2  2
  9  2  2  2  2  2  2  2  2  2  2  2  2
  9  2  2  2  2  2  2  2  2  2  2  2  2
  9  2  2  2  2  2  2  2  2  2  2  2  2
  9  2  2  2  2  2  2  2  2  2  2  2  2
  9  2  2  2  2  2  2  2  2  2  2  2  2
  9  2  2  2  2  2  2  2  2  2  2  2  2
  9  2  2  2  2  2  2  2  2  2  2  2  2
  9  2  2  2  2  2  2  2  2  2  2  2  2
  9  2  2  2  2  2  2  2  2  2  2  2  2
  9  2  2  2  2  2  2  2  2  2  2  2  2
  6  3  3  4  4  3  3  4  4  3  3  4  4
  9  2  2  2  2  2  2  2  2  2  2  2  2
  9  2  2  2  2  2  2  2  2  2  2  2  2
  9  2  2  2  2  2  2  2  2  2  2  2  2
  9  2  2  2  2  2  2  2  2  2  2  2  2
  9  2  2  2  2  2  2  2  2  2  2  2  2
  9  2  2  2  2  2  2  2  2  2  2  2  2
  9  2  2  2  2  2  2  2  2  2  2  2  2
  9  2  2  2  2  2  2  2  2  2  2  2  2
  9  2  2  2  2  2  2  2  2  2  2  2  2
  9  2  2  2  2  2  2  2  2  2  2  2  2
  9  2  2  2  2  2  2  2  2  2  2  2  2
  9  2  2  2  2  2  2  2  2  2  2  2  2
  9  2  2  2  2  2  2  2  2  2  2  2  2
  9  2  2  2  2  2  2  2  2  2  2  2  2
  9  2  2  2  2  2  2  2  2  2  2  2  2
  9  2  2  2  2  2  2  2  2  2  2  2  2
  9  2  2  2  2  2  2  2  2  2  2  2  2
  9  2  2  2  2  2  2  2  2  2  2  2  2
  9  2  2  2  2  2  2  2  2  2  2  2  2
  9  2  2  2  2  2  2  2  2  2  2  2  2
  9  2  2  2  2  2  2  2  2  2  2  2  2
  9  2  2  2  2  2  2  2  2  2  2  2  2
  9  2  2  2  2  2  2  2  2  2  2  2  2
  9  2  2  2  2  2  2  2  2  2  2  2  2
  9  2  2  2  2  2  2  2  2  2  2  2  2
  9  2  2  2  2  2  2  2  2  2  2  2  2
  9  2  2  2  2  2  2  2  2  2  2  2  2
  9  2  2  2  2  2  2  2  2  2  2  2  2
  9  2  2  2  2  2  2  2  2  2  2  2  2
  9  2  2  2  2  2  2  2  2  2  2  2  2
  9  2  2  2  2  2  2  2  2  2  2  2  2
  9  2  2  2  2  2  2  2  2  2  2  2  2
  9  2  2  2  2  2  2  2  2  2  2  2  2
  9  2  2  2  2  2  2  2  2  2  2  2  2
  9  2  2  2  2  2  2  2  2  2  2  2  2
  9  2  2  2  2  2  2  2  2  2  2  2  2
  9  2  2  2  2  2  2  2  2  2  2  2  2
  9  2  2  2  2  2  2  2  2  2  2  2  2
  9  2  2  2  2  2  2  2  2  2  2  2  2
  9  2  2  2  2  2  2  2  2  2  2  2  2
  9  2  2  2  2  2  2  2  2  2  2  2  2
  9  2  2  2  2  2  2  2  2  2  2  2  2
  9  2  2  2  2  2  2  2  2  2  2  2  2
  9  2  2  2  2  2  2  2  2  2  2  2  2
  9  2  2  2  2  2  2  2  2  2  2  2  2
  9  2  2  2  2  2  2  2  2  2  2  2  2
  9  2  2  2  2  2  2  2  2  2  2  2  2
  9  2  2  2  2  2  2  2  2  2  2  2  2
  9  2  2  2  2  2  2  2  2  2  2  2  2
  9  2  2  2  2  2  2  2  2  2  2  2  2
  9  2  2  2  2  2  2  2  2  2  2  2  2
  9  2  2  2  2  2  2  2  2  2  2  2  2
  9  2  2  2  2  2  2  2  2  2  2  2  2
  9  2  2  2  2  2  2  2  2  2  2  2  2
  9  2  2  2  2  2  2  2  2  2  2  2  2
  9  2  2  2  2  2  2  2  2  2  2  2  2
  9  2  2  2  2  2  2  2  2  2  2  2  2
  9  2  2  2  2  2  2  2  2  2  2  2  2
  9  2  2  2  2  2  2  2  2  2  2  2  2
  9  2  2  2  2  2  2  2  2  2  2  2  2
  9  2  2  2  2  2  2  2  2  2  2  2  2
  9  2  2  2  2  2  2  2  2  2  2  2  2
  9  2  2  2  2  2  2  2  2  2  2  2  2
  9  2  2  2  2  2  2  2  2  2  2  2  2
  9  2  2  2  2  2  2  2  2  2  2  2  2
  9  2  2  2  2  2  2  2  2  2  2  2  2
  9  2  2  2  2  2  2  2  2  2  2  2  2
  9  2  2  2  2  2  2  2  2  2  2  2  2
  9  2  2  2  2  2  2  2  2  2  2  2  2
  9  2  2  2  2  2  2  2  2  2  2  2  2
  9  2  2  2  2  2  2  2  2  2  2  2  2
  9  2  2  2  2  2  2  2  2  2  2  2  2
  9  2  2  2  2  2  2  2  2  2  2  2  2
  9  2  2  2  2  2  2  2  2  2  2  2  2
  9  2  2  2  2  2  2  2  2  2  2  2  2
  9  2  2  2  2  2  2  2  2  2  2  2  2
  9  2  2  2  2  2  2  2  2  2  2  2  2
  5  3  3  4  4  4  4  3  3  3  3  4  4