Automatically generated mesh
      40
Reciprocal lattice
    0.00000000000000    0.00000000000000    0.00000000000000             1
    0.05263157894737    0.00000000000000    0.00000000000000             6
    0.10526315789474    0.00000000000000    0.00000000000000             6
    0.15789473684210    0.00000000000000    0.00000000000000             6
    0.21052631578947    0.00000000000000    0.00000000000000             6
    0.26315789473684    0.00000000000000    0.00000000000000             6
    0.31578947368421    0.00000000000000    0.00000000000000             6
    0.36842105263158    0.00000000000000    0.00000000000000             6
    0.42105263157895    0.00000000000000    0.00000000000000             6
    0.47368421052632    0.00000000000000    0.00000000000000             6
    0.05263157894737    0.05263157894737    0.00000000000000             6
    0.10526315789474    0.05263157894737    0.00000000000000            12
    0.15789473684210    0.05263157894737    0.00000000000000            12
    0.21052631578947    0.05263157894737    0.00000000000000            12
    0.26315789473684    0.05263157894737    0.00000000000000            12
    0.31578947368421    0.05263157894737    0.00000000000000            12
    0.36842105263158    0.05263157894737    0.00000000000000            12
    0.42105263157895    0.05263157894737    0.00000000000000            12
    0.47368421052632    0.05263157894737    0.00000000000000             6
    0.10526315789474    0.10526315789474    0.00000000000000             6
    0.15789473684210    0.10526315789474    0.00000000000000            12
    0.21052631578947    0.10526315789474    0.00000000000000            12
    0.26315789473684    0.10526315789474    0.00000000000000            12
    0.31578947368421    0.10526315789474    0.00000000000000            12
    0.36842105263158    0.10526315789474    0.00000000000000            12
    0.42105263157895    0.10526315789474    0.00000000000000            12
    0.15789473684210    0.15789473684210    0.00000000000000             6
    0.21052631578947    0.15789473684210    0.00000000000000            12
    0.26315789473684    0.15789473684210    0.00000000000000            12
    0.31578947368421    0.15789473684210    0.00000000000000            12
    0.36842105263158    0.15789473684210    0.00000000000000            12
    0.42105263157895    0.15789473684210    0.00000000000000             6
    0.21052631578947    0.21052631578947    0.00000000000000             6
    0.26315789473684    0.21052631578947    0.00000000000000            12
    0.31578947368421    0.21052631578947    0.00000000000000            12
    0.36842105263158    0.21052631578947    0.00000000000000            12
    0.26315789473684    0.26315789473684    0.00000000000000             6
    0.31578947368421    0.26315789473684    0.00000000000000            12
    0.36842105263158    0.26315789473684    0.00000000000000             6
    0.31578947368421    0.31578947368421    0.00000000000000             6
