Automatically generated mesh
     726
Reciprocal lattice
    0.00000000000000    0.00000000000000    0.00000000000000             1
    0.05000000000000    0.00000000000000    0.00000000000000             4
    0.10000000000000    0.00000000000000    0.00000000000000             4
    0.15000000000000    0.00000000000000    0.00000000000000             4
    0.20000000000000    0.00000000000000    0.00000000000000             4
    0.25000000000000    0.00000000000000    0.00000000000000             4
    0.30000000000000    0.00000000000000    0.00000000000000             4
    0.35000000000000    0.00000000000000    0.00000000000000             4
    0.40000000000000    0.00000000000000    0.00000000000000             4
    0.45000000000000    0.00000000000000    0.00000000000000             4
    0.50000000000000    0.00000000000000    0.00000000000000             2
    0.05000000000000    0.05000000000000    0.00000000000000             4
    0.10000000000000    0.05000000000000    0.00000000000000             8
    0.15000000000000    0.05000000000000    0.00000000000000             8
    0.20000000000000    0.05000000000000    0.00000000000000             8
    0.25000000000000    0.05000000000000    0.00000000000000             8
    0.30000000000000    0.05000000000000    0.00000000000000             8
    0.35000000000000    0.05000000000000    0.00000000000000             8
    0.40000000000000    0.05000000000000    0.00000000000000             8
    0.45000000000000    0.05000000000000    0.00000000000000             8
    0.50000000000000    0.05000000000000    0.00000000000000             4
    0.10000000000000    0.10000000000000    0.00000000000000             4
    0.15000000000000    0.10000000000000    0.00000000000000             8
    0.20000000000000    0.10000000000000    0.00000000000000             8
    0.25000000000000    0.10000000000000    0.00000000000000             8
    0.30000000000000    0.10000000000000    0.00000000000000             8
    0.35000000000000    0.10000000000000    0.00000000000000             8
    0.40000000000000    0.10000000000000    0.00000000000000             8
    0.45000000000000    0.10000000000000    0.00000000000000             8
    0.50000000000000    0.10000000000000    0.00000000000000             4
    0.15000000000000    0.15000000000000    0.00000000000000             4
    0.20000000000000    0.15000000000000    0.00000000000000             8
    0.25000000000000    0.15000000000000    0.00000000000000             8
    0.30000000000000    0.15000000000000    0.00000000000000             8
    0.35000000000000    0.15000000000000    0.00000000000000             8
    0.40000000000000    0.15000000000000    0.00000000000000             8
    0.45000000000000    0.15000000000000    0.00000000000000             8
    0.50000000000000    0.15000000000000    0.00000000000000             4
    0.20000000000000    0.20000000000000    0.00000000000000             4
    0.25000000000000    0.20000000000000    0.00000000000000             8
    0.30000000000000    0.20000000000000    0.00000000000000             8
    0.35000000000000    0.20000000000000    0.00000000000000             8
    0.40000000000000    0.20000000000000    0.00000000000000             8
    0.45000000000000    0.20000000000000    0.00000000000000             8
    0.50000000000000    0.20000000000000    0.00000000000000             4
    0.25000000000000    0.25000000000000    0.00000000000000             4
    0.30000000000000    0.25000000000000    0.00000000000000             8
    0.35000000000000    0.25000000000000    0.00000000000000             8
    0.40000000000000    0.25000000000000    0.00000000000000             8
    0.45000000000000    0.25000000000000    0.00000000000000             8
    0.50000000000000    0.25000000000000    0.00000000000000             4
    0.30000000000000    0.30000000000000    0.00000000000000             4
    0.35000000000000    0.30000000000000    0.00000000000000             8
    0.40000000000000    0.30000000000000    0.00000000000000             8
    0.45000000000000    0.30000000000000    0.00000000000000             8
    0.50000000000000    0.30000000000000    0.00000000000000             4
    0.35000000000000    0.35000000000000    0.00000000000000             4
    0.40000000000000    0.35000000000000    0.00000000000000             8
    0.45000000000000    0.35000000000000    0.00000000000000             8
    0.50000000000000    0.35000000000000    0.00000000000000             4
    0.40000000000000    0.40000000000000    0.00000000000000             4
    0.45000000000000    0.40000000000000    0.00000000000000             8
    0.50000000000000    0.40000000000000    0.00000000000000             4
    0.45000000000000    0.45000000000000    0.00000000000000             4
    0.50000000000000    0.45000000000000    0.00000000000000             4
    0.50000000000000    0.50000000000000    0.00000000000000             1
    0.00000000000000    0.00000000000000    0.05000000000000             2
    0.05000000000000    0.00000000000000    0.05000000000000             8
    0.10000000000000    0.00000000000000    0.05000000000000             8
    0.15000000000000    0.00000000000000    0.05000000000000             8
    0.20000000000000    0.00000000000000    0.05000000000000             8
    0.25000000000000    0.00000000000000    0.05000000000000             8
    0.30000000000000    0.00000000000000    0.05000000000000             8
    0.35000000000000    0.00000000000000    0.05000000000000             8
    0.40000000000000    0.00000000000000    0.05000000000000             8
    0.45000000000000    0.00000000000000    0.05000000000000             8
    0.50000000000000    0.00000000000000    0.05000000000000             4
    0.05000000000000    0.05000000000000    0.05000000000000             8
    0.10000000000000    0.05000000000000    0.05000000000000            16
    0.15000000000000    0.05000000000000    0.05000000000000            16
    0.20000000000000    0.05000000000000    0.05000000000000            16
    0.25000000000000    0.05000000000000    0.05000000000000            16
    0.30000000000000    0.05000000000000    0.05000000000000            16
    0.35000000000000    0.05000000000000    0.05000000000000            16
    0.40000000000000    0.05000000000000    0.05000000000000            16
    0.45000000000000    0.05000000000000    0.05000000000000            16
    0.50000000000000    0.05000000000000    0.05000000000000             8
    0.10000000000000    0.10000000000000    0.05000000000000             8
    0.15000000000000    0.10000000000000    0.05000000000000            16
    0.20000000000000    0.10000000000000    0.05000000000000            16
    0.25000000000000    0.10000000000000    0.05000000000000            16
    0.30000000000000    0.10000000000000    0.05000000000000            16
    0.35000000000000    0.10000000000000    0.05000000000000            16
    0.40000000000000    0.10000000000000    0.05000000000000            16
    0.45000000000000    0.10000000000000    0.05000000000000            16
    0.50000000000000    0.10000000000000    0.05000000000000             8
    0.15000000000000    0.15000000000000    0.05000000000000             8
    0.20000000000000    0.15000000000000    0.05000000000000            16
    0.25000000000000    0.15000000000000    0.05000000000000            16
    0.30000000000000    0.15000000000000    0.05000000000000            16
    0.35000000000000    0.15000000000000    0.05000000000000            16
    0.40000000000000    0.15000000000000    0.05000000000000            16
    0.45000000000000    0.15000000000000    0.05000000000000            16
    0.50000000000000    0.15000000000000    0.05000000000000             8
    0.20000000000000    0.20000000000000    0.05000000000000             8
    0.25000000000000    0.20000000000000    0.05000000000000            16
    0.30000000000000    0.20000000000000    0.05000000000000            16
    0.35000000000000    0.20000000000000    0.05000000000000            16
    0.40000000000000    0.20000000000000    0.05000000000000            16
    0.45000000000000    0.20000000000000    0.05000000000000            16
    0.50000000000000    0.20000000000000    0.05000000000000             8
    0.25000000000000    0.25000000000000    0.05000000000000             8
    0.30000000000000    0.25000000000000    0.05000000000000            16
    0.35000000000000    0.25000000000000    0.05000000000000            16
    0.40000000000000    0.25000000000000    0.05000000000000            16
    0.45000000000000    0.25000000000000    0.05000000000000            16
    0.50000000000000    0.25000000000000    0.05000000000000             8
    0.30000000000000    0.30000000000000    0.05000000000000             8
    0.35000000000000    0.30000000000000    0.05000000000000            16
    0.40000000000000    0.30000000000000    0.05000000000000            16
    0.45000000000000    0.30000000000000    0.05000000000000            16
    0.50000000000000    0.30000000000000    0.05000000000000             8
    0.35000000000000    0.35000000000000    0.05000000000000             8
    0.40000000000000    0.35000000000000    0.05000000000000            16
    0.45000000000000    0.35000000000000    0.05000000000000            16
    0.50000000000000    0.35000000000000    0.05000000000000             8
    0.40000000000000    0.40000000000000    0.05000000000000             8
    0.45000000000000    0.40000000000000    0.05000000000000            16
    0.50000000000000    0.40000000000000    0.05000000000000             8
    0.45000000000000    0.45000000000000    0.05000000000000             8
    0.50000000000000    0.45000000000000    0.05000000000000             8
    0.50000000000000    0.50000000000000    0.05000000000000             2
    0.00000000000000    0.00000000000000    0.10000000000000             2
    0.05000000000000    0.00000000000000    0.10000000000000             8
    0.10000000000000    0.00000000000000    0.10000000000000             8
    0.15000000000000    0.00000000000000    0.10000000000000             8
    0.20000000000000    0.00000000000000    0.10000000000000             8
    0.25000000000000    0.00000000000000    0.10000000000000             8
    0.30000000000000    0.00000000000000    0.10000000000000             8
    0.35000000000000    0.00000000000000    0.10000000000000             8
    0.40000000000000    0.00000000000000    0.10000000000000             8
    0.45000000000000    0.00000000000000    0.10000000000000             8
    0.50000000000000    0.00000000000000    0.10000000000000             4
    0.05000000000000    0.05000000000000    0.10000000000000             8
    0.10000000000000    0.05000000000000    0.10000000000000            16
    0.15000000000000    0.05000000000000    0.10000000000000            16
    0.20000000000000    0.05000000000000    0.10000000000000            16
    0.25000000000000    0.05000000000000    0.10000000000000            16
    0.30000000000000    0.05000000000000    0.10000000000000            16
    0.35000000000000    0.05000000000000    0.10000000000000            16
    0.40000000000000    0.05000000000000    0.10000000000000            16
    0.45000000000000    0.05000000000000    0.10000000000000            16
    0.50000000000000    0.05000000000000    0.10000000000000             8
    0.10000000000000    0.10000000000000    0.10000000000000             8
    0.15000000000000    0.10000000000000    0.10000000000000            16
    0.20000000000000    0.10000000000000    0.10000000000000            16
    0.25000000000000    0.10000000000000    0.10000000000000            16
    0.30000000000000    0.10000000000000    0.10000000000000            16
    0.35000000000000    0.10000000000000    0.10000000000000            16
    0.40000000000000    0.10000000000000    0.10000000000000            16
    0.45000000000000    0.10000000000000    0.10000000000000            16
    0.50000000000000    0.10000000000000    0.10000000000000             8
    0.15000000000000    0.15000000000000    0.10000000000000             8
    0.20000000000000    0.15000000000000    0.10000000000000            16
    0.25000000000000    0.15000000000000    0.10000000000000            16
    0.30000000000000    0.15000000000000    0.10000000000000            16
    0.35000000000000    0.15000000000000    0.10000000000000            16
    0.40000000000000    0.15000000000000    0.10000000000000            16
    0.45000000000000    0.15000000000000    0.10000000000000            16
    0.50000000000000    0.15000000000000    0.10000000000000             8
    0.20000000000000    0.20000000000000    0.10000000000000             8
    0.25000000000000    0.20000000000000    0.10000000000000            16
    0.30000000000000    0.20000000000000    0.10000000000000            16
    0.35000000000000    0.20000000000000    0.10000000000000            16
    0.40000000000000    0.20000000000000    0.10000000000000            16
    0.45000000000000    0.20000000000000    0.10000000000000            16
    0.50000000000000    0.20000000000000    0.10000000000000             8
    0.25000000000000    0.25000000000000    0.10000000000000             8
    0.30000000000000    0.25000000000000    0.10000000000000            16
    0.35000000000000    0.25000000000000    0.10000000000000            16
    0.40000000000000    0.25000000000000    0.10000000000000            16
    0.45000000000000    0.25000000000000    0.10000000000000            16
    0.50000000000000    0.25000000000000    0.10000000000000             8
    0.30000000000000    0.30000000000000    0.10000000000000             8
    0.35000000000000    0.30000000000000    0.10000000000000            16
    0.40000000000000    0.30000000000000    0.10000000000000            16
    0.45000000000000    0.30000000000000    0.10000000000000            16
    0.50000000000000    0.30000000000000    0.10000000000000             8
    0.35000000000000    0.35000000000000    0.10000000000000             8
    0.40000000000000    0.35000000000000    0.10000000000000            16
    0.45000000000000    0.35000000000000    0.10000000000000            16
    0.50000000000000    0.35000000000000    0.10000000000000             8
    0.40000000000000    0.40000000000000    0.10000000000000             8
    0.45000000000000    0.40000000000000    0.10000000000000            16
    0.50000000000000    0.40000000000000    0.10000000000000             8
    0.45000000000000    0.45000000000000    0.10000000000000             8
    0.50000000000000    0.45000000000000    0.10000000000000             8
    0.50000000000000    0.50000000000000    0.10000000000000             2
    0.00000000000000    0.00000000000000    0.15000000000000             2
    0.05000000000000    0.00000000000000    0.15000000000000             8
    0.10000000000000    0.00000000000000    0.15000000000000             8
    0.15000000000000    0.00000000000000    0.15000000000000             8
    0.20000000000000    0.00000000000000    0.15000000000000             8
    0.25000000000000    0.00000000000000    0.15000000000000             8
    0.30000000000000    0.00000000000000    0.15000000000000             8
    0.35000000000000    0.00000000000000    0.15000000000000             8
    0.40000000000000    0.00000000000000    0.15000000000000             8
    0.45000000000000    0.00000000000000    0.15000000000000             8
    0.50000000000000    0.00000000000000    0.15000000000000             4
    0.05000000000000    0.05000000000000    0.15000000000000             8
    0.10000000000000    0.05000000000000    0.15000000000000            16
    0.15000000000000    0.05000000000000    0.15000000000000            16
    0.20000000000000    0.05000000000000    0.15000000000000            16
    0.25000000000000    0.05000000000000    0.15000000000000            16
    0.30000000000000    0.05000000000000    0.15000000000000            16
    0.35000000000000    0.05000000000000    0.15000000000000            16
    0.40000000000000    0.05000000000000    0.15000000000000            16
    0.45000000000000    0.05000000000000    0.15000000000000            16
    0.50000000000000    0.05000000000000    0.15000000000000             8
    0.10000000000000    0.10000000000000    0.15000000000000             8
    0.15000000000000    0.10000000000000    0.15000000000000            16
    0.20000000000000    0.10000000000000    0.15000000000000            16
    0.25000000000000    0.10000000000000    0.15000000000000            16
    0.30000000000000    0.10000000000000    0.15000000000000            16
    0.35000000000000    0.10000000000000    0.15000000000000            16
    0.40000000000000    0.10000000000000    0.15000000000000            16
    0.45000000000000    0.10000000000000    0.15000000000000            16
    0.50000000000000    0.10000000000000    0.15000000000000             8
    0.15000000000000    0.15000000000000    0.15000000000000             8
    0.20000000000000    0.15000000000000    0.15000000000000            16
    0.25000000000000    0.15000000000000    0.15000000000000            16
    0.30000000000000    0.15000000000000    0.15000000000000            16
    0.35000000000000    0.15000000000000    0.15000000000000            16
    0.40000000000000    0.15000000000000    0.15000000000000            16
    0.45000000000000    0.15000000000000    0.15000000000000            16
    0.50000000000000    0.15000000000000    0.15000000000000             8
    0.20000000000000    0.20000000000000    0.15000000000000             8
    0.25000000000000    0.20000000000000    0.15000000000000            16
    0.30000000000000    0.20000000000000    0.15000000000000            16
    0.35000000000000    0.20000000000000    0.15000000000000            16
    0.40000000000000    0.20000000000000    0.15000000000000            16
    0.45000000000000    0.20000000000000    0.15000000000000            16
    0.50000000000000    0.20000000000000    0.15000000000000             8
    0.25000000000000    0.25000000000000    0.15000000000000             8
    0.30000000000000    0.25000000000000    0.15000000000000            16
    0.35000000000000    0.25000000000000    0.15000000000000            16
    0.40000000000000    0.25000000000000    0.15000000000000            16
    0.45000000000000    0.25000000000000    0.15000000000000            16
    0.50000000000000    0.25000000000000    0.15000000000000             8
    0.30000000000000    0.30000000000000    0.15000000000000             8
    0.35000000000000    0.30000000000000    0.15000000000000            16
    0.40000000000000    0.30000000000000    0.15000000000000            16
    0.45000000000000    0.30000000000000    0.15000000000000            16
    0.50000000000000    0.30000000000000    0.15000000000000             8
    0.35000000000000    0.35000000000000    0.15000000000000             8
    0.40000000000000    0.35000000000000    0.15000000000000            16
    0.45000000000000    0.35000000000000    0.15000000000000            16
    0.50000000000000    0.35000000000000    0.15000000000000             8
    0.40000000000000    0.40000000000000    0.15000000000000             8
    0.45000000000000    0.40000000000000    0.15000000000000            16
    0.50000000000000    0.40000000000000    0.15000000000000             8
    0.45000000000000    0.45000000000000    0.15000000000000             8
    0.50000000000000    0.45000000000000    0.15000000000000             8
    0.50000000000000    0.50000000000000    0.15000000000000             2
    0.00000000000000    0.00000000000000    0.20000000000000             2
    0.05000000000000    0.00000000000000    0.20000000000000             8
    0.10000000000000    0.00000000000000    0.20000000000000             8
    0.15000000000000    0.00000000000000    0.20000000000000             8
    0.20000000000000    0.00000000000000    0.20000000000000             8
    0.25000000000000    0.00000000000000    0.20000000000000             8
    0.30000000000000    0.00000000000000    0.20000000000000             8
    0.35000000000000    0.00000000000000    0.20000000000000             8
    0.40000000000000    0.00000000000000    0.20000000000000             8
    0.45000000000000    0.00000000000000    0.20000000000000             8
    0.50000000000000    0.00000000000000    0.20000000000000             4
    0.05000000000000    0.05000000000000    0.20000000000000             8
    0.10000000000000    0.05000000000000    0.20000000000000            16
    0.15000000000000    0.05000000000000    0.20000000000000            16
    0.20000000000000    0.05000000000000    0.20000000000000            16
    0.25000000000000    0.05000000000000    0.20000000000000            16
    0.30000000000000    0.05000000000000    0.20000000000000            16
    0.35000000000000    0.05000000000000    0.20000000000000            16
    0.40000000000000    0.05000000000000    0.20000000000000            16
    0.45000000000000    0.05000000000000    0.20000000000000            16
    0.50000000000000    0.05000000000000    0.20000000000000             8
    0.10000000000000    0.10000000000000    0.20000000000000             8
    0.15000000000000    0.10000000000000    0.20000000000000            16
    0.20000000000000    0.10000000000000    0.20000000000000            16
    0.25000000000000    0.10000000000000    0.20000000000000            16
    0.30000000000000    0.10000000000000    0.20000000000000            16
    0.35000000000000    0.10000000000000    0.20000000000000            16
    0.40000000000000    0.10000000000000    0.20000000000000            16
    0.45000000000000    0.10000000000000    0.20000000000000            16
    0.50000000000000    0.10000000000000    0.20000000000000             8
    0.15000000000000    0.15000000000000    0.20000000000000             8
    0.20000000000000    0.15000000000000    0.20000000000000            16
    0.25000000000000    0.15000000000000    0.20000000000000            16
    0.30000000000000    0.15000000000000    0.20000000000000            16
    0.35000000000000    0.15000000000000    0.20000000000000            16
    0.40000000000000    0.15000000000000    0.20000000000000            16
    0.45000000000000    0.15000000000000    0.20000000000000            16
    0.50000000000000    0.15000000000000    0.20000000000000             8
    0.20000000000000    0.20000000000000    0.20000000000000             8
    0.25000000000000    0.20000000000000    0.20000000000000            16
    0.30000000000000    0.20000000000000    0.20000000000000            16
    0.35000000000000    0.20000000000000    0.20000000000000            16
    0.40000000000000    0.20000000000000    0.20000000000000            16
    0.45000000000000    0.20000000000000    0.20000000000000            16
    0.50000000000000    0.20000000000000    0.20000000000000             8
    0.25000000000000    0.25000000000000    0.20000000000000             8
    0.30000000000000    0.25000000000000    0.20000000000000            16
    0.35000000000000    0.25000000000000    0.20000000000000            16
    0.40000000000000    0.25000000000000    0.20000000000000            16
    0.45000000000000    0.25000000000000    0.20000000000000            16
    0.50000000000000    0.25000000000000    0.20000000000000             8
    0.30000000000000    0.30000000000000    0.20000000000000             8
    0.35000000000000    0.30000000000000    0.20000000000000            16
    0.40000000000000    0.30000000000000    0.20000000000000            16
    0.45000000000000    0.30000000000000    0.20000000000000            16
    0.50000000000000    0.30000000000000    0.20000000000000             8
    0.35000000000000    0.35000000000000    0.20000000000000             8
    0.40000000000000    0.35000000000000    0.20000000000000            16
    0.45000000000000    0.35000000000000    0.20000000000000            16
    0.50000000000000    0.35000000000000    0.20000000000000             8
    0.40000000000000    0.40000000000000    0.20000000000000             8
    0.45000000000000    0.40000000000000    0.20000000000000            16
    0.50000000000000    0.40000000000000    0.20000000000000             8
    0.45000000000000    0.45000000000000    0.20000000000000             8
    0.50000000000000    0.45000000000000    0.20000000000000             8
    0.50000000000000    0.50000000000000    0.20000000000000             2
    0.00000000000000    0.00000000000000    0.25000000000000             2
    0.05000000000000    0.00000000000000    0.25000000000000             8
    0.10000000000000    0.00000000000000    0.25000000000000             8
    0.15000000000000    0.00000000000000    0.25000000000000             8
    0.20000000000000    0.00000000000000    0.25000000000000             8
    0.25000000000000    0.00000000000000    0.25000000000000             8
    0.30000000000000    0.00000000000000    0.25000000000000             8
    0.35000000000000    0.00000000000000    0.25000000000000             8
    0.40000000000000    0.00000000000000    0.25000000000000             8
    0.45000000000000    0.00000000000000    0.25000000000000             8
    0.50000000000000    0.00000000000000    0.25000000000000             4
    0.05000000000000    0.05000000000000    0.25000000000000             8
    0.10000000000000    0.05000000000000    0.25000000000000            16
    0.15000000000000    0.05000000000000    0.25000000000000            16
    0.20000000000000    0.05000000000000    0.25000000000000            16
    0.25000000000000    0.05000000000000    0.25000000000000            16
    0.30000000000000    0.05000000000000    0.25000000000000            16
    0.35000000000000    0.05000000000000    0.25000000000000            16
    0.40000000000000    0.05000000000000    0.25000000000000            16
    0.45000000000000    0.05000000000000    0.25000000000000            16
    0.50000000000000    0.05000000000000    0.25000000000000             8
    0.10000000000000    0.10000000000000    0.25000000000000             8
    0.15000000000000    0.10000000000000    0.25000000000000            16
    0.20000000000000    0.10000000000000    0.25000000000000            16
    0.25000000000000    0.10000000000000    0.25000000000000            16
    0.30000000000000    0.10000000000000    0.25000000000000            16
    0.35000000000000    0.10000000000000    0.25000000000000            16
    0.40000000000000    0.10000000000000    0.25000000000000            16
    0.45000000000000    0.10000000000000    0.25000000000000            16
    0.50000000000000    0.10000000000000    0.25000000000000             8
    0.15000000000000    0.15000000000000    0.25000000000000             8
    0.20000000000000    0.15000000000000    0.25000000000000            16
    0.25000000000000    0.15000000000000    0.25000000000000            16
    0.30000000000000    0.15000000000000    0.25000000000000            16
    0.35000000000000    0.15000000000000    0.25000000000000            16
    0.40000000000000    0.15000000000000    0.25000000000000            16
    0.45000000000000    0.15000000000000    0.25000000000000            16
    0.50000000000000    0.15000000000000    0.25000000000000             8
    0.20000000000000    0.20000000000000    0.25000000000000             8
    0.25000000000000    0.20000000000000    0.25000000000000            16
    0.30000000000000    0.20000000000000    0.25000000000000            16
    0.35000000000000    0.20000000000000    0.25000000000000            16
    0.40000000000000    0.20000000000000    0.25000000000000            16
    0.45000000000000    0.20000000000000    0.25000000000000            16
    0.50000000000000    0.20000000000000    0.25000000000000             8
    0.25000000000000    0.25000000000000    0.25000000000000             8
    0.30000000000000    0.25000000000000    0.25000000000000            16
    0.35000000000000    0.25000000000000    0.25000000000000            16
    0.40000000000000    0.25000000000000    0.25000000000000            16
    0.45000000000000    0.25000000000000    0.25000000000000            16
    0.50000000000000    0.25000000000000    0.25000000000000             8
    0.30000000000000    0.30000000000000    0.25000000000000             8
    0.35000000000000    0.30000000000000    0.25000000000000            16
    0.40000000000000    0.30000000000000    0.25000000000000            16
    0.45000000000000    0.30000000000000    0.25000000000000            16
    0.50000000000000    0.30000000000000    0.25000000000000             8
    0.35000000000000    0.35000000000000    0.25000000000000             8
    0.40000000000000    0.35000000000000    0.25000000000000            16
    0.45000000000000    0.35000000000000    0.25000000000000            16
    0.50000000000000    0.35000000000000    0.25000000000000             8
    0.40000000000000    0.40000000000000    0.25000000000000             8
    0.45000000000000    0.40000000000000    0.25000000000000            16
    0.50000000000000    0.40000000000000    0.25000000000000             8
    0.45000000000000    0.45000000000000    0.25000000000000             8
    0.50000000000000    0.45000000000000    0.25000000000000             8
    0.50000000000000    0.50000000000000    0.25000000000000             2
    0.00000000000000    0.00000000000000    0.30000000000000             2
    0.05000000000000    0.00000000000000    0.30000000000000             8
    0.10000000000000    0.00000000000000    0.30000000000000             8
    0.15000000000000    0.00000000000000    0.30000000000000             8
    0.20000000000000    0.00000000000000    0.30000000000000             8
    0.25000000000000    0.00000000000000    0.30000000000000             8
    0.30000000000000    0.00000000000000    0.30000000000000             8
    0.35000000000000    0.00000000000000    0.30000000000000             8
    0.40000000000000    0.00000000000000    0.30000000000000             8
    0.45000000000000    0.00000000000000    0.30000000000000             8
    0.50000000000000    0.00000000000000    0.30000000000000             4
    0.05000000000000    0.05000000000000    0.30000000000000             8
    0.10000000000000    0.05000000000000    0.30000000000000            16
    0.15000000000000    0.05000000000000    0.30000000000000            16
    0.20000000000000    0.05000000000000    0.30000000000000            16
    0.25000000000000    0.05000000000000    0.30000000000000            16
    0.30000000000000    0.05000000000000    0.30000000000000            16
    0.35000000000000    0.05000000000000    0.30000000000000            16
    0.40000000000000    0.05000000000000    0.30000000000000            16
    0.45000000000000    0.05000000000000    0.30000000000000            16
    0.50000000000000    0.05000000000000    0.30000000000000             8
    0.10000000000000    0.10000000000000    0.30000000000000             8
    0.15000000000000    0.10000000000000    0.30000000000000            16
    0.20000000000000    0.10000000000000    0.30000000000000            16
    0.25000000000000    0.10000000000000    0.30000000000000            16
    0.30000000000000    0.10000000000000    0.30000000000000            16
    0.35000000000000    0.10000000000000    0.30000000000000            16
    0.40000000000000    0.10000000000000    0.30000000000000            16
    0.45000000000000    0.10000000000000    0.30000000000000            16
    0.50000000000000    0.10000000000000    0.30000000000000             8
    0.15000000000000    0.15000000000000    0.30000000000000             8
    0.20000000000000    0.15000000000000    0.30000000000000            16
    0.25000000000000    0.15000000000000    0.30000000000000            16
    0.30000000000000    0.15000000000000    0.30000000000000            16
    0.35000000000000    0.15000000000000    0.30000000000000            16
    0.40000000000000    0.15000000000000    0.30000000000000            16
    0.45000000000000    0.15000000000000    0.30000000000000            16
    0.50000000000000    0.15000000000000    0.30000000000000             8
    0.20000000000000    0.20000000000000    0.30000000000000             8
    0.25000000000000    0.20000000000000    0.30000000000000            16
    0.30000000000000    0.20000000000000    0.30000000000000            16
    0.35000000000000    0.20000000000000    0.30000000000000            16
    0.40000000000000    0.20000000000000    0.30000000000000            16
    0.45000000000000    0.20000000000000    0.30000000000000            16
    0.50000000000000    0.20000000000000    0.30000000000000             8
    0.25000000000000    0.25000000000000    0.30000000000000             8
    0.30000000000000    0.25000000000000    0.30000000000000            16
    0.35000000000000    0.25000000000000    0.30000000000000            16
    0.40000000000000    0.25000000000000    0.30000000000000            16
    0.45000000000000    0.25000000000000    0.30000000000000            16
    0.50000000000000    0.25000000000000    0.30000000000000             8
    0.30000000000000    0.30000000000000    0.30000000000000             8
    0.35000000000000    0.30000000000000    0.30000000000000            16
    0.40000000000000    0.30000000000000    0.30000000000000            16
    0.45000000000000    0.30000000000000    0.30000000000000            16
    0.50000000000000    0.30000000000000    0.30000000000000             8
    0.35000000000000    0.35000000000000    0.30000000000000             8
    0.40000000000000    0.35000000000000    0.30000000000000            16
    0.45000000000000    0.35000000000000    0.30000000000000            16
    0.50000000000000    0.35000000000000    0.30000000000000             8
    0.40000000000000    0.40000000000000    0.30000000000000             8
    0.45000000000000    0.40000000000000    0.30000000000000            16
    0.50000000000000    0.40000000000000    0.30000000000000             8
    0.45000000000000    0.45000000000000    0.30000000000000             8
    0.50000000000000    0.45000000000000    0.30000000000000             8
    0.50000000000000    0.50000000000000    0.30000000000000             2
    0.00000000000000    0.00000000000000    0.35000000000000             2
    0.05000000000000    0.00000000000000    0.35000000000000             8
    0.10000000000000    0.00000000000000    0.35000000000000             8
    0.15000000000000    0.00000000000000    0.35000000000000             8
    0.20000000000000    0.00000000000000    0.35000000000000             8
    0.25000000000000    0.00000000000000    0.35000000000000             8
    0.30000000000000    0.00000000000000    0.35000000000000             8
    0.35000000000000    0.00000000000000    0.35000000000000             8
    0.40000000000000    0.00000000000000    0.35000000000000             8
    0.45000000000000    0.00000000000000    0.35000000000000             8
    0.50000000000000    0.00000000000000    0.35000000000000             4
    0.05000000000000    0.05000000000000    0.35000000000000             8
    0.10000000000000    0.05000000000000    0.35000000000000            16
    0.15000000000000    0.05000000000000    0.35000000000000            16
    0.20000000000000    0.05000000000000    0.35000000000000            16
    0.25000000000000    0.05000000000000    0.35000000000000            16
    0.30000000000000    0.05000000000000    0.35000000000000            16
    0.35000000000000    0.05000000000000    0.35000000000000            16
    0.40000000000000    0.05000000000000    0.35000000000000            16
    0.45000000000000    0.05000000000000    0.35000000000000            16
    0.50000000000000    0.05000000000000    0.35000000000000             8
    0.10000000000000    0.10000000000000    0.35000000000000             8
    0.15000000000000    0.10000000000000    0.35000000000000            16
    0.20000000000000    0.10000000000000    0.35000000000000            16
    0.25000000000000    0.10000000000000    0.35000000000000            16
    0.30000000000000    0.10000000000000    0.35000000000000            16
    0.35000000000000    0.10000000000000    0.35000000000000            16
    0.40000000000000    0.10000000000000    0.35000000000000            16
    0.45000000000000    0.10000000000000    0.35000000000000            16
    0.50000000000000    0.10000000000000    0.35000000000000             8
    0.15000000000000    0.15000000000000    0.35000000000000             8
    0.20000000000000    0.15000000000000    0.35000000000000            16
    0.25000000000000    0.15000000000000    0.35000000000000            16
    0.30000000000000    0.15000000000000    0.35000000000000            16
    0.35000000000000    0.15000000000000    0.35000000000000            16
    0.40000000000000    0.15000000000000    0.35000000000000            16
    0.45000000000000    0.15000000000000    0.35000000000000            16
    0.50000000000000    0.15000000000000    0.35000000000000             8
    0.20000000000000    0.20000000000000    0.35000000000000             8
    0.25000000000000    0.20000000000000    0.35000000000000            16
    0.30000000000000    0.20000000000000    0.35000000000000            16
    0.35000000000000    0.20000000000000    0.35000000000000            16
    0.40000000000000    0.20000000000000    0.35000000000000            16
    0.45000000000000    0.20000000000000    0.35000000000000            16
    0.50000000000000    0.20000000000000    0.35000000000000             8
    0.25000000000000    0.25000000000000    0.35000000000000             8
    0.30000000000000    0.25000000000000    0.35000000000000            16
    0.35000000000000    0.25000000000000    0.35000000000000            16
    0.40000000000000    0.25000000000000    0.35000000000000            16
    0.45000000000000    0.25000000000000    0.35000000000000            16
    0.50000000000000    0.25000000000000    0.35000000000000             8
    0.30000000000000    0.30000000000000    0.35000000000000             8
    0.35000000000000    0.30000000000000    0.35000000000000            16
    0.40000000000000    0.30000000000000    0.35000000000000            16
    0.45000000000000    0.30000000000000    0.35000000000000            16
    0.50000000000000    0.30000000000000    0.35000000000000             8
    0.35000000000000    0.35000000000000    0.35000000000000             8
    0.40000000000000    0.35000000000000    0.35000000000000            16
    0.45000000000000    0.35000000000000    0.35000000000000            16
    0.50000000000000    0.35000000000000    0.35000000000000             8
    0.40000000000000    0.40000000000000    0.35000000000000             8
    0.45000000000000    0.40000000000000    0.35000000000000            16
    0.50000000000000    0.40000000000000    0.35000000000000             8
    0.45000000000000    0.45000000000000    0.35000000000000             8
    0.50000000000000    0.45000000000000    0.35000000000000             8
    0.50000000000000    0.50000000000000    0.35000000000000             2
    0.00000000000000    0.00000000000000    0.40000000000000             2
    0.05000000000000    0.00000000000000    0.40000000000000             8
    0.10000000000000    0.00000000000000    0.40000000000000             8
    0.15000000000000    0.00000000000000    0.40000000000000             8
    0.20000000000000    0.00000000000000    0.40000000000000             8
    0.25000000000000    0.00000000000000    0.40000000000000             8
    0.30000000000000    0.00000000000000    0.40000000000000             8
    0.35000000000000    0.00000000000000    0.40000000000000             8
    0.40000000000000    0.00000000000000    0.40000000000000             8
    0.45000000000000    0.00000000000000    0.40000000000000             8
    0.50000000000000    0.00000000000000    0.40000000000000             4
    0.05000000000000    0.05000000000000    0.40000000000000             8
    0.10000000000000    0.05000000000000    0.40000000000000            16
    0.15000000000000    0.05000000000000    0.40000000000000            16
    0.20000000000000    0.05000000000000    0.40000000000000            16
    0.25000000000000    0.05000000000000    0.40000000000000            16
    0.30000000000000    0.05000000000000    0.40000000000000            16
    0.35000000000000    0.05000000000000    0.40000000000000            16
    0.40000000000000    0.05000000000000    0.40000000000000            16
    0.45000000000000    0.05000000000000    0.40000000000000            16
    0.50000000000000    0.05000000000000    0.40000000000000             8
    0.10000000000000    0.10000000000000    0.40000000000000             8
    0.15000000000000    0.10000000000000    0.40000000000000            16
    0.20000000000000    0.10000000000000    0.40000000000000            16
    0.25000000000000    0.10000000000000    0.40000000000000            16
    0.30000000000000    0.10000000000000    0.40000000000000            16
    0.35000000000000    0.10000000000000    0.40000000000000            16
    0.40000000000000    0.10000000000000    0.40000000000000            16
    0.45000000000000    0.10000000000000    0.40000000000000            16
    0.50000000000000    0.10000000000000    0.40000000000000             8
    0.15000000000000    0.15000000000000    0.40000000000000             8
    0.20000000000000    0.15000000000000    0.40000000000000            16
    0.25000000000000    0.15000000000000    0.40000000000000            16
    0.30000000000000    0.15000000000000    0.40000000000000            16
    0.35000000000000    0.15000000000000    0.40000000000000            16
    0.40000000000000    0.15000000000000    0.40000000000000            16
    0.45000000000000    0.15000000000000    0.40000000000000            16
    0.50000000000000    0.15000000000000    0.40000000000000             8
    0.20000000000000    0.20000000000000    0.40000000000000             8
    0.25000000000000    0.20000000000000    0.40000000000000            16
    0.30000000000000    0.20000000000000    0.40000000000000            16
    0.35000000000000    0.20000000000000    0.40000000000000            16
    0.40000000000000    0.20000000000000    0.40000000000000            16
    0.45000000000000    0.20000000000000    0.40000000000000            16
    0.50000000000000    0.20000000000000    0.40000000000000             8
    0.25000000000000    0.25000000000000    0.40000000000000             8
    0.30000000000000    0.25000000000000    0.40000000000000            16
    0.35000000000000    0.25000000000000    0.40000000000000            16
    0.40000000000000    0.25000000000000    0.40000000000000            16
    0.45000000000000    0.25000000000000    0.40000000000000            16
    0.50000000000000    0.25000000000000    0.40000000000000             8
    0.30000000000000    0.30000000000000    0.40000000000000             8
    0.35000000000000    0.30000000000000    0.40000000000000            16
    0.40000000000000    0.30000000000000    0.40000000000000            16
    0.45000000000000    0.30000000000000    0.40000000000000            16
    0.50000000000000    0.30000000000000    0.40000000000000             8
    0.35000000000000    0.35000000000000    0.40000000000000             8
    0.40000000000000    0.35000000000000    0.40000000000000            16
    0.45000000000000    0.35000000000000    0.40000000000000            16
    0.50000000000000    0.35000000000000    0.40000000000000             8
    0.40000000000000    0.40000000000000    0.40000000000000             8
    0.45000000000000    0.40000000000000    0.40000000000000            16
    0.50000000000000    0.40000000000000    0.40000000000000             8
    0.45000000000000    0.45000000000000    0.40000000000000             8
    0.50000000000000    0.45000000000000    0.40000000000000             8
    0.50000000000000    0.50000000000000    0.40000000000000             2
    0.00000000000000    0.00000000000000    0.45000000000000             2
    0.05000000000000    0.00000000000000    0.45000000000000             8
    0.10000000000000    0.00000000000000    0.45000000000000             8
    0.15000000000000    0.00000000000000    0.45000000000000             8
    0.20000000000000    0.00000000000000    0.45000000000000             8
    0.25000000000000    0.00000000000000    0.45000000000000             8
    0.30000000000000    0.00000000000000    0.45000000000000             8
    0.35000000000000    0.00000000000000    0.45000000000000             8
    0.40000000000000    0.00000000000000    0.45000000000000             8
    0.45000000000000    0.00000000000000    0.45000000000000             8
    0.50000000000000    0.00000000000000    0.45000000000000             4
    0.05000000000000    0.05000000000000    0.45000000000000             8
    0.10000000000000    0.05000000000000    0.45000000000000            16
    0.15000000000000    0.05000000000000    0.45000000000000            16
    0.20000000000000    0.05000000000000    0.45000000000000            16
    0.25000000000000    0.05000000000000    0.45000000000000            16
    0.30000000000000    0.05000000000000    0.45000000000000            16
    0.35000000000000    0.05000000000000    0.45000000000000            16
    0.40000000000000    0.05000000000000    0.45000000000000            16
    0.45000000000000    0.05000000000000    0.45000000000000            16
    0.50000000000000    0.05000000000000    0.45000000000000             8
    0.10000000000000    0.10000000000000    0.45000000000000             8
    0.15000000000000    0.10000000000000    0.45000000000000            16
    0.20000000000000    0.10000000000000    0.45000000000000            16
    0.25000000000000    0.10000000000000    0.45000000000000            16
    0.30000000000000    0.10000000000000    0.45000000000000            16
    0.35000000000000    0.10000000000000    0.45000000000000            16
    0.40000000000000    0.10000000000000    0.45000000000000            16
    0.45000000000000    0.10000000000000    0.45000000000000            16
    0.50000000000000    0.10000000000000    0.45000000000000             8
    0.15000000000000    0.15000000000000    0.45000000000000             8
    0.20000000000000    0.15000000000000    0.45000000000000            16
    0.25000000000000    0.15000000000000    0.45000000000000            16
    0.30000000000000    0.15000000000000    0.45000000000000            16
    0.35000000000000    0.15000000000000    0.45000000000000            16
    0.40000000000000    0.15000000000000    0.45000000000000            16
    0.45000000000000    0.15000000000000    0.45000000000000            16
    0.50000000000000    0.15000000000000    0.45000000000000             8
    0.20000000000000    0.20000000000000    0.45000000000000             8
    0.25000000000000    0.20000000000000    0.45000000000000            16
    0.30000000000000    0.20000000000000    0.45000000000000            16
    0.35000000000000    0.20000000000000    0.45000000000000            16
    0.40000000000000    0.20000000000000    0.45000000000000            16
    0.45000000000000    0.20000000000000    0.45000000000000            16
    0.50000000000000    0.20000000000000    0.45000000000000             8
    0.25000000000000    0.25000000000000    0.45000000000000             8
    0.30000000000000    0.25000000000000    0.45000000000000            16
    0.35000000000000    0.25000000000000    0.45000000000000            16
    0.40000000000000    0.25000000000000    0.45000000000000            16
    0.45000000000000    0.25000000000000    0.45000000000000            16
    0.50000000000000    0.25000000000000    0.45000000000000             8
    0.30000000000000    0.30000000000000    0.45000000000000             8
    0.35000000000000    0.30000000000000    0.45000000000000            16
    0.40000000000000    0.30000000000000    0.45000000000000            16
    0.45000000000000    0.30000000000000    0.45000000000000            16
    0.50000000000000    0.30000000000000    0.45000000000000             8
    0.35000000000000    0.35000000000000    0.45000000000000             8
    0.40000000000000    0.35000000000000    0.45000000000000            16
    0.45000000000000    0.35000000000000    0.45000000000000            16
    0.50000000000000    0.35000000000000    0.45000000000000             8
    0.40000000000000    0.40000000000000    0.45000000000000             8
    0.45000000000000    0.40000000000000    0.45000000000000            16
    0.50000000000000    0.40000000000000    0.45000000000000             8
    0.45000000000000    0.45000000000000    0.45000000000000             8
    0.50000000000000    0.45000000000000    0.45000000000000             8
    0.50000000000000    0.50000000000000    0.45000000000000             2
    0.00000000000000    0.00000000000000    0.50000000000000             1
    0.05000000000000    0.00000000000000    0.50000000000000             4
    0.10000000000000    0.00000000000000    0.50000000000000             4
    0.15000000000000    0.00000000000000    0.50000000000000             4
    0.20000000000000    0.00000000000000    0.50000000000000             4
    0.25000000000000    0.00000000000000    0.50000000000000             4
    0.30000000000000    0.00000000000000    0.50000000000000             4
    0.35000000000000    0.00000000000000    0.50000000000000             4
    0.40000000000000    0.00000000000000    0.50000000000000             4
    0.45000000000000    0.00000000000000    0.50000000000000             4
    0.50000000000000    0.00000000000000    0.50000000000000             2
    0.05000000000000    0.05000000000000    0.50000000000000             4
    0.10000000000000    0.05000000000000    0.50000000000000             8
    0.15000000000000    0.05000000000000    0.50000000000000             8
    0.20000000000000    0.05000000000000    0.50000000000000             8
    0.25000000000000    0.05000000000000    0.50000000000000             8
    0.30000000000000    0.05000000000000    0.50000000000000             8
    0.35000000000000    0.05000000000000    0.50000000000000             8
    0.40000000000000    0.05000000000000    0.50000000000000             8
    0.45000000000000    0.05000000000000    0.50000000000000             8
    0.50000000000000    0.05000000000000    0.50000000000000             4
    0.10000000000000    0.10000000000000    0.50000000000000             4
    0.15000000000000    0.10000000000000    0.50000000000000             8
    0.20000000000000    0.10000000000000    0.50000000000000             8
    0.25000000000000    0.10000000000000    0.50000000000000             8
    0.30000000000000    0.10000000000000    0.50000000000000             8
    0.35000000000000    0.10000000000000    0.50000000000000             8
    0.40000000000000    0.10000000000000    0.50000000000000             8
    0.45000000000000    0.10000000000000    0.50000000000000             8
    0.50000000000000    0.10000000000000    0.50000000000000             4
    0.15000000000000    0.15000000000000    0.50000000000000             4
    0.20000000000000    0.15000000000000    0.50000000000000             8
    0.25000000000000    0.15000000000000    0.50000000000000             8
    0.30000000000000    0.15000000000000    0.50000000000000             8
    0.35000000000000    0.15000000000000    0.50000000000000             8
    0.40000000000000    0.15000000000000    0.50000000000000             8
    0.45000000000000    0.15000000000000    0.50000000000000             8
    0.50000000000000    0.15000000000000    0.50000000000000             4
    0.20000000000000    0.20000000000000    0.50000000000000             4
    0.25000000000000    0.20000000000000    0.50000000000000             8
    0.30000000000000    0.20000000000000    0.50000000000000             8
    0.35000000000000    0.20000000000000    0.50000000000000             8
    0.40000000000000    0.20000000000000    0.50000000000000             8
    0.45000000000000    0.20000000000000    0.50000000000000             8
    0.50000000000000    0.20000000000000    0.50000000000000             4
    0.25000000000000    0.25000000000000    0.50000000000000             4
    0.30000000000000    0.25000000000000    0.50000000000000             8
    0.35000000000000    0.25000000000000    0.50000000000000             8
    0.40000000000000    0.25000000000000    0.50000000000000             8
    0.45000000000000    0.25000000000000    0.50000000000000             8
    0.50000000000000    0.25000000000000    0.50000000000000             4
    0.30000000000000    0.30000000000000    0.50000000000000             4
    0.35000000000000    0.30000000000000    0.50000000000000             8
    0.40000000000000    0.30000000000000    0.50000000000000             8
    0.45000000000000    0.30000000000000    0.50000000000000             8
    0.50000000000000    0.30000000000000    0.50000000000000             4
    0.35000000000000    0.35000000000000    0.50000000000000             4
    0.40000000000000    0.35000000000000    0.50000000000000             8
    0.45000000000000    0.35000000000000    0.50000000000000             8
    0.50000000000000    0.35000000000000    0.50000000000000             4
    0.40000000000000    0.40000000000000    0.50000000000000             4
    0.45000000000000    0.40000000000000    0.50000000000000             8
    0.50000000000000    0.40000000000000    0.50000000000000             4
    0.45000000000000    0.45000000000000    0.50000000000000             4
    0.50000000000000    0.45000000000000    0.50000000000000             4
    0.50000000000000    0.50000000000000    0.50000000000000             1
