    1  343    1
  9.013
    1    1  0.0150  0.0000  0.0000
 -0.125293890247   0.000000006896  -0.000000006896
  0.013770750144  -0.013688960123  -0.013688958607
 -0.000593733118   0.001636744186   0.001636744121
  0.000241579161   0.000108724357   0.000108724383
  0.000241335386   0.000108988832   0.000108988858
 -0.000593818951   0.001636485503   0.001636485438
  0.013770544017  -0.013688194625  -0.013688193110
  0.013770533470  -0.013688199145   0.013688199145
  0.003669442510  -0.000000000202  -0.000000520089
  0.000146487518   0.000411606909   0.000085020839
 -0.000017021036   0.000048033116  -0.000193308970
 -0.000176730556   0.000237811092   0.000005132034
  0.000293576714  -0.000528602389   0.000430451534
  0.003263477822  -0.004387213744   0.000000000904
 -0.000593817690   0.001636486044  -0.001636486044
  0.000146766837   0.000411200735  -0.000084561941
 -0.000393325035   0.000000000022  -0.000000352937
 -0.000160311258   0.000005944903   0.000064171129
  0.000083942671  -0.000183415869   0.000135787778
  0.000241859838  -0.000497633219   0.000000000095
  0.000293577046  -0.000528602246  -0.000430451327
  0.000241335470   0.000108988868  -0.000108988868
 -0.000017244562   0.000048293071   0.000192769571
 -0.000160287315   0.000005944225  -0.000064554775
  0.000140500645  -0.000000000008  -0.000000026860
  0.000115670093  -0.000048086885   0.000000000014
  0.000083942776  -0.000183415824  -0.000135787709
 -0.000176730552   0.000237811093  -0.000005132132
  0.000241579245   0.000108724393  -0.000108724393
 -0.000176633482   0.000237668761  -0.000005079425
  0.000083911192  -0.000183395400  -0.000135772521
  0.000115672837  -0.000048068839   0.000000000014
  0.000140500645  -0.000000000008   0.000000026876
 -0.000160311209   0.000005944924  -0.000064171149
 -0.000017021185   0.000048033052   0.000193308952
 -0.000593731857   0.001636744727  -0.001636744727
  0.000293978973  -0.000529041734  -0.000430279663
  0.000242106837  -0.000497788326   0.000000000096
  0.000083911087  -0.000183395445   0.000135772590
 -0.000160287365   0.000005944203   0.000064554756
 -0.000393325035   0.000000000022   0.000000352894
  0.000146487583   0.000411606937  -0.000085020959
  0.013770739597  -0.013688964643   0.013688964643
  0.003263176651  -0.004386901882   0.000000000904
  0.000293978642  -0.000529041876   0.000430279870
 -0.000176633486   0.000237668759   0.000005079327
 -0.000017244413   0.000048293134  -0.000192769589
  0.000146766772   0.000411200707   0.000084561821
  0.003669442509  -0.000000000202   0.000000520493
  0.013770536483   0.013688197630  -0.013688197630
  0.003669442510  -0.000000520493   0.000000000202
  0.000146487482   0.000085020823   0.000411606925
 -0.000017021063  -0.000193308968   0.000048033114
 -0.000176730581   0.000005132054   0.000237811072
  0.000293576820   0.000430451502  -0.000528602356
  0.003263478305   0.000000000545  -0.004387213385
 -0.008456135538   0.000000000465  -0.000000000465
  0.013770525937   0.013688193110   0.013688194625
 -0.001010057222   0.000000522898   0.000000522787
 -0.000146790364   0.000428718428   0.000428718412
  0.000108018543   0.000001265304   0.000001265316
 -0.000092457743  -0.000197084853  -0.000197084863
 -0.001239578078   0.000081386417   0.000081386280
 -0.001239578015   0.000081386444  -0.000081386444
  0.003263474925  -0.000000000904   0.004387213744
  0.000146767063  -0.000411200723  -0.000084561805
 -0.000042404612  -0.000000150213  -0.000000448336
  0.000019502159   0.000103442618  -0.000075044211
 -0.000218575872   0.000055074385  -0.000077404382
 -0.000562525278   0.000103323192  -0.000000000048
 -0.000092457895  -0.000197084918   0.000197084918
  0.000293576412   0.000430451327   0.000528602246
  0.000679584603  -0.000000000021  -0.000100891312
 -0.000160287312  -0.000005944186  -0.000064554773
 -0.000193544966   0.000000019163   0.000000011406
  0.000010252770  -0.000063911204   0.000000000011
 -0.000218575932   0.000055074359   0.000077404340
  0.000108018544   0.000001265305  -0.000001265305
 -0.000176730398   0.000005132132  -0.000237811093
  0.000165020679   0.000103894059  -0.000057314248
 -0.000111696163   0.000000000018  -0.000070824297
  0.000115672810   0.000048068826  -0.000000000002
 -0.000193544966   0.000000019163  -0.000000011427
  0.000019502101   0.000103442593   0.000075044179
 -0.000146790033   0.000428718569  -0.000428718569
 -0.000017021026  -0.000193308952  -0.000048033052
  0.000165101480   0.000057204259  -0.000103792905
  0.000139481582  -0.000062355887   0.000000000018
 -0.000111696218  -0.000000000006   0.000070824285
 -0.000160287362  -0.000005944207   0.000064554758
 -0.000042404612  -0.000000150213   0.000000448332
 -0.001010057222   0.000000522898  -0.000000522898
  0.000146487799   0.000085020959  -0.000411606937
  0.000679759827   0.000100075700   0.000000000021
  0.000165101400   0.000057204225   0.000103792904
  0.000165020635   0.000103894040   0.000057314232
  0.000679584526  -0.000000000054   0.000100891387
  0.000146766998  -0.000411200751   0.000084561957
 -0.000593818050  -0.001636485978   0.001636485978
  0.000146766783  -0.000084561957   0.000411200751
 -0.000393325035  -0.000000352894  -0.000000000022
 -0.000160311252   0.000064171147   0.000005944885
  0.000083942706   0.000135787769  -0.000183415860
  0.000241859893   0.000000000069  -0.000497633192
  0.000293577057  -0.000430451359  -0.000528602214
 -0.001239578033  -0.000081386307   0.000081386307
  0.003263475408   0.004387213385  -0.000000000545
  0.000146767099  -0.000084561821  -0.000411200707
 -0.000042404612  -0.000000448332  -0.000000150218
  0.000019502139  -0.000075044213   0.000103442620
 -0.000218575887  -0.000077404358   0.000055074360
 -0.000562525290   0.000000000014   0.000103323130
  0.001579044474  -0.000000000087   0.000000000087
 -0.001239577971  -0.000081386280  -0.000081386417
 -0.000593816789  -0.001636485438  -0.001636485503
 -0.000147015506  -0.000429308174  -0.000429308190
 -0.000270480739  -0.000000071091  -0.000000071120
  0.000051714224   0.000136087179   0.000136087185
  0.000438806977   0.000064985045   0.000064985093
  0.000438807027   0.000064985066  -0.000064985066
 -0.000562525210   0.000000000048  -0.000103323192
  0.000293576649  -0.000430451534   0.000528602389
 -0.000017244535  -0.000048293133   0.000192769587
  0.000019414273  -0.000103500926   0.000074975287
  0.000006865893  -0.000000023852   0.000000023835
  0.000088648546   0.000068501922  -0.000000000006
  0.000051714329   0.000136087224  -0.000136087224
 -0.000218575844  -0.000077404340  -0.000055074359
  0.000241859510  -0.000000000095   0.000497633219
  0.000165020736  -0.000103894058  -0.000057314214
  0.000083911091   0.000183395436  -0.000135772581
  0.000010219165   0.000063911714  -0.000000000010
  0.000006865893  -0.000000023852  -0.000000023835
 -0.000270480739  -0.000000071091   0.000000071091
  0.000019502219  -0.000075044179  -0.000103442593
  0.000083942565   0.000135787709   0.000183415824
  0.000139471920  -0.000000000018   0.000062328791
  0.000139481548   0.000062355872  -0.000000000003
  0.000083910986   0.000183395391   0.000135772530
  0.000019414331  -0.000103500901  -0.000074975250
 -0.000147015837  -0.000429308315   0.000429308315
 -0.000042404612  -0.000000448332   0.000000150213
 -0.000160311247   0.000064171149  -0.000005944924
 -0.000111689276   0.000070839143  -0.000000000018
  0.000139471968   0.000000000003  -0.000062328775
  0.000165020692  -0.000103894077   0.000057314266
 -0.000017244387  -0.000048293069  -0.000192769573
  0.000241335446  -0.000108988894   0.000108988894
 -0.000017244546   0.000192769573   0.000048293069
 -0.000160287323  -0.000064554758   0.000005944207
  0.000140500645  -0.000000026876   0.000000000008
  0.000115670098   0.000000000002  -0.000048086872
  0.000083942781  -0.000135787718  -0.000183415815
 -0.000176730579  -0.000005132113   0.000237811074
 -0.000092457851   0.000197084928  -0.000197084928
  0.000293576423   0.000528602214   0.000430451359
  0.000679584592  -0.000100891387   0.000000000054
 -0.000160287319  -0.000064554756  -0.000005944203
 -0.000193544966   0.000000011427   0.000000019141
  0.000010252777   0.000000000010  -0.000063911202
 -0.000218575929   0.000077404364   0.000055074335
  0.000438807012  -0.000064985115   0.000064985115
 -0.000562525221  -0.000103323130  -0.000000000014
  0.000293576755   0.000528602356  -0.000430451502
 -0.000017244509   0.000192769589  -0.000048293134
  0.000019414293   0.000074975285  -0.000103500923
  0.000006865893   0.000000023835  -0.000000023852
  0.000088648538  -0.000000000016   0.000068501932
 -0.000285269331   0.000000000016  -0.000000000016
  0.000438807062  -0.000064985093  -0.000064985045
 -0.000092458003   0.000197084863   0.000197084853
  0.000241335530  -0.000108988858  -0.000108988832
  0.000108034687  -0.000001249923  -0.000001249911
  0.000051784938  -0.000136079507  -0.000136079501
 -0.000124784253   0.000000012493   0.000000012479
 -0.000124784253   0.000000012493  -0.000000012493
  0.000088648591   0.000000000006  -0.000068501922
 -0.000218575887   0.000077404382  -0.000055074385
 -0.000176730395  -0.000005132034  -0.000237811092
 -0.000176633351  -0.000237668740  -0.000005079346
 -0.000218451627  -0.000054952867   0.000077420111
  0.000088693207  -0.000068571767   0.000000000016
  0.000051784833  -0.000136079552   0.000136079552
  0.000006865893   0.000000023835   0.000000023852
  0.000010252728  -0.000000000011   0.000063911204
  0.000083942640  -0.000135787778   0.000183415869
  0.000165101512  -0.000057204243  -0.000103792886
  0.000242106563   0.000497788300  -0.000000000069
 -0.000218451568  -0.000054952841  -0.000077420117
  0.000108034686  -0.000001249923   0.000001249923
  0.000019414213   0.000074975250   0.000103500901
 -0.000193544966   0.000000011427  -0.000000019163
  0.000115670061  -0.000000000014   0.000048086885
 -0.000111689237  -0.000070839130   0.000000000006
  0.000165101432  -0.000057204277   0.000103792923
 -0.000176633355  -0.000237668742   0.000005079405
  0.000241579221  -0.000108724419   0.000108724419
 -0.000176633509  -0.000005079405   0.000237668742
  0.000083911197  -0.000135772530  -0.000183395391
  0.000115672842   0.000000000002  -0.000048068826
  0.000140500645   0.000000026860   0.000000000008
 -0.000160311217  -0.000064171131   0.000005944906
 -0.000017021169   0.000193308954   0.000048033051
  0.000108018543  -0.000001265317   0.000001265317
 -0.000176730425  -0.000237811074   0.000005132113
  0.000165020661  -0.000057314266   0.000103894077
 -0.000111696171  -0.000070824285   0.000000000006
  0.000115672805  -0.000000000014   0.000048068839
 -0.000193544966  -0.000000011406   0.000000019141
  0.000019502098   0.000075044177   0.000103442595
  0.000051714299  -0.000136087230   0.000136087230
 -0.000218575842  -0.000055074335  -0.000077404364
  0.000241859564   0.000497633192  -0.000000000069
  0.000165020741  -0.000057314232  -0.000103894040
  0.000083911056  -0.000135772590   0.000183395445
  0.000010219158  -0.000000000011   0.000063911715
  0.000006865893  -0.000000023835  -0.000000023852
 -0.000124784253  -0.000000012479   0.000000012479
  0.000088648583  -0.000068501932   0.000000000016
 -0.000218575902  -0.000055074360   0.000077404358
 -0.000176730421  -0.000237811072  -0.000005132054
 -0.000176633326  -0.000005079327  -0.000237668759
 -0.000218451613   0.000077420135  -0.000054952891
  0.000088693215   0.000000000006  -0.000068571757
 -0.000285167918   0.000000000016  -0.000000000016
 -0.000124784253  -0.000000012479  -0.000000012493
  0.000051714404  -0.000136087185  -0.000136087179
  0.000108018544  -0.000001265316  -0.000001265304
  0.000241579305  -0.000108724383  -0.000108724357
 -0.000092046686   0.000197347147   0.000197347137
  0.000439363762  -0.000064973618  -0.000064973570
  0.000439363712  -0.000064973640   0.000064973640
  0.000088693162  -0.000000000016   0.000068571767
  0.000006865893  -0.000000023835   0.000000023852
  0.000019502177   0.000075044211  -0.000103442618
 -0.000017021132   0.000193308970  -0.000048033116
  0.000293978682   0.000529041843  -0.000430279838
 -0.000561992283  -0.000103044919  -0.000000000014
 -0.000092046534   0.000197347212  -0.000197347212
 -0.000218451655   0.000077420117   0.000054952841
  0.000010219207   0.000000000010  -0.000063911714
 -0.000193544966  -0.000000011406  -0.000000019163
 -0.000160311212  -0.000064171129  -0.000005944903
  0.000679759882  -0.000100075775   0.000000000054
  0.000293978350   0.000529041701   0.000430279696
 -0.000593732217  -0.001636744661   0.001636744661
  0.000293978984  -0.000430279696  -0.000529041701
  0.000242106892   0.000000000069  -0.000497788300
  0.000083911122   0.000135772581  -0.000183395436
 -0.000160287359   0.000064554773   0.000005944186
 -0.000393325035   0.000000352937  -0.000000000022
  0.000146487529  -0.000085020975   0.000411606953
 -0.000146790128  -0.000428718553   0.000428718553
 -0.000017021010  -0.000048033051  -0.000193308954
  0.000165101463  -0.000103792923   0.000057204277
  0.000139481589   0.000000000003  -0.000062355872
 -0.000111696210   0.000070824297  -0.000000000018
 -0.000160287354   0.000064554775  -0.000005944225
 -0.000042404612   0.000000448336  -0.000000150218
 -0.000270480739   0.000000071120  -0.000000071120
  0.000019502215  -0.000103442595  -0.000075044177
  0.000083942570   0.000183415815   0.000135787718
  0.000139471927   0.000062328775  -0.000000000003
  0.000139481541  -0.000000000018   0.000062355887
  0.000083910981   0.000135772521   0.000183395400
  0.000019414334  -0.000074975253  -0.000103500899
  0.000051784863   0.000136079546  -0.000136079546
  0.000006865893   0.000000023852   0.000000023835
  0.000010252735   0.000063911202  -0.000000000010
  0.000083942675   0.000183415860  -0.000135787769
  0.000165101507  -0.000103792904  -0.000057204225
  0.000242106508  -0.000000000096   0.000497788326
 -0.000218451570  -0.000077420093  -0.000054952866
  0.000439363727   0.000064973591  -0.000064973591
  0.000088693170   0.000068571757  -0.000000000006
  0.000006865893   0.000000023852  -0.000000023835
  0.000019502158  -0.000103442620   0.000075044213
 -0.000017021159  -0.000048033114   0.000193308968
  0.000293978576  -0.000430279870   0.000529041876
 -0.000561992272   0.000000000048  -0.000103044981
  0.001578563797  -0.000000000087   0.000000000087
  0.000439363677   0.000064973570   0.000064973618
  0.000051784758   0.000136079501   0.000136079507
 -0.000270480739   0.000000071120   0.000000071091
 -0.000146789798  -0.000428718412  -0.000428718428
 -0.000593730956  -0.001636744121  -0.001636744186
 -0.001239883310  -0.000081706746  -0.000081706883
 -0.001239883373  -0.000081706773   0.000081706773
 -0.000561992351   0.000000000014   0.000103044919
 -0.000218451612  -0.000077420111   0.000054952867
  0.000019414255  -0.000074975287   0.000103500926
 -0.000042404612   0.000000448336   0.000000150213
  0.000146487846  -0.000085020839  -0.000411606909
  0.003263174237   0.004386901523  -0.000000000545
  0.013770742611   0.013688963128  -0.013688963128
  0.003263177134   0.000000000545  -0.004386901523
  0.000293978747   0.000430279838  -0.000529041843
 -0.000176633511   0.000005079346   0.000237668740
 -0.000017244440  -0.000192769587   0.000048293133
  0.000146766736   0.000084561805   0.000411200723
  0.003669442509   0.000000520089   0.000000000202
 -0.001010057222  -0.000000522787   0.000000522787
  0.000146487744  -0.000411606953   0.000085020975
  0.000679759816  -0.000000000054   0.000100075775
  0.000165101406   0.000103792886   0.000057204243
  0.000165020630   0.000057314214   0.000103894058
  0.000679584537   0.000100891312   0.000000000021
  0.000146767053   0.000084561941  -0.000411200735
 -0.000147015742   0.000429308331  -0.000429308331
 -0.000042404612   0.000000150218  -0.000000448336
 -0.000160311255  -0.000005944906   0.000064171131
 -0.000111689284  -0.000000000006   0.000070839130
  0.000139471961  -0.000062328791   0.000000000018
  0.000165020710   0.000057314248  -0.000103894059
 -0.000017244402  -0.000192769571  -0.000048293071
  0.000108034686   0.000001249911  -0.000001249911
  0.000019414217   0.000103500899   0.000074975253
 -0.000193544966  -0.000000019141   0.000000011406
  0.000115670067   0.000048086872  -0.000000000002
 -0.000111689230   0.000000000018  -0.000070839143
  0.000165101450   0.000103792905  -0.000057204259
 -0.000176633328   0.000005079425  -0.000237668761
 -0.000092046578  -0.000197347202   0.000197347202
 -0.000218451658   0.000054952866   0.000077420093
  0.000010219200  -0.000063911715   0.000000000011
 -0.000193544966  -0.000000019141  -0.000000011427
 -0.000160311206  -0.000005944885  -0.000064171147
  0.000679759893  -0.000000000021  -0.000100075700
  0.000293978340   0.000430279663   0.000529041734
 -0.001239883355   0.000081706910  -0.000081706910
 -0.000561992340   0.000103044981  -0.000000000048
 -0.000218451598   0.000054952891  -0.000077420135
  0.000019414274   0.000103500923  -0.000074975285
 -0.000042404612   0.000000150218   0.000000448332
  0.000146487810  -0.000411606925  -0.000085020823
  0.003263173754  -0.000000000904   0.004386901882
 -0.008456282603   0.000000000465  -0.000000000465
 -0.001239883418   0.000081706883   0.000081706746
 -0.000092046426  -0.000197347137  -0.000197347147
  0.000108034685   0.000001249911   0.000001249923
 -0.000147016073   0.000429308190   0.000429308174
 -0.001010057221  -0.000000522787  -0.000000522898
  0.013770732064   0.013688958607   0.013688960123
