    2   27    9
  9.013  1.000
    1    1  0.0150  0.0000  0.0000
 -0.112453177436  -0.061671114852   0.000057147136
  0.002622864447  -0.008493390951   0.002706331584
  0.002615971967  -0.005335701592  -0.005446274672
  0.014713633037   0.000304819045  -0.004990724449
  0.011585635295   0.017723107234   0.004068964104
 -0.001130094847   0.001745870299   0.000867541504
  0.014705686295   0.003458788235   0.007320747932
 -0.001136218396   0.001743995030   0.000768708766
  0.011586344551   0.011688921119   0.000165303026
  0.006340350831  -0.004796954897  -0.007358504868
  0.001437719632  -0.000114039877   0.000024962192
  0.002912855193  -0.000449712777  -0.000548949974
  0.004214992669  -0.001379126845  -0.000213701337
 -0.001813679569  -0.001112390469   0.001671733938
  0.000139440173   0.000712489285   0.000136636427
  0.007679853899   0.003259435070   0.000789286557
  0.002998661525  -0.002614020587   0.002558586614
  0.000282531608   0.000439697886   0.001990228538
 -0.001381283503   0.001959396867   0.004153327644
  0.011702093674   0.020724205689   0.015543592276
  0.002114015847  -0.001179501065   0.000974589524
  0.002808055958  -0.001180244851   0.001303032678
  0.003985035370  -0.001031325372  -0.001337862734
  0.001681192345   0.000030964258  -0.000261039028
  0.011629895643   0.023449797763  -0.022049885904
 -0.001621211068   0.001883974371  -0.001757554929
  0.001778834860   0.000232061985  -0.001136222545
    1    2  0.0000  0.0150  0.0000
 -0.061702241624  -0.202002339417  -0.000067771623
 -0.005278205683   0.011010561555  -0.007078877648
 -0.008500668182   0.011029090396   0.002204118484
  0.003502361228  -0.001078556669   0.003126684719
  0.011608219367   0.032959593424   0.002870513635
  0.001756112503   0.001450415497  -0.000447714506
  0.000280796050  -0.001065556494   0.001954811558
  0.001752616472   0.001442495926  -0.000382916902
  0.017723279286   0.032943874592  -0.005034786353
 -0.004827913260  -0.000744200990   0.003708581080
 -0.001283659860   0.009893547961  -0.000865132474
 -0.002425234668   0.002997304318  -0.000173405063
  0.000533448011   0.001557642382   0.000570674132
 -0.001021268970  -0.000178206545  -0.001281474331
  0.000775917387   0.001270608463  -0.000071034216
  0.004400289045   0.003669995160   0.000517136675
 -0.002656401414  -0.000834531619  -0.001317942649
  0.000423890373  -0.002251440118  -0.000603178601
  0.001996483055   0.001528033660  -0.002088018221
  0.023534695282   0.043837443713   0.038604765401
 -0.001675815880   0.001022037312  -0.000911257821
 -0.000687769314   0.000386856394  -0.000257303790
  0.001811481221   0.001175444603   0.000433770535
 -0.000036848108   0.001614269530   0.000135823587
  0.020706419208   0.043883075972  -0.035246265457
  0.001919425031   0.001161648614   0.000870907406
 -0.002629406556   0.003320892380   0.000829292442
    1    3  0.0000  0.0000  0.0150
  0.000058765632  -0.000099935352  -0.147688380677
 -0.005448895899   0.002205053539  -0.004718783714
  0.002708352523  -0.007071826911  -0.004728467617
  0.007335265150   0.001976614301  -0.004726642386
  0.000100001701  -0.005028187207  -0.002729693069
  0.000753576519  -0.000395945573   0.000132689114
 -0.004992016577   0.003125983405  -0.004731591440
  0.000873734145  -0.000463371411   0.000142815566
  0.004158110267   0.002906690657  -0.002736882981
 -0.018803037023   0.009542168840   0.022518532046
  0.004366250889  -0.011083721363   0.011968953373
 -0.000171334236   0.001835109377   0.003114999290
 -0.001572843866  -0.000935504479   0.003132790206
  0.001124228024   0.002062802382  -0.001328918431
  0.000245084948  -0.000121176800   0.001438705258
  0.011556271746   0.002984627405   0.011988725694
 -0.000003422056  -0.000001800288   0.003022192113
 -0.001000978977  -0.002088926824  -0.001332119003
 -0.005066730330   0.002581240811   0.001345719344
  0.018898886727   0.038296021165   0.054861586713
  0.000127179140  -0.000275040334   0.001005597111
  0.000306775897   0.000055560695   0.001030171731
  0.000573934909  -0.000224270948   0.000960153325
  0.000610698412  -0.000342972071   0.000550270273
 -0.019847886514  -0.037803886116   0.054882303673
  0.002607814895  -0.001323412171   0.001651214304
  0.000502213954  -0.000311894731   0.000974060184
   10    1  0.0150  0.0000  0.0000
  0.006275118957  -0.004830710840  -0.018810309708
  0.002917634144  -0.002427235192  -0.000146974223
  0.001399392535  -0.001264659870   0.004395297874
  0.007605358524   0.004394389539   0.011569199308
  0.000270290235   0.000403269757  -0.000990093910
  0.003031003087  -0.002662517603   0.000017975577
  0.004392033594   0.000535175997  -0.001557041815
  0.000160194534   0.000771797150   0.000271692274
 -0.001802232133  -0.001015299503   0.001125606010
 -0.097623264982  -0.030979282132   0.001924559631
  0.005588762429   0.000552676856   0.001355613704
  0.005590554027  -0.004054745173  -0.003384484619
  0.009366447790   0.003283866950  -0.002729886148
  0.012544883797   0.016905293741   0.001661518385
  0.006995240546   0.000287472321   0.001677920334
  0.009368118336  -0.001323217495   0.002078310276
  0.006985509788   0.000293381514  -0.000011568319
  0.012534096707   0.022589584018   0.000979265361
  0.000049485667  -0.000210144677   0.002358704075
  0.001378746749  -0.000119938092   0.000339640101
  0.000172619509   0.000135292784  -0.000487719534
  0.000174874667   0.000065833306  -0.000283234237
  0.000426004503  -0.000782084742  -0.001311216247
  0.000290151369   0.000637629150  -0.000223089944
  0.001473618384  -0.001534547586  -0.000517004633
 -0.000852700505   0.000851947726   0.000537638551
  0.001288057741  -0.000503227902   0.000159681876
   10    2  0.0000  0.0150  0.0000
 -0.004829747925  -0.000747751068   0.009556318350
 -0.000536452919   0.002997519766   0.001838831369
 -0.000121947233   0.009882703114  -0.011070134899
  0.003236021982   0.003675623270   0.002983331319
  0.000486933801  -0.002267008091  -0.002112098135
 -0.002658828313  -0.000834427361  -0.000002816236
 -0.001358125615   0.001551558239  -0.000935131396
  0.000770341287   0.001267103123  -0.000124672226
 -0.001092266050  -0.000170640677   0.002056854292
 -0.031036197660  -0.142646648497  -0.000972583191
 -0.004043070261   0.008790999134  -0.001572043865
  0.000567191527   0.008792397265   0.000906442302
 -0.001301868559   0.005035852982   0.002198701305
  0.022617269586   0.041281952923   0.000001269828
  0.000267226459   0.007396797628  -0.000867903336
  0.003307315285   0.005033554193  -0.000159721965
  0.000266128861   0.007393828488   0.000007391967
  0.016906527410   0.041282528848  -0.001354684592
 -0.000203003148  -0.000262836634  -0.001208579247
 -0.001606077752   0.000274735319   0.000873092685
  0.000051650855   0.000314215754  -0.000013884612
  0.000136837181   0.000327481674   0.000388559643
 -0.001125967273   0.000355046735  -0.001171539107
  0.000639940731   0.001221666837   0.000101718774
 -0.000040910107   0.000170502064  -0.000808164232
  0.000845866272   0.000388726072  -0.000281848701
 -0.000144788423  -0.000505481099   0.001743293908
   10    3  0.0000  0.0000  0.0150
 -0.007329044686   0.003732961539   0.022551556323
 -0.000553964035  -0.000174600571   0.003113326448
  0.000011114837  -0.000880482906   0.011991796475
  0.000749410724   0.000542603684   0.012021798569
  0.002011920844  -0.000614214629  -0.001342119889
  0.002580882609  -0.001299712494   0.003031795589
 -0.000206341088   0.000551529263   0.003104730140
  0.000123445924  -0.000099214111   0.001428931322
  0.001669830475  -0.001260665160  -0.001318926663
  0.001905086226  -0.001060723142  -0.070936519859
 -0.003372250681   0.000888594165   0.001531379122
  0.001316851593  -0.001496124832   0.001505310285
  0.002017319630  -0.000154410706   0.001519569053
  0.000973680524  -0.001356640354   0.001823390624
 -0.000016763756  -0.000039706345   0.000729313535
 -0.002676327340   0.002242568061   0.001521383534
  0.001697297783  -0.000913172655   0.000723376031
  0.001706653190   0.000059794541   0.001797842768
  0.004230375765  -0.002149342564   0.007679374822
 -0.001515431610   0.000562596120  -0.000508473958
 -0.000253973520  -0.000164967468   0.000196009403
 -0.000016701586   0.000301961415   0.000187667572
 -0.000811080011   0.000568727288  -0.001735980064
 -0.001387332709   0.000691425950   0.001188978404
 -0.001341956918   0.000906055691  -0.000498378635
 -0.000568627353   0.000293229160   0.000405463045
 -0.000944074830   0.000321931058  -0.001712593994
   19    1  0.0150  0.0000  0.0000
 -0.001509052567   0.002050037657  -0.004894918222
  0.002176953334  -0.001598395456   0.000132546545
  0.011765940920   0.023371920815   0.019093957279
  0.011867969145   0.020844315446  -0.019782611627
  0.001740721099  -0.002611911081   0.000578583734
 -0.001632222386   0.001914683203   0.002613217197
  0.002714068422  -0.000782071736   0.000296499745
  0.001631647211  -0.000073537055   0.000709838404
  0.003880490747   0.001829178340   0.000647764001
  0.000049209895  -0.000170513690   0.003837196743
  0.000232963279  -0.000070195353  -0.000260691752
  0.001343142561  -0.001459470248  -0.001493684686
  0.001351880130  -0.000074968059  -0.001321335914
  0.001229609672  -0.000215701401  -0.000998832492
 -0.000835194970   0.000832288945  -0.000658323150
  0.000290999028   0.000190551288  -0.000029517971
  0.000273328133   0.000603412504  -0.001469550826
  0.000431422425  -0.001076571193  -0.000895842573
 -0.048180167295  -0.040509074302   0.005665633647
  0.000822184570  -0.002345844117   0.000397398001
  0.000815950499  -0.002343960912  -0.000749843126
  0.005278704003   0.000874638922  -0.001965491770
 -0.000252718299   0.000540571589  -0.001304577660
 -0.000258882518   0.000171913185  -0.000495536673
  0.005258725390   0.000890913678   0.001308168584
 -0.000252092075   0.000164981515   0.000342295239
 -0.000235580350  -0.000947192484   0.000697659324
   19    2  0.0000  0.0150  0.0000
  0.002025921674   0.001585082911   0.002587642632
 -0.001141566360   0.000950692975  -0.000302662652
  0.020809236280   0.043960110733   0.038331171612
  0.023547027836   0.044008175794  -0.037819488846
  0.000231596028   0.003237162587  -0.000294248885
  0.001947481948   0.001208481589  -0.001341821174
 -0.001254279819   0.000381254169   0.000075012800
 -0.000107025052   0.001486297399  -0.000316389264
 -0.001095164009   0.001152846685  -0.000244150161
 -0.000218792631  -0.000294242925  -0.002146399078
  0.000077232418   0.000343651899  -0.000162195714
 -0.000138221355   0.000234028748   0.000521860295
 -0.001534461580   0.000139856826   0.000929756177
 -0.000490153472  -0.000498108769   0.000329903952
  0.000843010070   0.000397243130   0.000293473481
  0.000096886264   0.000289663851   0.000294765188
  0.000663512329   0.001271068521   0.000704668668
 -0.000763684449   0.000369638528   0.000565866140
 -0.040429429246  -0.106785747637  -0.002866406871
 -0.002320314540   0.004189748309  -0.001318663258
 -0.002354568832   0.004189167490   0.001873068408
  0.000928117202  -0.000240653283  -0.000537496578
 -0.001029980403  -0.000677341102  -0.001896524493
  0.000173942296   0.000008874772   0.000234641512
  0.000893027052  -0.000239275065   0.000481572608
  0.000172327759   0.000006390742  -0.000183916392
  0.000468322592  -0.000674068875   0.002206959894
   19    3  0.0000  0.0000  0.0150
  0.004074283276  -0.002055056108   0.001389715389
  0.001029140707  -0.000913251564   0.001060691297
  0.015627369016   0.038773456630   0.055000386156
 -0.022129329485  -0.035371180229   0.054934770567
 -0.001176835893   0.000812734473   0.001016536835
 -0.001683404761   0.000875247297   0.001694334899
  0.001317847433  -0.000302776756   0.001073405806
 -0.000307589457   0.000088003676   0.000624006496
 -0.001363295199   0.000458567542   0.001003222894
  0.002355179959  -0.001226850737   0.007644869213
 -0.000477060235  -0.000031710054   0.000226240600
  0.000361049580   0.000893328059  -0.000528413628
 -0.000518978005  -0.000845080506  -0.000500325774
  0.000168731930   0.001685575170  -0.001707846807
  0.000511408724  -0.000249774871   0.000439619189
 -0.000218242305   0.000373548187   0.000217970643
 -0.000204887451   0.000137497264   0.001202748076
 -0.001260004890  -0.001105888766  -0.001731884768
  0.005572210160  -0.002925203534  -0.113620094493
 -0.000705168769   0.001874944555  -0.001591430537
  0.000350203426  -0.001291486996  -0.001572054104
  0.001271607534   0.000476998501  -0.001581944266
  0.000743735825   0.002203336728  -0.001002263103
  0.000358581001  -0.000188417513  -0.000571941806
 -0.001913962747  -0.000531520426  -0.001578454629
 -0.000460637340   0.000227797798  -0.000573593424
 -0.001321952034  -0.001842837820  -0.000968270721
