Automatically generated mesh
     560
Reciprocal lattice
    0.00000000000000    0.00000000000000    0.00000000000000             1
    0.03703703703704    0.00000000000000    0.00000000000000            12
    0.07407407407408    0.00000000000000    0.00000000000000            12
    0.11111111111112    0.00000000000000    0.00000000000000            12
    0.14814814814815    0.00000000000000    0.00000000000000            12
    0.18518518518518    0.00000000000000    0.00000000000000            12
    0.22222222222222    0.00000000000000    0.00000000000000            12
    0.25925925925926    0.00000000000000    0.00000000000000            12
    0.29629629629630    0.00000000000000    0.00000000000000            12
    0.33333333333334    0.00000000000000    0.00000000000000            12
    0.37037037037038    0.00000000000000    0.00000000000000            12
    0.40740740740741    0.00000000000000    0.00000000000000            12
    0.44444444444444    0.00000000000000    0.00000000000000            12
    0.48148148148148    0.00000000000000    0.00000000000000            12
    0.03703703703704    0.03703703703704    0.00000000000000            24
    0.07407407407408    0.03703703703704    0.00000000000000            48
    0.11111111111111    0.03703703703704    0.00000000000000            48
    0.14814814814815    0.03703703703704    0.00000000000000            48
    0.18518518518518    0.03703703703704    0.00000000000000            48
    0.22222222222222    0.03703703703704    0.00000000000000            48
    0.25925925925926    0.03703703703704    0.00000000000000            48
    0.29629629629630    0.03703703703704    0.00000000000000            48
    0.33333333333334    0.03703703703704    0.00000000000000            48
    0.37037037037037    0.03703703703704    0.00000000000000            48
    0.40740740740741    0.03703703703704    0.00000000000000            48
    0.44444444444444    0.03703703703704    0.00000000000000            48
    0.48148148148148    0.03703703703704    0.00000000000000            24
    0.07407407407408    0.07407407407408    0.00000000000000            24
    0.11111111111111    0.07407407407408    0.00000000000000            48
    0.14814814814815    0.07407407407408    0.00000000000000            48
    0.18518518518518    0.07407407407408    0.00000000000000            48
    0.22222222222222    0.07407407407408    0.00000000000000            48
    0.25925925925926    0.07407407407408    0.00000000000000            48
    0.29629629629630    0.07407407407408    0.00000000000000            48
    0.33333333333334    0.07407407407408    0.00000000000000            48
    0.37037037037037    0.07407407407408    0.00000000000000            48
    0.40740740740741    0.07407407407408    0.00000000000000            48
    0.44444444444444    0.07407407407408    0.00000000000000            48
    0.11111111111111    0.11111111111112    0.00000000000000            24
    0.14814814814815    0.11111111111112    0.00000000000000            48
    0.18518518518518    0.11111111111112    0.00000000000000            48
    0.22222222222222    0.11111111111112    0.00000000000000            48
    0.25925925925926    0.11111111111112    0.00000000000000            48
    0.29629629629630    0.11111111111112    0.00000000000000            48
    0.33333333333333    0.11111111111112    0.00000000000000            48
    0.37037037037037    0.11111111111112    0.00000000000000            48
    0.40740740740741    0.11111111111112    0.00000000000000            48
    0.44444444444444    0.11111111111112    0.00000000000000            24
    0.14814814814815    0.14814814814815    0.00000000000000            24
    0.18518518518518    0.14814814814815    0.00000000000000            48
    0.22222222222222    0.14814814814815    0.00000000000000            48
    0.25925925925926    0.14814814814815    0.00000000000000            48
    0.29629629629630    0.14814814814815    0.00000000000000            48
    0.33333333333333    0.14814814814815    0.00000000000000            48
    0.37037037037037    0.14814814814815    0.00000000000000            48
    0.40740740740741    0.14814814814815    0.00000000000000            48
    0.18518518518518    0.18518518518519    0.00000000000000            24
    0.22222222222222    0.18518518518519    0.00000000000000            48
    0.25925925925926    0.18518518518519    0.00000000000000            48
    0.29629629629629    0.18518518518519    0.00000000000000            48
    0.33333333333333    0.18518518518519    0.00000000000000            48
    0.37037037037037    0.18518518518519    0.00000000000000            48
    0.40740740740741    0.18518518518519    0.00000000000000            24
    0.22222222222222    0.22222222222223    0.00000000000000            24
    0.25925925925926    0.22222222222223    0.00000000000000            48
    0.29629629629629    0.22222222222223    0.00000000000000            48
    0.33333333333333    0.22222222222223    0.00000000000000            48
    0.37037037037037    0.22222222222223    0.00000000000000            48
    0.25925925925926    0.25925925925925    0.00000000000000            24
    0.29629629629630    0.25925925925925    0.00000000000000            48
    0.33333333333334    0.25925925925925    0.00000000000000            48
    0.37037037037038    0.25925925925925    0.00000000000000            24
    0.29629629629630    0.29629629629629    0.00000000000000            24
    0.33333333333334    0.29629629629629    0.00000000000000            48
    0.33333333333334    0.33333333333333    0.00000000000000             8
    0.03703703703704    0.03703703703704    0.03703703703704             8
    0.07407407407408    0.03703703703704    0.03703703703704            24
    0.11111111111111    0.03703703703704    0.03703703703704            24
    0.14814814814815    0.03703703703704    0.03703703703704            24
    0.18518518518518    0.03703703703704    0.03703703703704            24
    0.22222222222222    0.03703703703704    0.03703703703704            24
    0.25925925925926    0.03703703703704    0.03703703703704            24
    0.29629629629630    0.03703703703704    0.03703703703704            24
    0.33333333333334    0.03703703703704    0.03703703703704            24
    0.37037037037037    0.03703703703704    0.03703703703704            24
    0.40740740740741    0.03703703703704    0.03703703703704            24
    0.44444444444444    0.03703703703704    0.03703703703704            24
   -0.03703703703704    0.03703703703704    0.03703703703704             6
    0.07407407407407    0.07407407407408    0.03703703703704            24
    0.11111111111111    0.07407407407408    0.03703703703704            48
    0.14814814814815    0.07407407407408    0.03703703703704            48
    0.18518518518518    0.07407407407408    0.03703703703704            48
    0.22222222222222    0.07407407407408    0.03703703703704            48
    0.25925925925926    0.07407407407408    0.03703703703704            48
    0.29629629629630    0.07407407407408    0.03703703703704            48
    0.33333333333333    0.07407407407408    0.03703703703704            48
    0.37037037037037    0.07407407407408    0.03703703703704            48
    0.40740740740741    0.07407407407408    0.03703703703704            48
    0.44444444444444    0.07407407407408    0.03703703703704            24
   -0.07407407407407    0.07407407407408    0.03703703703704            24
    0.11111111111111    0.11111111111112    0.03703703703704            24
    0.14814814814815    0.11111111111112    0.03703703703704            48
    0.18518518518518    0.11111111111112    0.03703703703704            48
    0.22222222222222    0.11111111111112    0.03703703703704            48
    0.25925925925926    0.11111111111112    0.03703703703704            48
    0.29629629629630    0.11111111111112    0.03703703703704            48
    0.33333333333333    0.11111111111112    0.03703703703704            48
    0.37037037037037    0.11111111111112    0.03703703703704            48
    0.40740740740741    0.11111111111112    0.03703703703704            48
   -0.11111111111111    0.11111111111112    0.03703703703704            24
   -0.07407407407407    0.11111111111112    0.03703703703704            24
    0.14814814814815    0.14814814814815    0.03703703703704            24
    0.18518518518518    0.14814814814815    0.03703703703704            48
    0.22222222222222    0.14814814814815    0.03703703703704            48
    0.25925925925926    0.14814814814815    0.03703703703704            48
    0.29629629629629    0.14814814814815    0.03703703703704            48
    0.33333333333333    0.14814814814815    0.03703703703704            48
    0.37037037037037    0.14814814814815    0.03703703703704            48
    0.40740740740741    0.14814814814815    0.03703703703704            24
   -0.14814814814815    0.14814814814815    0.03703703703704            24
   -0.11111111111111    0.14814814814815    0.03703703703704            48
    0.18518518518518    0.18518518518519    0.03703703703704            24
    0.22222222222222    0.18518518518519    0.03703703703704            48
    0.25925925925926    0.18518518518519    0.03703703703704            48
    0.29629629629629    0.18518518518519    0.03703703703704            48
    0.33333333333333    0.18518518518519    0.03703703703704            48
    0.37037037037037    0.18518518518519    0.03703703703704            48
   -0.18518518518519    0.18518518518519    0.03703703703704            24
   -0.14814814814815    0.18518518518519    0.03703703703704            48
   -0.11111111111111    0.18518518518519    0.03703703703704            24
    0.22222222222223    0.22222222222222    0.03703703703703            24
    0.25925925925926    0.22222222222222    0.03703703703703            48
    0.29629629629630    0.22222222222222    0.03703703703703            48
    0.33333333333334    0.22222222222222    0.03703703703703            48
    0.37037037037038    0.22222222222222    0.03703703703703            24
   -0.22222222222222    0.22222222222222    0.03703703703703            24
   -0.18518518518518    0.22222222222222    0.03703703703703            48
   -0.14814814814814    0.22222222222222    0.03703703703703            48
    0.25925925925926    0.25925925925926    0.03703703703703            24
    0.29629629629630    0.25925925925926    0.03703703703703            48
    0.33333333333334    0.25925925925926    0.03703703703703            48
   -0.25925925925926    0.25925925925926    0.03703703703703            24
   -0.22222222222222    0.25925925925926    0.03703703703703            48
   -0.18518518518518    0.25925925925926    0.03703703703703            48
   -0.14814814814814    0.25925925925926    0.03703703703703            24
    0.29629629629630    0.29629629629629    0.03703703703704            24
    0.33333333333334    0.29629629629629    0.03703703703704            24
   -0.29629629629629    0.29629629629629    0.03703703703704            24
   -0.25925925925926    0.29629629629629    0.03703703703704            48
   -0.22222222222222    0.29629629629629    0.03703703703704            48
   -0.18518518518518    0.29629629629629    0.03703703703704            48
   -0.33333333333333    0.33333333333333    0.03703703703704            24
   -0.29629629629630    0.33333333333333    0.03703703703704            48
   -0.25925925925926    0.33333333333333    0.03703703703704            48
   -0.22222222222222    0.33333333333333    0.03703703703704            48
   -0.18518518518518    0.33333333333333    0.03703703703704            24
   -0.37037037037037    0.37037037037037    0.03703703703704            24
   -0.33333333333333    0.37037037037037    0.03703703703704            48
   -0.29629629629630    0.37037037037037    0.03703703703704            48
   -0.25925925925926    0.37037037037037    0.03703703703704            48
   -0.22222222222222    0.37037037037037    0.03703703703704            48
   -0.40740740740740    0.40740740740741    0.03703703703704            24
   -0.37037037037037    0.40740740740741    0.03703703703704            48
   -0.33333333333333    0.40740740740741    0.03703703703704            48
   -0.29629629629630    0.40740740740741    0.03703703703704            48
   -0.25925925925926    0.40740740740741    0.03703703703704            48
   -0.22222222222222    0.40740740740741    0.03703703703704            24
   -0.44444444444444    0.44444444444444    0.03703703703704            24
   -0.40740740740740    0.44444444444444    0.03703703703704            48
   -0.37037037037037    0.44444444444444    0.03703703703704            48
   -0.33333333333333    0.44444444444444    0.03703703703704            48
   -0.29629629629630    0.44444444444444    0.03703703703704            48
   -0.25925925925926    0.44444444444444    0.03703703703704            48
   -0.48148148148148    0.48148148148148    0.03703703703704            24
   -0.44444444444444    0.48148148148148    0.03703703703704            48
   -0.40740740740740    0.48148148148148    0.03703703703704            48
   -0.37037037037037    0.48148148148148    0.03703703703704            48
   -0.33333333333333    0.48148148148148    0.03703703703704            48
   -0.29629629629630    0.48148148148148    0.03703703703704            48
   -0.25925925925926    0.48148148148148    0.03703703703704            24
   -0.48148148148148   -0.48148148148148    0.03703703703704            24
   -0.44444444444444   -0.48148148148148    0.03703703703704            48
   -0.40740740740740   -0.48148148148148    0.03703703703704            48
   -0.37037037037037   -0.48148148148148    0.03703703703704            48
   -0.33333333333333   -0.48148148148148    0.03703703703704            48
   -0.29629629629630   -0.48148148148148    0.03703703703704            48
   -0.44444444444444   -0.44444444444444    0.03703703703704            24
   -0.40740740740741   -0.44444444444444    0.03703703703704            48
   -0.37037037037037   -0.44444444444444    0.03703703703704            48
   -0.33333333333333   -0.44444444444444    0.03703703703704            48
   -0.29629629629630   -0.44444444444444    0.03703703703704            24
   -0.40740740740741   -0.40740740740740    0.03703703703704            24
   -0.37037037037037   -0.40740740740740    0.03703703703704            48
   -0.33333333333333   -0.40740740740740    0.03703703703704            48
   -0.37037037037037   -0.37037037037037    0.03703703703704            24
   -0.33333333333333   -0.37037037037037    0.03703703703704            24
    0.07407407407407    0.07407407407408    0.07407407407408             8
    0.11111111111111    0.07407407407408    0.07407407407408            24
    0.14814814814815    0.07407407407408    0.07407407407408            24
    0.18518518518518    0.07407407407408    0.07407407407408            24
    0.22222222222222    0.07407407407408    0.07407407407408            24
    0.25925925925926    0.07407407407408    0.07407407407408            24
    0.29629629629630    0.07407407407408    0.07407407407408            24
    0.33333333333333    0.07407407407408    0.07407407407408            24
    0.37037037037037    0.07407407407408    0.07407407407408            24
    0.40740740740741    0.07407407407408    0.07407407407408            24
   -0.07407407407407    0.07407407407408    0.07407407407408             6
    0.11111111111111    0.11111111111112    0.07407407407408            24
    0.14814814814815    0.11111111111112    0.07407407407408            48
    0.18518518518518    0.11111111111112    0.07407407407408            48
    0.22222222222222    0.11111111111112    0.07407407407408            48
    0.25925925925926    0.11111111111112    0.07407407407408            48
    0.29629629629629    0.11111111111112    0.07407407407408            48
    0.33333333333333    0.11111111111112    0.07407407407408            48
    0.37037037037037    0.11111111111112    0.07407407407408            48
    0.40740740740741    0.11111111111112    0.07407407407408            24
   -0.11111111111111    0.11111111111112    0.07407407407408            24
    0.14814814814815    0.14814814814815    0.07407407407408            24
    0.18518518518518    0.14814814814815    0.07407407407408            48
    0.22222222222222    0.14814814814815    0.07407407407408            48
    0.25925925925926    0.14814814814815    0.07407407407408            48
    0.29629629629629    0.14814814814815    0.07407407407408            48
    0.33333333333333    0.14814814814815    0.07407407407408            48
    0.37037037037037    0.14814814814815    0.07407407407408            48
   -0.14814814814815    0.14814814814815    0.07407407407408            24
   -0.11111111111111    0.14814814814815    0.07407407407408            24
    0.18518518518519    0.18518518518518    0.07407407407407            24
    0.22222222222223    0.18518518518518    0.07407407407407            48
    0.25925925925926    0.18518518518518    0.07407407407407            48
    0.29629629629630    0.18518518518518    0.07407407407407            48
    0.33333333333334    0.18518518518518    0.07407407407407            48
    0.37037037037038    0.18518518518518    0.07407407407407            24
   -0.18518518518518    0.18518518518518    0.07407407407407            24
   -0.14814814814814    0.18518518518518    0.07407407407407            48
    0.22222222222223    0.22222222222222    0.07407407407407            24
    0.25925925925926    0.22222222222222    0.07407407407407            48
    0.29629629629630    0.22222222222222    0.07407407407407            48
    0.33333333333334    0.22222222222222    0.07407407407407            48
   -0.22222222222222    0.22222222222222    0.07407407407407            24
   -0.18518518518518    0.22222222222222    0.07407407407407            48
   -0.14814814814814    0.22222222222222    0.07407407407407            24
    0.25925925925926    0.25925925925926    0.07407407407407            24
    0.29629629629630    0.25925925925926    0.07407407407407            48
    0.33333333333334    0.25925925925926    0.07407407407407            24
   -0.25925925925926    0.25925925925926    0.07407407407407            24
   -0.22222222222222    0.25925925925926    0.07407407407407            48
   -0.18518518518518    0.25925925925926    0.07407407407407            48
    0.29629629629630    0.29629629629630    0.07407407407407            24
   -0.29629629629630    0.29629629629630    0.07407407407407            24
   -0.25925925925926    0.29629629629630    0.07407407407407            48
   -0.22222222222222    0.29629629629630    0.07407407407407            48
   -0.18518518518518    0.29629629629630    0.07407407407407            24
   -0.33333333333333    0.33333333333333    0.07407407407408            24
   -0.29629629629630    0.33333333333333    0.07407407407408            48
   -0.25925925925926    0.33333333333333    0.07407407407408            48
   -0.22222222222222    0.33333333333333    0.07407407407408            48
   -0.37037037037037    0.37037037037037    0.07407407407408            24
   -0.33333333333333    0.37037037037037    0.07407407407408            48
   -0.29629629629630    0.37037037037037    0.07407407407408            48
   -0.25925925925926    0.37037037037037    0.07407407407408            48
   -0.22222222222222    0.37037037037037    0.07407407407408            24
   -0.40740740740740    0.40740740740741    0.07407407407408            24
   -0.37037037037037    0.40740740740741    0.07407407407408            48
   -0.33333333333333    0.40740740740741    0.07407407407408            48
   -0.29629629629630    0.40740740740741    0.07407407407408            48
   -0.25925925925926    0.40740740740741    0.07407407407408            48
   -0.44444444444444    0.44444444444444    0.07407407407408            24
   -0.40740740740740    0.44444444444444    0.07407407407408            48
   -0.37037037037037    0.44444444444444    0.07407407407408            48
   -0.33333333333333    0.44444444444444    0.07407407407408            48
   -0.29629629629630    0.44444444444444    0.07407407407408            48
   -0.25925925925926    0.44444444444444    0.07407407407408            24
   -0.48148148148148    0.48148148148148    0.07407407407408            24
   -0.44444444444444    0.48148148148148    0.07407407407408            48
   -0.40740740740740    0.48148148148148    0.07407407407408            48
   -0.37037037037037    0.48148148148148    0.07407407407408            48
   -0.33333333333333    0.48148148148148    0.07407407407408            48
   -0.29629629629630    0.48148148148148    0.07407407407408            48
   -0.48148148148148   -0.48148148148148    0.07407407407408            24
   -0.44444444444444   -0.48148148148148    0.07407407407408            48
   -0.40740740740741   -0.48148148148148    0.07407407407408            48
   -0.37037037037037   -0.48148148148148    0.07407407407408            48
   -0.33333333333333   -0.48148148148148    0.07407407407408            48
   -0.29629629629630   -0.48148148148148    0.07407407407408            24
   -0.44444444444444   -0.44444444444444    0.07407407407408            24
   -0.40740740740741   -0.44444444444444    0.07407407407408            48
   -0.37037037037037   -0.44444444444444    0.07407407407408            48
   -0.33333333333333   -0.44444444444444    0.07407407407408            48
   -0.40740740740741   -0.40740740740740    0.07407407407408            24
   -0.37037037037037   -0.40740740740740    0.07407407407408            48
   -0.33333333333333   -0.40740740740740    0.07407407407408            24
   -0.37037037037037   -0.37037037037037    0.07407407407408            24
    0.11111111111111    0.11111111111112    0.11111111111112             8
    0.14814814814815    0.11111111111112    0.11111111111112            24
    0.18518518518518    0.11111111111112    0.11111111111112            24
    0.22222222222222    0.11111111111112    0.11111111111112            24
    0.25925925925926    0.11111111111112    0.11111111111112            24
    0.29629629629629    0.11111111111112    0.11111111111112            24
    0.33333333333333    0.11111111111112    0.11111111111112            24
    0.37037037037037    0.11111111111112    0.11111111111112            24
   -0.11111111111111    0.11111111111112    0.11111111111112             6
    0.14814814814815    0.14814814814815    0.11111111111111            24
    0.18518518518519    0.14814814814815    0.11111111111111            48
    0.22222222222223    0.14814814814815    0.11111111111111            48
    0.25925925925926    0.14814814814815    0.11111111111111            48
    0.29629629629630    0.14814814814815    0.11111111111111            48
    0.33333333333334    0.14814814814815    0.11111111111111            48
    0.37037037037038    0.14814814814815    0.11111111111111            24
   -0.14814814814814    0.14814814814815    0.11111111111111            24
    0.18518518518519    0.18518518518518    0.11111111111111            24
    0.22222222222223    0.18518518518518    0.11111111111111            48
    0.25925925925926    0.18518518518518    0.11111111111111            48
    0.29629629629630    0.18518518518518    0.11111111111111            48
    0.33333333333334    0.18518518518518    0.11111111111111            48
   -0.18518518518518    0.18518518518518    0.11111111111111            24
   -0.14814814814814    0.18518518518518    0.11111111111111            24
    0.22222222222222    0.22222222222222    0.11111111111111            24
    0.25925925925926    0.22222222222222    0.11111111111111            48
    0.29629629629630    0.22222222222222    0.11111111111111            48
    0.33333333333334    0.22222222222222    0.11111111111111            24
   -0.22222222222222    0.22222222222222    0.11111111111111            24
   -0.18518518518518    0.22222222222222    0.11111111111111            48
    0.25925925925926    0.25925925925926    0.11111111111111            24
    0.29629629629630    0.25925925925926    0.11111111111111            48
   -0.25925925925926    0.25925925925926    0.11111111111111            24
   -0.22222222222222    0.25925925925926    0.11111111111111            48
   -0.18518518518518    0.25925925925926    0.11111111111111            24
    0.29629629629630    0.29629629629630    0.11111111111111             8
   -0.29629629629630    0.29629629629630    0.11111111111111            24
   -0.25925925925926    0.29629629629630    0.11111111111111            48
   -0.22222222222222    0.29629629629630    0.11111111111111            48
   -0.33333333333333    0.33333333333334    0.11111111111111            24
   -0.29629629629630    0.33333333333334    0.11111111111111            48
   -0.25925925925926    0.33333333333334    0.11111111111111            48
   -0.22222222222222    0.33333333333334    0.11111111111111            24
   -0.37037037037037    0.37037037037037    0.11111111111112            24
   -0.33333333333333    0.37037037037037    0.11111111111112            48
   -0.29629629629630    0.37037037037037    0.11111111111112            48
   -0.25925925925926    0.37037037037037    0.11111111111112            48
   -0.40740740740740    0.40740740740741    0.11111111111112            24
   -0.37037037037037    0.40740740740741    0.11111111111112            48
   -0.33333333333333    0.40740740740741    0.11111111111112            48
   -0.29629629629630    0.40740740740741    0.11111111111112            48
   -0.25925925925926    0.40740740740741    0.11111111111112            24
   -0.44444444444444    0.44444444444444    0.11111111111112            24
   -0.40740740740740    0.44444444444444    0.11111111111112            48
   -0.37037037037037    0.44444444444444    0.11111111111112            48
   -0.33333333333333    0.44444444444444    0.11111111111112            48
   -0.29629629629630    0.44444444444444    0.11111111111112            48
   -0.48148148148148    0.48148148148148    0.11111111111112            24
   -0.44444444444444    0.48148148148148    0.11111111111112            48
   -0.40740740740741    0.48148148148148    0.11111111111112            48
   -0.37037037037037    0.48148148148148    0.11111111111112            48
   -0.33333333333333    0.48148148148148    0.11111111111112            48
   -0.29629629629630    0.48148148148148    0.11111111111112            24
   -0.48148148148148   -0.48148148148148    0.11111111111112            24
   -0.44444444444444   -0.48148148148148    0.11111111111112            48
   -0.40740740740741   -0.48148148148148    0.11111111111112            48
   -0.37037037037037   -0.48148148148148    0.11111111111112            48
   -0.33333333333333   -0.48148148148148    0.11111111111112            48
   -0.44444444444445   -0.44444444444444    0.11111111111112            24
   -0.40740740740741   -0.44444444444444    0.11111111111112            48
   -0.37037037037037   -0.44444444444444    0.11111111111112            48
   -0.33333333333333   -0.44444444444444    0.11111111111112            24
   -0.40740740740741   -0.40740740740740    0.11111111111112            24
   -0.37037037037037   -0.40740740740740    0.11111111111112            48
   -0.37037037037037   -0.37037037037037    0.11111111111112             8
    0.14814814814815    0.14814814814815    0.14814814814815             8
    0.18518518518519    0.14814814814815    0.14814814814815            24
    0.22222222222223    0.14814814814815    0.14814814814815            24
    0.25925925925926    0.14814814814815    0.14814814814815            24
    0.29629629629630    0.14814814814815    0.14814814814815            24
    0.33333333333334    0.14814814814815    0.14814814814815            24
   -0.14814814814814    0.14814814814815    0.14814814814815             6
    0.18518518518519    0.18518518518518    0.14814814814815            24
    0.22222222222222    0.18518518518518    0.14814814814815            48
    0.25925925925926    0.18518518518518    0.14814814814815            48
    0.29629629629630    0.18518518518518    0.14814814814815            48
    0.33333333333334    0.18518518518518    0.14814814814815            24
   -0.18518518518518    0.18518518518518    0.14814814814815            24
    0.22222222222222    0.22222222222222    0.14814814814815            24
    0.25925925925926    0.22222222222222    0.14814814814815            48
    0.29629629629630    0.22222222222222    0.14814814814815            48
   -0.22222222222222    0.22222222222222    0.14814814814815            24
   -0.18518518518518    0.22222222222222    0.14814814814815            24
    0.25925925925926    0.25925925925926    0.14814814814815            24
    0.29629629629630    0.25925925925926    0.14814814814815            24
   -0.25925925925926    0.25925925925926    0.14814814814815            24
   -0.22222222222222    0.25925925925926    0.14814814814815            48
   -0.29629629629630    0.29629629629630    0.14814814814815            24
   -0.25925925925926    0.29629629629630    0.14814814814815            48
   -0.22222222222222    0.29629629629630    0.14814814814815            24
   -0.33333333333333    0.33333333333334    0.14814814814815            24
   -0.29629629629630    0.33333333333334    0.14814814814815            48
   -0.25925925925926    0.33333333333334    0.14814814814815            48
   -0.37037037037037    0.37037037037038    0.14814814814815            24
   -0.33333333333333    0.37037037037038    0.14814814814815            48
   -0.29629629629630    0.37037037037038    0.14814814814815            48
   -0.25925925925926    0.37037037037038    0.14814814814815            24
   -0.40740740740740    0.40740740740741    0.14814814814815            24
   -0.37037037037037    0.40740740740741    0.14814814814815            48
   -0.33333333333333    0.40740740740741    0.14814814814815            48
   -0.29629629629630    0.40740740740741    0.14814814814815            48
   -0.44444444444444    0.44444444444444    0.14814814814815            24
   -0.40740740740741    0.44444444444444    0.14814814814815            48
   -0.37037037037037    0.44444444444444    0.14814814814815            48
   -0.33333333333333    0.44444444444444    0.14814814814815            48
   -0.29629629629630    0.44444444444444    0.14814814814815            24
   -0.48148148148148    0.48148148148148    0.14814814814815            24
   -0.44444444444444    0.48148148148148    0.14814814814815            48
   -0.40740740740741    0.48148148148148    0.14814814814815            48
   -0.37037037037037    0.48148148148148    0.14814814814815            48
   -0.33333333333333    0.48148148148148    0.14814814814815            48
   -0.48148148148148   -0.48148148148148    0.14814814814815            24
   -0.44444444444445   -0.48148148148148    0.14814814814815            48
   -0.40740740740741   -0.48148148148148    0.14814814814815            48
   -0.37037037037037   -0.48148148148148    0.14814814814815            48
   -0.33333333333333   -0.48148148148148    0.14814814814815            24
   -0.44444444444445   -0.44444444444444    0.14814814814815            24
   -0.40740740740741   -0.44444444444444    0.14814814814815            48
   -0.37037037037037   -0.44444444444444    0.14814814814815            48
   -0.40740740740741   -0.40740740740740    0.14814814814815            24
   -0.37037037037037   -0.40740740740740    0.14814814814815            24
    0.18518518518519    0.18518518518518    0.18518518518518             8
    0.22222222222222    0.18518518518518    0.18518518518518            24
    0.25925925925926    0.18518518518518    0.18518518518518            24
    0.29629629629630    0.18518518518518    0.18518518518518            24
   -0.18518518518518    0.18518518518518    0.18518518518518             6
    0.22222222222222    0.22222222222222    0.18518518518518            24
    0.25925925925926    0.22222222222222    0.18518518518518            48
    0.29629629629630    0.22222222222222    0.18518518518518            24
   -0.22222222222222    0.22222222222222    0.18518518518518            24
    0.25925925925926    0.25925925925926    0.18518518518518            24
   -0.25925925925926    0.25925925925926    0.18518518518518            24
   -0.22222222222222    0.25925925925926    0.18518518518518            24
   -0.29629629629630    0.29629629629630    0.18518518518518            24
   -0.25925925925926    0.29629629629630    0.18518518518518            48
   -0.33333333333333    0.33333333333334    0.18518518518518            24
   -0.29629629629630    0.33333333333334    0.18518518518518            48
   -0.25925925925926    0.33333333333334    0.18518518518518            24
   -0.37037037037037    0.37037037037038    0.18518518518518            24
   -0.33333333333333    0.37037037037038    0.18518518518518            48
   -0.29629629629630    0.37037037037038    0.18518518518518            48
   -0.40740740740741    0.40740740740741    0.18518518518518            24
   -0.37037037037037    0.40740740740741    0.18518518518518            48
   -0.33333333333333    0.40740740740741    0.18518518518518            48
   -0.29629629629630    0.40740740740741    0.18518518518518            24
   -0.44444444444444    0.44444444444444    0.18518518518519            24
   -0.40740740740741    0.44444444444444    0.18518518518519            48
   -0.37037037037037    0.44444444444444    0.18518518518519            48
   -0.33333333333333    0.44444444444444    0.18518518518519            48
   -0.48148148148148    0.48148148148148    0.18518518518519            24
   -0.44444444444445    0.48148148148148    0.18518518518519            48
   -0.40740740740741    0.48148148148148    0.18518518518519            48
   -0.37037037037037    0.48148148148148    0.18518518518519            48
   -0.33333333333333    0.48148148148148    0.18518518518519            24
   -0.48148148148148   -0.48148148148148    0.18518518518519            24
   -0.44444444444445   -0.48148148148148    0.18518518518519            48
   -0.40740740740741   -0.48148148148148    0.18518518518519            48
   -0.37037037037037   -0.48148148148148    0.18518518518519            48
   -0.44444444444445   -0.44444444444444    0.18518518518519            24
   -0.40740740740741   -0.44444444444444    0.18518518518519            48
   -0.37037037037037   -0.44444444444444    0.18518518518519            24
   -0.40740740740740   -0.40740740740741    0.18518518518518            24
    0.22222222222222    0.22222222222222    0.22222222222222             8
    0.25925925925926    0.22222222222222    0.22222222222222            24
   -0.22222222222222    0.22222222222222    0.22222222222222             6
    0.25925925925926    0.25925925925926    0.22222222222222             8
   -0.25925925925926    0.25925925925926    0.22222222222222            24
   -0.29629629629630    0.29629629629630    0.22222222222222            24
   -0.25925925925926    0.29629629629630    0.22222222222222            24
   -0.33333333333333    0.33333333333334    0.22222222222222            24
   -0.29629629629630    0.33333333333334    0.22222222222222            48
   -0.37037037037037    0.37037037037038    0.22222222222222            24
   -0.33333333333333    0.37037037037038    0.22222222222222            48
   -0.29629629629630    0.37037037037038    0.22222222222222            24
   -0.40740740740741    0.40740740740741    0.22222222222222            24
   -0.37037037037037    0.40740740740741    0.22222222222222            48
   -0.33333333333333    0.40740740740741    0.22222222222222            48
   -0.44444444444445    0.44444444444445    0.22222222222222            24
   -0.40740740740741    0.44444444444445    0.22222222222222            48
   -0.37037037037037    0.44444444444445    0.22222222222222            48
   -0.33333333333333    0.44444444444445    0.22222222222222            24
   -0.48148148148148    0.48148148148148    0.22222222222223            24
   -0.44444444444445    0.48148148148148    0.22222222222223            48
   -0.40740740740741    0.48148148148148    0.22222222222223            48
   -0.37037037037037    0.48148148148148    0.22222222222223            48
   -0.48148148148149   -0.48148148148148    0.22222222222223            24
   -0.44444444444445   -0.48148148148148    0.22222222222223            48
   -0.40740740740741   -0.48148148148148    0.22222222222223            48
   -0.37037037037037   -0.48148148148148    0.22222222222223            24
   -0.44444444444444   -0.44444444444445    0.22222222222222            24
   -0.40740740740740   -0.44444444444445    0.22222222222222            48
   -0.40740740740740   -0.40740740740741    0.22222222222222             8
   -0.25925925925926    0.25925925925926    0.25925925925926             6
   -0.29629629629630    0.29629629629630    0.25925925925926            24
   -0.33333333333333    0.33333333333334    0.25925925925926            24
   -0.29629629629630    0.33333333333334    0.25925925925926            24
   -0.37037037037037    0.37037037037038    0.25925925925926            24
   -0.33333333333333    0.37037037037038    0.25925925925926            48
   -0.40740740740741    0.40740740740741    0.25925925925926            24
   -0.37037037037037    0.40740740740741    0.25925925925926            48
   -0.33333333333333    0.40740740740741    0.25925925925926            24
   -0.44444444444445    0.44444444444445    0.25925925925926            24
   -0.40740740740741    0.44444444444445    0.25925925925926            48
   -0.37037037037037    0.44444444444445    0.25925925925926            48
   -0.48148148148149    0.48148148148149    0.25925925925926            24
   -0.44444444444445    0.48148148148149    0.25925925925926            48
   -0.40740740740741    0.48148148148149    0.25925925925926            48
   -0.37037037037037    0.48148148148149    0.25925925925926            24
   -0.48148148148148   -0.48148148148149    0.25925925925926            24
   -0.44444444444444   -0.48148148148149    0.25925925925926            48
   -0.40740740740740   -0.48148148148149    0.25925925925926            48
   -0.44444444444444   -0.44444444444445    0.25925925925926            24
   -0.40740740740740   -0.44444444444445    0.25925925925926            24
   -0.29629629629630    0.29629629629630    0.29629629629630             6
   -0.33333333333333    0.33333333333334    0.29629629629630            24
   -0.37037037037037    0.37037037037038    0.29629629629630            24
   -0.33333333333333    0.37037037037038    0.29629629629630            24
   -0.40740740740741    0.40740740740741    0.29629629629630            24
   -0.37037037037037    0.40740740740741    0.29629629629630            48
   -0.44444444444445    0.44444444444445    0.29629629629630            24
   -0.40740740740741    0.44444444444445    0.29629629629630            48
   -0.37037037037037    0.44444444444445    0.29629629629630            24
   -0.48148148148148    0.48148148148148    0.29629629629629            24
   -0.44444444444444    0.48148148148148    0.29629629629629            48
   -0.40740740740740    0.48148148148148    0.29629629629629            48
   -0.48148148148148   -0.48148148148148    0.29629629629629            24
   -0.44444444444444   -0.48148148148148    0.29629629629629            48
   -0.40740740740740   -0.48148148148148    0.29629629629629            24
   -0.44444444444444   -0.44444444444445    0.29629629629630            24
   -0.33333333333333    0.33333333333334    0.33333333333334             6
   -0.37037037037037    0.37037037037038    0.33333333333334            24
   -0.40740740740741    0.40740740740741    0.33333333333334            24
   -0.37037037037037    0.40740740740741    0.33333333333334            24
   -0.44444444444444    0.44444444444444    0.33333333333333            24
   -0.40740740740740    0.44444444444444    0.33333333333333            48
   -0.48148148148148    0.48148148148148    0.33333333333333            24
   -0.44444444444444    0.48148148148148    0.33333333333333            48
   -0.40740740740740    0.48148148148148    0.33333333333333            24
   -0.48148148148148   -0.48148148148148    0.33333333333333            24
   -0.44444444444444   -0.48148148148148    0.33333333333333            48
   -0.44444444444444   -0.44444444444444    0.33333333333333             8
   -0.37037037037037    0.37037037037038    0.37037037037038             6
   -0.40740740740740    0.40740740740741    0.37037037037037            24
   -0.44444444444444    0.44444444444444    0.37037037037037            24
   -0.40740740740740    0.44444444444444    0.37037037037037            24
   -0.48148148148148    0.48148148148148    0.37037037037037            24
   -0.44444444444444    0.48148148148148    0.37037037037037            48
   -0.48148148148148   -0.48148148148148    0.37037037037037            24
   -0.44444444444444   -0.48148148148148    0.37037037037037            24
   -0.40740740740740    0.40740740740741    0.40740740740741             6
   -0.44444444444444    0.44444444444444    0.40740740740741            24
   -0.48148148148148    0.48148148148148    0.40740740740741            24
   -0.44444444444444    0.48148148148148    0.40740740740741            24
   -0.48148148148148   -0.48148148148148    0.40740740740741            24
   -0.44444444444444    0.44444444444444    0.44444444444444             6
   -0.48148148148148    0.48148148148148    0.44444444444444            24
   -0.48148148148148   -0.48148148148148    0.44444444444444             8
   -0.48148148148148    0.48148148148148    0.48148148148148             6
