Automatically generated mesh
      18
Reciprocal lattice
    0.08333333333334    0.08333333333334    0.08333333333334             8
    0.25000000000000    0.08333333333334    0.08333333333334            16
    0.41666666666667    0.08333333333334    0.08333333333334            16
    0.25000000000000    0.25000000000000    0.08333333333334             8
    0.41666666666667    0.25000000000000    0.08333333333334            16
    0.41666666666667    0.41666666666667    0.08333333333334             8
    0.08333333333334    0.08333333333334    0.25000000000000             8
    0.25000000000000    0.08333333333334    0.25000000000000            16
    0.41666666666667    0.08333333333334    0.25000000000000            16
    0.25000000000000    0.25000000000000    0.25000000000000             8
    0.41666666666667    0.25000000000000    0.25000000000000            16
    0.41666666666667    0.41666666666667    0.25000000000000             8
    0.08333333333334    0.08333333333334    0.41666666666667             8
    0.25000000000000    0.08333333333334    0.41666666666667            16
    0.41666666666667    0.08333333333334    0.41666666666667            16
    0.25000000000000    0.25000000000000    0.41666666666667             8
    0.41666666666667    0.25000000000000    0.41666666666667            16
    0.41666666666667    0.41666666666667    0.41666666666667             8
