Automatically generated mesh
     777
Reciprocal lattice
    0.00000000000000    0.00000000000000    0.00000000000000             1
    0.06250000000000    0.00000000000000    0.00000000000000             2
    0.12500000000000    0.00000000000000    0.00000000000000             2
    0.18750000000000    0.00000000000000    0.00000000000000             2
    0.25000000000000    0.00000000000000    0.00000000000000             2
    0.31250000000000    0.00000000000000    0.00000000000000             2
    0.37500000000000    0.00000000000000    0.00000000000000             2
    0.43750000000000    0.00000000000000    0.00000000000000             2
    0.50000000000000    0.00000000000000    0.00000000000000             1
    0.00000000000000    0.01030927835052    0.00000000000000             2
    0.06250000000000    0.01030927835052    0.00000000000000             2
    0.12500000000000    0.01030927835052    0.00000000000000             2
    0.18750000000000    0.01030927835052    0.00000000000000             2
    0.25000000000000    0.01030927835052    0.00000000000000             2
    0.31250000000000    0.01030927835052    0.00000000000000             2
    0.37500000000000    0.01030927835052    0.00000000000000             2
    0.43750000000000    0.01030927835052    0.00000000000000             2
    0.50000000000000    0.01030927835052    0.00000000000000             2
   -0.43750000000000    0.01030927835052    0.00000000000000             2
   -0.37500000000000    0.01030927835052    0.00000000000000             2
   -0.31250000000000    0.01030927835052    0.00000000000000             2
   -0.25000000000000    0.01030927835052    0.00000000000000             2
   -0.18750000000000    0.01030927835052    0.00000000000000             2
   -0.12500000000000    0.01030927835052    0.00000000000000             2
   -0.06250000000000    0.01030927835052    0.00000000000000             2
    0.00000000000000    0.02061855670103    0.00000000000000             2
    0.06250000000000    0.02061855670103    0.00000000000000             2
    0.12500000000000    0.02061855670103    0.00000000000000             2
    0.18750000000000    0.02061855670103    0.00000000000000             2
    0.25000000000000    0.02061855670103    0.00000000000000             2
    0.31250000000000    0.02061855670103    0.00000000000000             2
    0.37500000000000    0.02061855670103    0.00000000000000             2
    0.43750000000000    0.02061855670103    0.00000000000000             2
    0.50000000000000    0.02061855670103    0.00000000000000             2
   -0.43750000000000    0.02061855670103    0.00000000000000             2
   -0.37500000000000    0.02061855670103    0.00000000000000             2
   -0.31250000000000    0.02061855670103    0.00000000000000             2
   -0.25000000000000    0.02061855670103    0.00000000000000             2
   -0.18750000000000    0.02061855670103    0.00000000000000             2
   -0.12500000000000    0.02061855670103    0.00000000000000             2
   -0.06250000000000    0.02061855670103    0.00000000000000             2
    0.00000000000000    0.03092783505155    0.00000000000000             2
    0.06250000000000    0.03092783505155    0.00000000000000             2
    0.12500000000000    0.03092783505155    0.00000000000000             2
    0.18750000000000    0.03092783505155    0.00000000000000             2
    0.25000000000000    0.03092783505155    0.00000000000000             2
    0.31250000000000    0.03092783505155    0.00000000000000             2
    0.37500000000000    0.03092783505155    0.00000000000000             2
    0.43750000000000    0.03092783505155    0.00000000000000             2
    0.50000000000000    0.03092783505155    0.00000000000000             2
   -0.43750000000000    0.03092783505155    0.00000000000000             2
   -0.37500000000000    0.03092783505155    0.00000000000000             2
   -0.31250000000000    0.03092783505155    0.00000000000000             2
   -0.25000000000000    0.03092783505155    0.00000000000000             2
   -0.18750000000000    0.03092783505155    0.00000000000000             2
   -0.12500000000000    0.03092783505155    0.00000000000000             2
   -0.06250000000000    0.03092783505155    0.00000000000000             2
    0.00000000000000    0.04123711340206    0.00000000000000             2
    0.06250000000000    0.04123711340206    0.00000000000000             2
    0.12500000000000    0.04123711340206    0.00000000000000             2
    0.18750000000000    0.04123711340206    0.00000000000000             2
    0.25000000000000    0.04123711340206    0.00000000000000             2
    0.31250000000000    0.04123711340206    0.00000000000000             2
    0.37500000000000    0.04123711340206    0.00000000000000             2
    0.43750000000000    0.04123711340206    0.00000000000000             2
    0.50000000000000    0.04123711340206    0.00000000000000             2
   -0.43750000000000    0.04123711340206    0.00000000000000             2
   -0.37500000000000    0.04123711340206    0.00000000000000             2
   -0.31250000000000    0.04123711340206    0.00000000000000             2
   -0.25000000000000    0.04123711340206    0.00000000000000             2
   -0.18750000000000    0.04123711340206    0.00000000000000             2
   -0.12500000000000    0.04123711340206    0.00000000000000             2
   -0.06250000000000    0.04123711340206    0.00000000000000             2
    0.00000000000000    0.05154639175258    0.00000000000000             2
    0.06250000000000    0.05154639175258    0.00000000000000             2
    0.12500000000000    0.05154639175258    0.00000000000000             2
    0.18750000000000    0.05154639175258    0.00000000000000             2
    0.25000000000000    0.05154639175258    0.00000000000000             2
    0.31250000000000    0.05154639175258    0.00000000000000             2
    0.37500000000000    0.05154639175258    0.00000000000000             2
    0.43750000000000    0.05154639175258    0.00000000000000             2
    0.50000000000000    0.05154639175258    0.00000000000000             2
   -0.43750000000000    0.05154639175258    0.00000000000000             2
   -0.37500000000000    0.05154639175258    0.00000000000000             2
   -0.31250000000000    0.05154639175258    0.00000000000000             2
   -0.25000000000000    0.05154639175258    0.00000000000000             2
   -0.18750000000000    0.05154639175258    0.00000000000000             2
   -0.12500000000000    0.05154639175258    0.00000000000000             2
   -0.06250000000000    0.05154639175258    0.00000000000000             2
    0.00000000000000    0.06185567010309    0.00000000000000             2
    0.06250000000000    0.06185567010309    0.00000000000000             2
    0.12500000000000    0.06185567010309    0.00000000000000             2
    0.18750000000000    0.06185567010309    0.00000000000000             2
    0.25000000000000    0.06185567010309    0.00000000000000             2
    0.31250000000000    0.06185567010309    0.00000000000000             2
    0.37500000000000    0.06185567010309    0.00000000000000             2
    0.43750000000000    0.06185567010309    0.00000000000000             2
    0.50000000000000    0.06185567010309    0.00000000000000             2
   -0.43750000000000    0.06185567010309    0.00000000000000             2
   -0.37500000000000    0.06185567010309    0.00000000000000             2
   -0.31250000000000    0.06185567010309    0.00000000000000             2
   -0.25000000000000    0.06185567010309    0.00000000000000             2
   -0.18750000000000    0.06185567010309    0.00000000000000             2
   -0.12500000000000    0.06185567010309    0.00000000000000             2
   -0.06250000000000    0.06185567010309    0.00000000000000             2
    0.00000000000000    0.07216494845361    0.00000000000000             2
    0.06250000000000    0.07216494845361    0.00000000000000             2
    0.12500000000000    0.07216494845361    0.00000000000000             2
    0.18750000000000    0.07216494845361    0.00000000000000             2
    0.25000000000000    0.07216494845361    0.00000000000000             2
    0.31250000000000    0.07216494845361    0.00000000000000             2
    0.37500000000000    0.07216494845361    0.00000000000000             2
    0.43750000000000    0.07216494845361    0.00000000000000             2
    0.50000000000000    0.07216494845361    0.00000000000000             2
   -0.43750000000000    0.07216494845361    0.00000000000000             2
   -0.37500000000000    0.07216494845361    0.00000000000000             2
   -0.31250000000000    0.07216494845361    0.00000000000000             2
   -0.25000000000000    0.07216494845361    0.00000000000000             2
   -0.18750000000000    0.07216494845361    0.00000000000000             2
   -0.12500000000000    0.07216494845361    0.00000000000000             2
   -0.06250000000000    0.07216494845361    0.00000000000000             2
    0.00000000000000    0.08247422680412    0.00000000000000             2
    0.06250000000000    0.08247422680412    0.00000000000000             2
    0.12500000000000    0.08247422680412    0.00000000000000             2
    0.18750000000000    0.08247422680412    0.00000000000000             2
    0.25000000000000    0.08247422680412    0.00000000000000             2
    0.31250000000000    0.08247422680412    0.00000000000000             2
    0.37500000000000    0.08247422680412    0.00000000000000             2
    0.43750000000000    0.08247422680412    0.00000000000000             2
    0.50000000000000    0.08247422680412    0.00000000000000             2
   -0.43750000000000    0.08247422680412    0.00000000000000             2
   -0.37500000000000    0.08247422680412    0.00000000000000             2
   -0.31250000000000    0.08247422680412    0.00000000000000             2
   -0.25000000000000    0.08247422680412    0.00000000000000             2
   -0.18750000000000    0.08247422680412    0.00000000000000             2
   -0.12500000000000    0.08247422680412    0.00000000000000             2
   -0.06250000000000    0.08247422680412    0.00000000000000             2
    0.00000000000000    0.09278350515464    0.00000000000000             2
    0.06250000000000    0.09278350515464    0.00000000000000             2
    0.12500000000000    0.09278350515464    0.00000000000000             2
    0.18750000000000    0.09278350515464    0.00000000000000             2
    0.25000000000000    0.09278350515464    0.00000000000000             2
    0.31250000000000    0.09278350515464    0.00000000000000             2
    0.37500000000000    0.09278350515464    0.00000000000000             2
    0.43750000000000    0.09278350515464    0.00000000000000             2
    0.50000000000000    0.09278350515464    0.00000000000000             2
   -0.43750000000000    0.09278350515464    0.00000000000000             2
   -0.37500000000000    0.09278350515464    0.00000000000000             2
   -0.31250000000000    0.09278350515464    0.00000000000000             2
   -0.25000000000000    0.09278350515464    0.00000000000000             2
   -0.18750000000000    0.09278350515464    0.00000000000000             2
   -0.12500000000000    0.09278350515464    0.00000000000000             2
   -0.06250000000000    0.09278350515464    0.00000000000000             2
    0.00000000000000    0.10309278350516    0.00000000000000             2
    0.06250000000000    0.10309278350516    0.00000000000000             2
    0.12500000000000    0.10309278350516    0.00000000000000             2
    0.18750000000000    0.10309278350516    0.00000000000000             2
    0.25000000000000    0.10309278350516    0.00000000000000             2
    0.31250000000000    0.10309278350516    0.00000000000000             2
    0.37500000000000    0.10309278350516    0.00000000000000             2
    0.43750000000000    0.10309278350516    0.00000000000000             2
    0.50000000000000    0.10309278350516    0.00000000000000             2
   -0.43750000000000    0.10309278350516    0.00000000000000             2
   -0.37500000000000    0.10309278350516    0.00000000000000             2
   -0.31250000000000    0.10309278350516    0.00000000000000             2
   -0.25000000000000    0.10309278350516    0.00000000000000             2
   -0.18750000000000    0.10309278350516    0.00000000000000             2
   -0.12500000000000    0.10309278350516    0.00000000000000             2
   -0.06250000000000    0.10309278350516    0.00000000000000             2
    0.00000000000000    0.11340206185567    0.00000000000000             2
    0.06250000000000    0.11340206185567    0.00000000000000             2
    0.12500000000000    0.11340206185567    0.00000000000000             2
    0.18750000000000    0.11340206185567    0.00000000000000             2
    0.25000000000000    0.11340206185567    0.00000000000000             2
    0.31250000000000    0.11340206185567    0.00000000000000             2
    0.37500000000000    0.11340206185567    0.00000000000000             2
    0.43750000000000    0.11340206185567    0.00000000000000             2
    0.50000000000000    0.11340206185567    0.00000000000000             2
   -0.43750000000000    0.11340206185567    0.00000000000000             2
   -0.37500000000000    0.11340206185567    0.00000000000000             2
   -0.31250000000000    0.11340206185567    0.00000000000000             2
   -0.25000000000000    0.11340206185567    0.00000000000000             2
   -0.18750000000000    0.11340206185567    0.00000000000000             2
   -0.12500000000000    0.11340206185567    0.00000000000000             2
   -0.06250000000000    0.11340206185567    0.00000000000000             2
    0.00000000000000    0.12371134020619    0.00000000000000             2
    0.06250000000000    0.12371134020619    0.00000000000000             2
    0.12500000000000    0.12371134020619    0.00000000000000             2
    0.18750000000000    0.12371134020619    0.00000000000000             2
    0.25000000000000    0.12371134020619    0.00000000000000             2
    0.31250000000000    0.12371134020619    0.00000000000000             2
    0.37500000000000    0.12371134020619    0.00000000000000             2
    0.43750000000000    0.12371134020619    0.00000000000000             2
    0.50000000000000    0.12371134020619    0.00000000000000             2
   -0.43750000000000    0.12371134020619    0.00000000000000             2
   -0.37500000000000    0.12371134020619    0.00000000000000             2
   -0.31250000000000    0.12371134020619    0.00000000000000             2
   -0.25000000000000    0.12371134020619    0.00000000000000             2
   -0.18750000000000    0.12371134020619    0.00000000000000             2
   -0.12500000000000    0.12371134020619    0.00000000000000             2
   -0.06250000000000    0.12371134020619    0.00000000000000             2
    0.00000000000000    0.13402061855671    0.00000000000000             2
    0.06250000000000    0.13402061855671    0.00000000000000             2
    0.12500000000000    0.13402061855671    0.00000000000000             2
    0.18750000000000    0.13402061855671    0.00000000000000             2
    0.25000000000000    0.13402061855671    0.00000000000000             2
    0.31250000000000    0.13402061855671    0.00000000000000             2
    0.37500000000000    0.13402061855671    0.00000000000000             2
    0.43750000000000    0.13402061855671    0.00000000000000             2
    0.50000000000000    0.13402061855671    0.00000000000000             2
   -0.43750000000000    0.13402061855671    0.00000000000000             2
   -0.37500000000000    0.13402061855671    0.00000000000000             2
   -0.31250000000000    0.13402061855671    0.00000000000000             2
   -0.25000000000000    0.13402061855671    0.00000000000000             2
   -0.18750000000000    0.13402061855671    0.00000000000000             2
   -0.12500000000000    0.13402061855671    0.00000000000000             2
   -0.06250000000000    0.13402061855671    0.00000000000000             2
    0.00000000000000    0.14432989690722    0.00000000000000             2
    0.06250000000000    0.14432989690722    0.00000000000000             2
    0.12500000000000    0.14432989690722    0.00000000000000             2
    0.18750000000000    0.14432989690722    0.00000000000000             2
    0.25000000000000    0.14432989690722    0.00000000000000             2
    0.31250000000000    0.14432989690722    0.00000000000000             2
    0.37500000000000    0.14432989690722    0.00000000000000             2
    0.43750000000000    0.14432989690722    0.00000000000000             2
    0.50000000000000    0.14432989690722    0.00000000000000             2
   -0.43750000000000    0.14432989690722    0.00000000000000             2
   -0.37500000000000    0.14432989690722    0.00000000000000             2
   -0.31250000000000    0.14432989690722    0.00000000000000             2
   -0.25000000000000    0.14432989690722    0.00000000000000             2
   -0.18750000000000    0.14432989690722    0.00000000000000             2
   -0.12500000000000    0.14432989690722    0.00000000000000             2
   -0.06250000000000    0.14432989690722    0.00000000000000             2
    0.00000000000000    0.15463917525774    0.00000000000000             2
    0.06250000000000    0.15463917525774    0.00000000000000             2
    0.12500000000000    0.15463917525774    0.00000000000000             2
    0.18750000000000    0.15463917525774    0.00000000000000             2
    0.25000000000000    0.15463917525774    0.00000000000000             2
    0.31250000000000    0.15463917525774    0.00000000000000             2
    0.37500000000000    0.15463917525774    0.00000000000000             2
    0.43750000000000    0.15463917525774    0.00000000000000             2
    0.50000000000000    0.15463917525774    0.00000000000000             2
   -0.43750000000000    0.15463917525774    0.00000000000000             2
   -0.37500000000000    0.15463917525774    0.00000000000000             2
   -0.31250000000000    0.15463917525774    0.00000000000000             2
   -0.25000000000000    0.15463917525774    0.00000000000000             2
   -0.18750000000000    0.15463917525774    0.00000000000000             2
   -0.12500000000000    0.15463917525774    0.00000000000000             2
   -0.06250000000000    0.15463917525774    0.00000000000000             2
    0.00000000000000    0.16494845360825    0.00000000000000             2
    0.06250000000000    0.16494845360825    0.00000000000000             2
    0.12500000000000    0.16494845360825    0.00000000000000             2
    0.18750000000000    0.16494845360825    0.00000000000000             2
    0.25000000000000    0.16494845360825    0.00000000000000             2
    0.31250000000000    0.16494845360825    0.00000000000000             2
    0.37500000000000    0.16494845360825    0.00000000000000             2
    0.43750000000000    0.16494845360825    0.00000000000000             2
    0.50000000000000    0.16494845360825    0.00000000000000             2
   -0.43750000000000    0.16494845360825    0.00000000000000             2
   -0.37500000000000    0.16494845360825    0.00000000000000             2
   -0.31250000000000    0.16494845360825    0.00000000000000             2
   -0.25000000000000    0.16494845360825    0.00000000000000             2
   -0.18750000000000    0.16494845360825    0.00000000000000             2
   -0.12500000000000    0.16494845360825    0.00000000000000             2
   -0.06250000000000    0.16494845360825    0.00000000000000             2
    0.00000000000000    0.17525773195877    0.00000000000000             2
    0.06250000000000    0.17525773195877    0.00000000000000             2
    0.12500000000000    0.17525773195877    0.00000000000000             2
    0.18750000000000    0.17525773195877    0.00000000000000             2
    0.25000000000000    0.17525773195877    0.00000000000000             2
    0.31250000000000    0.17525773195877    0.00000000000000             2
    0.37500000000000    0.17525773195877    0.00000000000000             2
    0.43750000000000    0.17525773195877    0.00000000000000             2
    0.50000000000000    0.17525773195877    0.00000000000000             2
   -0.43750000000000    0.17525773195877    0.00000000000000             2
   -0.37500000000000    0.17525773195877    0.00000000000000             2
   -0.31250000000000    0.17525773195877    0.00000000000000             2
   -0.25000000000000    0.17525773195877    0.00000000000000             2
   -0.18750000000000    0.17525773195877    0.00000000000000             2
   -0.12500000000000    0.17525773195877    0.00000000000000             2
   -0.06250000000000    0.17525773195877    0.00000000000000             2
    0.00000000000000    0.18556701030928    0.00000000000000             2
    0.06250000000000    0.18556701030928    0.00000000000000             2
    0.12500000000000    0.18556701030928    0.00000000000000             2
    0.18750000000000    0.18556701030928    0.00000000000000             2
    0.25000000000000    0.18556701030928    0.00000000000000             2
    0.31250000000000    0.18556701030928    0.00000000000000             2
    0.37500000000000    0.18556701030928    0.00000000000000             2
    0.43750000000000    0.18556701030928    0.00000000000000             2
    0.50000000000000    0.18556701030928    0.00000000000000             2
   -0.43750000000000    0.18556701030928    0.00000000000000             2
   -0.37500000000000    0.18556701030928    0.00000000000000             2
   -0.31250000000000    0.18556701030928    0.00000000000000             2
   -0.25000000000000    0.18556701030928    0.00000000000000             2
   -0.18750000000000    0.18556701030928    0.00000000000000             2
   -0.12500000000000    0.18556701030928    0.00000000000000             2
   -0.06250000000000    0.18556701030928    0.00000000000000             2
    0.00000000000000    0.19587628865980    0.00000000000000             2
    0.06250000000000    0.19587628865980    0.00000000000000             2
    0.12500000000000    0.19587628865980    0.00000000000000             2
    0.18750000000000    0.19587628865980    0.00000000000000             2
    0.25000000000000    0.19587628865980    0.00000000000000             2
    0.31250000000000    0.19587628865980    0.00000000000000             2
    0.37500000000000    0.19587628865980    0.00000000000000             2
    0.43750000000000    0.19587628865980    0.00000000000000             2
    0.50000000000000    0.19587628865980    0.00000000000000             2
   -0.43750000000000    0.19587628865980    0.00000000000000             2
   -0.37500000000000    0.19587628865980    0.00000000000000             2
   -0.31250000000000    0.19587628865980    0.00000000000000             2
   -0.25000000000000    0.19587628865980    0.00000000000000             2
   -0.18750000000000    0.19587628865980    0.00000000000000             2
   -0.12500000000000    0.19587628865980    0.00000000000000             2
   -0.06250000000000    0.19587628865980    0.00000000000000             2
    0.00000000000000    0.20618556701031    0.00000000000000             2
    0.06250000000000    0.20618556701031    0.00000000000000             2
    0.12500000000000    0.20618556701031    0.00000000000000             2
    0.18750000000000    0.20618556701031    0.00000000000000             2
    0.25000000000000    0.20618556701031    0.00000000000000             2
    0.31250000000000    0.20618556701031    0.00000000000000             2
    0.37500000000000    0.20618556701031    0.00000000000000             2
    0.43750000000000    0.20618556701031    0.00000000000000             2
    0.50000000000000    0.20618556701031    0.00000000000000             2
   -0.43750000000000    0.20618556701031    0.00000000000000             2
   -0.37500000000000    0.20618556701031    0.00000000000000             2
   -0.31250000000000    0.20618556701031    0.00000000000000             2
   -0.25000000000000    0.20618556701031    0.00000000000000             2
   -0.18750000000000    0.20618556701031    0.00000000000000             2
   -0.12500000000000    0.20618556701031    0.00000000000000             2
   -0.06250000000000    0.20618556701031    0.00000000000000             2
    0.00000000000000    0.21649484536083    0.00000000000000             2
    0.06250000000000    0.21649484536083    0.00000000000000             2
    0.12500000000000    0.21649484536083    0.00000000000000             2
    0.18750000000000    0.21649484536083    0.00000000000000             2
    0.25000000000000    0.21649484536083    0.00000000000000             2
    0.31250000000000    0.21649484536083    0.00000000000000             2
    0.37500000000000    0.21649484536083    0.00000000000000             2
    0.43750000000000    0.21649484536083    0.00000000000000             2
    0.50000000000000    0.21649484536083    0.00000000000000             2
   -0.43750000000000    0.21649484536083    0.00000000000000             2
   -0.37500000000000    0.21649484536083    0.00000000000000             2
   -0.31250000000000    0.21649484536083    0.00000000000000             2
   -0.25000000000000    0.21649484536083    0.00000000000000             2
   -0.18750000000000    0.21649484536083    0.00000000000000             2
   -0.12500000000000    0.21649484536083    0.00000000000000             2
   -0.06250000000000    0.21649484536083    0.00000000000000             2
    0.00000000000000    0.22680412371134    0.00000000000000             2
    0.06250000000000    0.22680412371134    0.00000000000000             2
    0.12500000000000    0.22680412371134    0.00000000000000             2
    0.18750000000000    0.22680412371134    0.00000000000000             2
    0.25000000000000    0.22680412371134    0.00000000000000             2
    0.31250000000000    0.22680412371134    0.00000000000000             2
    0.37500000000000    0.22680412371134    0.00000000000000             2
    0.43750000000000    0.22680412371134    0.00000000000000             2
    0.50000000000000    0.22680412371134    0.00000000000000             2
   -0.43750000000000    0.22680412371134    0.00000000000000             2
   -0.37500000000000    0.22680412371134    0.00000000000000             2
   -0.31250000000000    0.22680412371134    0.00000000000000             2
   -0.25000000000000    0.22680412371134    0.00000000000000             2
   -0.18750000000000    0.22680412371134    0.00000000000000             2
   -0.12500000000000    0.22680412371134    0.00000000000000             2
   -0.06250000000000    0.22680412371134    0.00000000000000             2
    0.00000000000000    0.23711340206186    0.00000000000000             2
    0.06250000000000    0.23711340206186    0.00000000000000             2
    0.12500000000000    0.23711340206186    0.00000000000000             2
    0.18750000000000    0.23711340206186    0.00000000000000             2
    0.25000000000000    0.23711340206186    0.00000000000000             2
    0.31250000000000    0.23711340206186    0.00000000000000             2
    0.37500000000000    0.23711340206186    0.00000000000000             2
    0.43750000000000    0.23711340206186    0.00000000000000             2
    0.50000000000000    0.23711340206186    0.00000000000000             2
   -0.43750000000000    0.23711340206186    0.00000000000000             2
   -0.37500000000000    0.23711340206186    0.00000000000000             2
   -0.31250000000000    0.23711340206186    0.00000000000000             2
   -0.25000000000000    0.23711340206186    0.00000000000000             2
   -0.18750000000000    0.23711340206186    0.00000000000000             2
   -0.12500000000000    0.23711340206186    0.00000000000000             2
   -0.06250000000000    0.23711340206186    0.00000000000000             2
    0.00000000000000    0.24742268041237    0.00000000000000             2
    0.06250000000000    0.24742268041237    0.00000000000000             2
    0.12500000000000    0.24742268041237    0.00000000000000             2
    0.18750000000000    0.24742268041237    0.00000000000000             2
    0.25000000000000    0.24742268041237    0.00000000000000             2
    0.31250000000000    0.24742268041237    0.00000000000000             2
    0.37500000000000    0.24742268041237    0.00000000000000             2
    0.43750000000000    0.24742268041237    0.00000000000000             2
    0.50000000000000    0.24742268041237    0.00000000000000             2
   -0.43750000000000    0.24742268041237    0.00000000000000             2
   -0.37500000000000    0.24742268041237    0.00000000000000             2
   -0.31250000000000    0.24742268041237    0.00000000000000             2
   -0.25000000000000    0.24742268041237    0.00000000000000             2
   -0.18750000000000    0.24742268041237    0.00000000000000             2
   -0.12500000000000    0.24742268041237    0.00000000000000             2
   -0.06250000000000    0.24742268041237    0.00000000000000             2
    0.00000000000000    0.25773195876289    0.00000000000000             2
    0.06250000000000    0.25773195876289    0.00000000000000             2
    0.12500000000000    0.25773195876289    0.00000000000000             2
    0.18750000000000    0.25773195876289    0.00000000000000             2
    0.25000000000000    0.25773195876289    0.00000000000000             2
    0.31250000000000    0.25773195876289    0.00000000000000             2
    0.37500000000000    0.25773195876289    0.00000000000000             2
    0.43750000000000    0.25773195876289    0.00000000000000             2
    0.50000000000000    0.25773195876289    0.00000000000000             2
   -0.43750000000000    0.25773195876289    0.00000000000000             2
   -0.37500000000000    0.25773195876289    0.00000000000000             2
   -0.31250000000000    0.25773195876289    0.00000000000000             2
   -0.25000000000000    0.25773195876289    0.00000000000000             2
   -0.18750000000000    0.25773195876289    0.00000000000000             2
   -0.12500000000000    0.25773195876289    0.00000000000000             2
   -0.06250000000000    0.25773195876289    0.00000000000000             2
    0.00000000000000    0.26804123711340    0.00000000000000             2
    0.06250000000000    0.26804123711340    0.00000000000000             2
    0.12500000000000    0.26804123711340    0.00000000000000             2
    0.18750000000000    0.26804123711340    0.00000000000000             2
    0.25000000000000    0.26804123711340    0.00000000000000             2
    0.31250000000000    0.26804123711340    0.00000000000000             2
    0.37500000000000    0.26804123711340    0.00000000000000             2
    0.43750000000000    0.26804123711340    0.00000000000000             2
    0.50000000000000    0.26804123711340    0.00000000000000             2
   -0.43750000000000    0.26804123711340    0.00000000000000             2
   -0.37500000000000    0.26804123711340    0.00000000000000             2
   -0.31250000000000    0.26804123711340    0.00000000000000             2
   -0.25000000000000    0.26804123711340    0.00000000000000             2
   -0.18750000000000    0.26804123711340    0.00000000000000             2
   -0.12500000000000    0.26804123711340    0.00000000000000             2
   -0.06250000000000    0.26804123711340    0.00000000000000             2
    0.00000000000000    0.27835051546392    0.00000000000000             2
    0.06250000000000    0.27835051546392    0.00000000000000             2
    0.12500000000000    0.27835051546392    0.00000000000000             2
    0.18750000000000    0.27835051546392    0.00000000000000             2
    0.25000000000000    0.27835051546392    0.00000000000000             2
    0.31250000000000    0.27835051546392    0.00000000000000             2
    0.37500000000000    0.27835051546392    0.00000000000000             2
    0.43750000000000    0.27835051546392    0.00000000000000             2
    0.50000000000000    0.27835051546392    0.00000000000000             2
   -0.43750000000000    0.27835051546392    0.00000000000000             2
   -0.37500000000000    0.27835051546392    0.00000000000000             2
   -0.31250000000000    0.27835051546392    0.00000000000000             2
   -0.25000000000000    0.27835051546392    0.00000000000000             2
   -0.18750000000000    0.27835051546392    0.00000000000000             2
   -0.12500000000000    0.27835051546392    0.00000000000000             2
   -0.06250000000000    0.27835051546392    0.00000000000000             2
    0.00000000000000    0.28865979381443    0.00000000000000             2
    0.06250000000000    0.28865979381443    0.00000000000000             2
    0.12500000000000    0.28865979381443    0.00000000000000             2
    0.18750000000000    0.28865979381443    0.00000000000000             2
    0.25000000000000    0.28865979381443    0.00000000000000             2
    0.31250000000000    0.28865979381443    0.00000000000000             2
    0.37500000000000    0.28865979381443    0.00000000000000             2
    0.43750000000000    0.28865979381443    0.00000000000000             2
    0.50000000000000    0.28865979381443    0.00000000000000             2
   -0.43750000000000    0.28865979381443    0.00000000000000             2
   -0.37500000000000    0.28865979381443    0.00000000000000             2
   -0.31250000000000    0.28865979381443    0.00000000000000             2
   -0.25000000000000    0.28865979381443    0.00000000000000             2
   -0.18750000000000    0.28865979381443    0.00000000000000             2
   -0.12500000000000    0.28865979381443    0.00000000000000             2
   -0.06250000000000    0.28865979381443    0.00000000000000             2
    0.00000000000000    0.29896907216495    0.00000000000000             2
    0.06250000000000    0.29896907216495    0.00000000000000             2
    0.12500000000000    0.29896907216495    0.00000000000000             2
    0.18750000000000    0.29896907216495    0.00000000000000             2
    0.25000000000000    0.29896907216495    0.00000000000000             2
    0.31250000000000    0.29896907216495    0.00000000000000             2
    0.37500000000000    0.29896907216495    0.00000000000000             2
    0.43750000000000    0.29896907216495    0.00000000000000             2
    0.50000000000000    0.29896907216495    0.00000000000000             2
   -0.43750000000000    0.29896907216495    0.00000000000000             2
   -0.37500000000000    0.29896907216495    0.00000000000000             2
   -0.31250000000000    0.29896907216495    0.00000000000000             2
   -0.25000000000000    0.29896907216495    0.00000000000000             2
   -0.18750000000000    0.29896907216495    0.00000000000000             2
   -0.12500000000000    0.29896907216495    0.00000000000000             2
   -0.06250000000000    0.29896907216495    0.00000000000000             2
    0.00000000000000    0.30927835051546    0.00000000000000             2
    0.06250000000000    0.30927835051546    0.00000000000000             2
    0.12500000000000    0.30927835051546    0.00000000000000             2
    0.18750000000000    0.30927835051546    0.00000000000000             2
    0.25000000000000    0.30927835051546    0.00000000000000             2
    0.31250000000000    0.30927835051546    0.00000000000000             2
    0.37500000000000    0.30927835051546    0.00000000000000             2
    0.43750000000000    0.30927835051546    0.00000000000000             2
    0.50000000000000    0.30927835051546    0.00000000000000             2
   -0.43750000000000    0.30927835051546    0.00000000000000             2
   -0.37500000000000    0.30927835051546    0.00000000000000             2
   -0.31250000000000    0.30927835051546    0.00000000000000             2
   -0.25000000000000    0.30927835051546    0.00000000000000             2
   -0.18750000000000    0.30927835051546    0.00000000000000             2
   -0.12500000000000    0.30927835051546    0.00000000000000             2
   -0.06250000000000    0.30927835051546    0.00000000000000             2
    0.00000000000000    0.31958762886598    0.00000000000000             2
    0.06250000000000    0.31958762886598    0.00000000000000             2
    0.12500000000000    0.31958762886598    0.00000000000000             2
    0.18750000000000    0.31958762886598    0.00000000000000             2
    0.25000000000000    0.31958762886598    0.00000000000000             2
    0.31250000000000    0.31958762886598    0.00000000000000             2
    0.37500000000000    0.31958762886598    0.00000000000000             2
    0.43750000000000    0.31958762886598    0.00000000000000             2
    0.50000000000000    0.31958762886598    0.00000000000000             2
   -0.43750000000000    0.31958762886598    0.00000000000000             2
   -0.37500000000000    0.31958762886598    0.00000000000000             2
   -0.31250000000000    0.31958762886598    0.00000000000000             2
   -0.25000000000000    0.31958762886598    0.00000000000000             2
   -0.18750000000000    0.31958762886598    0.00000000000000             2
   -0.12500000000000    0.31958762886598    0.00000000000000             2
   -0.06250000000000    0.31958762886598    0.00000000000000             2
    0.00000000000000    0.32989690721649    0.00000000000000             2
    0.06250000000000    0.32989690721649    0.00000000000000             2
    0.12500000000000    0.32989690721649    0.00000000000000             2
    0.18750000000000    0.32989690721650    0.00000000000000             2
    0.25000000000000    0.32989690721650    0.00000000000000             2
    0.31250000000000    0.32989690721649    0.00000000000000             2
    0.37500000000000    0.32989690721649    0.00000000000000             2
    0.43750000000000    0.32989690721650    0.00000000000000             2
    0.50000000000000    0.32989690721650    0.00000000000000             2
   -0.43750000000000    0.32989690721649    0.00000000000000             2
   -0.37500000000000    0.32989690721650    0.00000000000000             2
   -0.31250000000000    0.32989690721649    0.00000000000000             2
   -0.25000000000000    0.32989690721650    0.00000000000000             2
   -0.18750000000000    0.32989690721650    0.00000000000000             2
   -0.12500000000000    0.32989690721650    0.00000000000000             2
   -0.06250000000000    0.32989690721649    0.00000000000000             2
    0.00000000000000    0.34020618556701    0.00000000000000             2
    0.06250000000000    0.34020618556701    0.00000000000000             2
    0.12500000000000    0.34020618556701    0.00000000000000             2
    0.18750000000000    0.34020618556701    0.00000000000000             2
    0.25000000000000    0.34020618556701    0.00000000000000             2
    0.31250000000000    0.34020618556701    0.00000000000000             2
    0.37500000000000    0.34020618556701    0.00000000000000             2
    0.43750000000000    0.34020618556701    0.00000000000000             2
    0.50000000000000    0.34020618556701    0.00000000000000             2
   -0.43750000000000    0.34020618556701    0.00000000000000             2
   -0.37500000000000    0.34020618556701    0.00000000000000             2
   -0.31250000000000    0.34020618556701    0.00000000000000             2
   -0.25000000000000    0.34020618556701    0.00000000000000             2
   -0.18750000000000    0.34020618556701    0.00000000000000             2
   -0.12500000000000    0.34020618556701    0.00000000000000             2
   -0.06250000000000    0.34020618556701    0.00000000000000             2
    0.00000000000000    0.35051546391753    0.00000000000000             2
    0.06250000000000    0.35051546391753    0.00000000000000             2
    0.12500000000000    0.35051546391753    0.00000000000000             2
    0.18750000000000    0.35051546391753    0.00000000000000             2
    0.25000000000000    0.35051546391753    0.00000000000000             2
    0.31250000000000    0.35051546391753    0.00000000000000             2
    0.37500000000000    0.35051546391753    0.00000000000000             2
    0.43750000000000    0.35051546391753    0.00000000000000             2
    0.50000000000000    0.35051546391753    0.00000000000000             2
   -0.43750000000000    0.35051546391753    0.00000000000000             2
   -0.37500000000000    0.35051546391753    0.00000000000000             2
   -0.31250000000000    0.35051546391753    0.00000000000000             2
   -0.25000000000000    0.35051546391753    0.00000000000000             2
   -0.18750000000000    0.35051546391753    0.00000000000000             2
   -0.12500000000000    0.35051546391753    0.00000000000000             2
   -0.06250000000000    0.35051546391753    0.00000000000000             2
    0.00000000000000    0.36082474226804    0.00000000000000             2
    0.06250000000000    0.36082474226804    0.00000000000000             2
    0.12500000000000    0.36082474226804    0.00000000000000             2
    0.18750000000000    0.36082474226804    0.00000000000000             2
    0.25000000000000    0.36082474226804    0.00000000000000             2
    0.31250000000000    0.36082474226804    0.00000000000000             2
    0.37500000000000    0.36082474226804    0.00000000000000             2
    0.43750000000000    0.36082474226804    0.00000000000000             2
    0.50000000000000    0.36082474226804    0.00000000000000             2
   -0.43750000000000    0.36082474226804    0.00000000000000             2
   -0.37500000000000    0.36082474226804    0.00000000000000             2
   -0.31250000000000    0.36082474226804    0.00000000000000             2
   -0.25000000000000    0.36082474226804    0.00000000000000             2
   -0.18750000000000    0.36082474226804    0.00000000000000             2
   -0.12500000000000    0.36082474226804    0.00000000000000             2
   -0.06250000000000    0.36082474226804    0.00000000000000             2
    0.00000000000000    0.37113402061856    0.00000000000000             2
    0.06250000000000    0.37113402061856    0.00000000000000             2
    0.12500000000000    0.37113402061856    0.00000000000000             2
    0.18750000000000    0.37113402061856    0.00000000000000             2
    0.25000000000000    0.37113402061856    0.00000000000000             2
    0.31250000000000    0.37113402061856    0.00000000000000             2
    0.37500000000000    0.37113402061856    0.00000000000000             2
    0.43750000000000    0.37113402061856    0.00000000000000             2
    0.50000000000000    0.37113402061856    0.00000000000000             2
   -0.43750000000000    0.37113402061856    0.00000000000000             2
   -0.37500000000000    0.37113402061856    0.00000000000000             2
   -0.31250000000000    0.37113402061856    0.00000000000000             2
   -0.25000000000000    0.37113402061856    0.00000000000000             2
   -0.18750000000000    0.37113402061856    0.00000000000000             2
   -0.12500000000000    0.37113402061856    0.00000000000000             2
   -0.06250000000000    0.37113402061856    0.00000000000000             2
    0.00000000000000    0.38144329896908    0.00000000000000             2
    0.06250000000000    0.38144329896908    0.00000000000000             2
    0.12500000000000    0.38144329896908    0.00000000000000             2
    0.18750000000000    0.38144329896908    0.00000000000000             2
    0.25000000000000    0.38144329896908    0.00000000000000             2
    0.31250000000000    0.38144329896908    0.00000000000000             2
    0.37500000000000    0.38144329896908    0.00000000000000             2
    0.43750000000000    0.38144329896908    0.00000000000000             2
    0.50000000000000    0.38144329896908    0.00000000000000             2
   -0.43750000000000    0.38144329896908    0.00000000000000             2
   -0.37500000000000    0.38144329896908    0.00000000000000             2
   -0.31250000000000    0.38144329896908    0.00000000000000             2
   -0.25000000000000    0.38144329896908    0.00000000000000             2
   -0.18750000000000    0.38144329896908    0.00000000000000             2
   -0.12500000000000    0.38144329896908    0.00000000000000             2
   -0.06250000000000    0.38144329896908    0.00000000000000             2
    0.00000000000000    0.39175257731959    0.00000000000000             2
    0.06250000000000    0.39175257731959    0.00000000000000             2
    0.12500000000000    0.39175257731959    0.00000000000000             2
    0.18750000000000    0.39175257731959    0.00000000000000             2
    0.25000000000000    0.39175257731959    0.00000000000000             2
    0.31250000000000    0.39175257731959    0.00000000000000             2
    0.37500000000000    0.39175257731959    0.00000000000000             2
    0.43750000000000    0.39175257731959    0.00000000000000             2
    0.50000000000000    0.39175257731959    0.00000000000000             2
   -0.43750000000000    0.39175257731959    0.00000000000000             2
   -0.37500000000000    0.39175257731959    0.00000000000000             2
   -0.31250000000000    0.39175257731959    0.00000000000000             2
   -0.25000000000000    0.39175257731959    0.00000000000000             2
   -0.18750000000000    0.39175257731959    0.00000000000000             2
   -0.12500000000000    0.39175257731959    0.00000000000000             2
   -0.06250000000000    0.39175257731959    0.00000000000000             2
    0.00000000000000    0.40206185567011    0.00000000000000             2
    0.06250000000000    0.40206185567011    0.00000000000000             2
    0.12500000000000    0.40206185567011    0.00000000000000             2
    0.18750000000000    0.40206185567011    0.00000000000000             2
    0.25000000000000    0.40206185567011    0.00000000000000             2
    0.31250000000000    0.40206185567011    0.00000000000000             2
    0.37500000000000    0.40206185567011    0.00000000000000             2
    0.43750000000000    0.40206185567011    0.00000000000000             2
    0.50000000000000    0.40206185567011    0.00000000000000             2
   -0.43750000000000    0.40206185567011    0.00000000000000             2
   -0.37500000000000    0.40206185567011    0.00000000000000             2
   -0.31250000000000    0.40206185567011    0.00000000000000             2
   -0.25000000000000    0.40206185567011    0.00000000000000             2
   -0.18750000000000    0.40206185567011    0.00000000000000             2
   -0.12500000000000    0.40206185567011    0.00000000000000             2
   -0.06250000000000    0.40206185567011    0.00000000000000             2
    0.00000000000000    0.41237113402062    0.00000000000000             2
    0.06250000000000    0.41237113402062    0.00000000000000             2
    0.12500000000000    0.41237113402062    0.00000000000000             2
    0.18750000000000    0.41237113402062    0.00000000000000             2
    0.25000000000000    0.41237113402062    0.00000000000000             2
    0.31250000000000    0.41237113402062    0.00000000000000             2
    0.37500000000000    0.41237113402062    0.00000000000000             2
    0.43750000000000    0.41237113402062    0.00000000000000             2
    0.50000000000000    0.41237113402062    0.00000000000000             2
   -0.43750000000000    0.41237113402062    0.00000000000000             2
   -0.37500000000000    0.41237113402062    0.00000000000000             2
   -0.31250000000000    0.41237113402062    0.00000000000000             2
   -0.25000000000000    0.41237113402062    0.00000000000000             2
   -0.18750000000000    0.41237113402062    0.00000000000000             2
   -0.12500000000000    0.41237113402062    0.00000000000000             2
   -0.06250000000000    0.41237113402062    0.00000000000000             2
    0.00000000000000    0.42268041237114    0.00000000000000             2
    0.06250000000000    0.42268041237114    0.00000000000000             2
    0.12500000000000    0.42268041237114    0.00000000000000             2
    0.18750000000000    0.42268041237114    0.00000000000000             2
    0.25000000000000    0.42268041237114    0.00000000000000             2
    0.31250000000000    0.42268041237114    0.00000000000000             2
    0.37500000000000    0.42268041237114    0.00000000000000             2
    0.43750000000000    0.42268041237114    0.00000000000000             2
    0.50000000000000    0.42268041237114    0.00000000000000             2
   -0.43750000000000    0.42268041237114    0.00000000000000             2
   -0.37500000000000    0.42268041237114    0.00000000000000             2
   -0.31250000000000    0.42268041237114    0.00000000000000             2
   -0.25000000000000    0.42268041237114    0.00000000000000             2
   -0.18750000000000    0.42268041237114    0.00000000000000             2
   -0.12500000000000    0.42268041237114    0.00000000000000             2
   -0.06250000000000    0.42268041237114    0.00000000000000             2
    0.00000000000000    0.43298969072165    0.00000000000000             2
    0.06250000000000    0.43298969072165    0.00000000000000             2
    0.12500000000000    0.43298969072165    0.00000000000000             2
    0.18750000000000    0.43298969072165    0.00000000000000             2
    0.25000000000000    0.43298969072165    0.00000000000000             2
    0.31250000000000    0.43298969072165    0.00000000000000             2
    0.37500000000000    0.43298969072165    0.00000000000000             2
    0.43750000000000    0.43298969072165    0.00000000000000             2
    0.50000000000000    0.43298969072165    0.00000000000000             2
   -0.43750000000000    0.43298969072165    0.00000000000000             2
   -0.37500000000000    0.43298969072165    0.00000000000000             2
   -0.31250000000000    0.43298969072165    0.00000000000000             2
   -0.25000000000000    0.43298969072165    0.00000000000000             2
   -0.18750000000000    0.43298969072165    0.00000000000000             2
   -0.12500000000000    0.43298969072165    0.00000000000000             2
   -0.06250000000000    0.43298969072165    0.00000000000000             2
    0.00000000000000    0.44329896907217    0.00000000000000             2
    0.06250000000000    0.44329896907217    0.00000000000000             2
    0.12500000000000    0.44329896907217    0.00000000000000             2
    0.18750000000000    0.44329896907217    0.00000000000000             2
    0.25000000000000    0.44329896907217    0.00000000000000             2
    0.31250000000000    0.44329896907217    0.00000000000000             2
    0.37500000000000    0.44329896907217    0.00000000000000             2
    0.43750000000000    0.44329896907217    0.00000000000000             2
    0.50000000000000    0.44329896907217    0.00000000000000             2
   -0.43750000000000    0.44329896907217    0.00000000000000             2
   -0.37500000000000    0.44329896907217    0.00000000000000             2
   -0.31250000000000    0.44329896907217    0.00000000000000             2
   -0.25000000000000    0.44329896907217    0.00000000000000             2
   -0.18750000000000    0.44329896907217    0.00000000000000             2
   -0.12500000000000    0.44329896907217    0.00000000000000             2
   -0.06250000000000    0.44329896907217    0.00000000000000             2
    0.00000000000000    0.45360824742268    0.00000000000000             2
    0.06250000000000    0.45360824742268    0.00000000000000             2
    0.12500000000000    0.45360824742268    0.00000000000000             2
    0.18750000000000    0.45360824742268    0.00000000000000             2
    0.25000000000000    0.45360824742268    0.00000000000000             2
    0.31250000000000    0.45360824742268    0.00000000000000             2
    0.37500000000000    0.45360824742268    0.00000000000000             2
    0.43750000000000    0.45360824742268    0.00000000000000             2
    0.50000000000000    0.45360824742268    0.00000000000000             2
   -0.43750000000000    0.45360824742268    0.00000000000000             2
   -0.37500000000000    0.45360824742268    0.00000000000000             2
   -0.31250000000000    0.45360824742268    0.00000000000000             2
   -0.25000000000000    0.45360824742268    0.00000000000000             2
   -0.18750000000000    0.45360824742268    0.00000000000000             2
   -0.12500000000000    0.45360824742268    0.00000000000000             2
   -0.06250000000000    0.45360824742268    0.00000000000000             2
    0.00000000000000    0.46391752577320    0.00000000000000             2
    0.06250000000000    0.46391752577320    0.00000000000000             2
    0.12500000000000    0.46391752577320    0.00000000000000             2
    0.18750000000000    0.46391752577320    0.00000000000000             2
    0.25000000000000    0.46391752577320    0.00000000000000             2
    0.31250000000000    0.46391752577320    0.00000000000000             2
    0.37500000000000    0.46391752577320    0.00000000000000             2
    0.43750000000000    0.46391752577320    0.00000000000000             2
    0.50000000000000    0.46391752577320    0.00000000000000             2
   -0.43750000000000    0.46391752577320    0.00000000000000             2
   -0.37500000000000    0.46391752577320    0.00000000000000             2
   -0.31250000000000    0.46391752577320    0.00000000000000             2
   -0.25000000000000    0.46391752577320    0.00000000000000             2
   -0.18750000000000    0.46391752577320    0.00000000000000             2
   -0.12500000000000    0.46391752577320    0.00000000000000             2
   -0.06250000000000    0.46391752577320    0.00000000000000             2
    0.00000000000000    0.47422680412371    0.00000000000000             2
    0.06250000000000    0.47422680412371    0.00000000000000             2
    0.12500000000000    0.47422680412371    0.00000000000000             2
    0.18750000000000    0.47422680412371    0.00000000000000             2
    0.25000000000000    0.47422680412371    0.00000000000000             2
    0.31250000000000    0.47422680412371    0.00000000000000             2
    0.37500000000000    0.47422680412371    0.00000000000000             2
    0.43750000000000    0.47422680412371    0.00000000000000             2
    0.50000000000000    0.47422680412371    0.00000000000000             2
   -0.43750000000000    0.47422680412371    0.00000000000000             2
   -0.37500000000000    0.47422680412371    0.00000000000000             2
   -0.31250000000000    0.47422680412371    0.00000000000000             2
   -0.25000000000000    0.47422680412371    0.00000000000000             2
   -0.18750000000000    0.47422680412371    0.00000000000000             2
   -0.12500000000000    0.47422680412371    0.00000000000000             2
   -0.06250000000000    0.47422680412371    0.00000000000000             2
    0.00000000000000    0.48453608247423    0.00000000000000             2
    0.06250000000000    0.48453608247423    0.00000000000000             2
    0.12500000000000    0.48453608247423    0.00000000000000             2
    0.18750000000000    0.48453608247423    0.00000000000000             2
    0.25000000000000    0.48453608247423    0.00000000000000             2
    0.31250000000000    0.48453608247423    0.00000000000000             2
    0.37500000000000    0.48453608247423    0.00000000000000             2
    0.43750000000000    0.48453608247423    0.00000000000000             2
    0.50000000000000    0.48453608247423    0.00000000000000             2
   -0.43750000000000    0.48453608247423    0.00000000000000             2
   -0.37500000000000    0.48453608247423    0.00000000000000             2
   -0.31250000000000    0.48453608247423    0.00000000000000             2
   -0.25000000000000    0.48453608247423    0.00000000000000             2
   -0.18750000000000    0.48453608247423    0.00000000000000             2
   -0.12500000000000    0.48453608247423    0.00000000000000             2
   -0.06250000000000    0.48453608247423    0.00000000000000             2
    0.00000000000000    0.49484536082474    0.00000000000000             2
    0.06250000000000    0.49484536082474    0.00000000000000             2
    0.12500000000000    0.49484536082474    0.00000000000000             2
    0.18750000000000    0.49484536082474    0.00000000000000             2
    0.25000000000000    0.49484536082474    0.00000000000000             2
    0.31250000000000    0.49484536082474    0.00000000000000             2
    0.37500000000000    0.49484536082474    0.00000000000000             2
    0.43750000000000    0.49484536082474    0.00000000000000             2
    0.50000000000000    0.49484536082474    0.00000000000000             2
   -0.43750000000000    0.49484536082474    0.00000000000000             2
   -0.37500000000000    0.49484536082474    0.00000000000000             2
   -0.31250000000000    0.49484536082474    0.00000000000000             2
   -0.25000000000000    0.49484536082474    0.00000000000000             2
   -0.18750000000000    0.49484536082474    0.00000000000000             2
   -0.12500000000000    0.49484536082474    0.00000000000000             2
   -0.06250000000000    0.49484536082474    0.00000000000000             2
