Automatically generated mesh
    1050
Reciprocal lattice
    0.00000000000000    0.00000000000000    0.00000000000000             1
    0.03703703703704    0.00000000000000    0.00000000000000             6
    0.07407407407408    0.00000000000000    0.00000000000000             6
    0.11111111111112    0.00000000000000    0.00000000000000             6
    0.14814814814815    0.00000000000000    0.00000000000000             6
    0.18518518518518    0.00000000000000    0.00000000000000             6
    0.22222222222222    0.00000000000000    0.00000000000000             6
    0.25925925925926    0.00000000000000    0.00000000000000             6
    0.29629629629630    0.00000000000000    0.00000000000000             6
    0.33333333333334    0.00000000000000    0.00000000000000             6
    0.37037037037038    0.00000000000000    0.00000000000000             6
    0.40740740740741    0.00000000000000    0.00000000000000             6
    0.44444444444444    0.00000000000000    0.00000000000000             6
    0.48148148148148    0.00000000000000    0.00000000000000             6
    0.03703703703704    0.03703703703704    0.00000000000000             6
    0.07407407407408    0.03703703703704    0.00000000000000            12
    0.11111111111112    0.03703703703704    0.00000000000000            12
    0.14814814814815    0.03703703703704    0.00000000000000            12
    0.18518518518518    0.03703703703704    0.00000000000000            12
    0.22222222222222    0.03703703703704    0.00000000000000            12
    0.25925925925926    0.03703703703704    0.00000000000000            12
    0.29629629629630    0.03703703703704    0.00000000000000            12
    0.33333333333334    0.03703703703704    0.00000000000000            12
    0.37037037037038    0.03703703703704    0.00000000000000            12
    0.40740740740741    0.03703703703704    0.00000000000000            12
    0.44444444444444    0.03703703703704    0.00000000000000            12
    0.48148148148148    0.03703703703704    0.00000000000000             6
    0.07407407407408    0.07407407407408    0.00000000000000             6
    0.11111111111112    0.07407407407408    0.00000000000000            12
    0.14814814814815    0.07407407407408    0.00000000000000            12
    0.18518518518518    0.07407407407408    0.00000000000000            12
    0.22222222222222    0.07407407407408    0.00000000000000            12
    0.25925925925926    0.07407407407408    0.00000000000000            12
    0.29629629629630    0.07407407407408    0.00000000000000            12
    0.33333333333334    0.07407407407408    0.00000000000000            12
    0.37037037037038    0.07407407407408    0.00000000000000            12
    0.40740740740741    0.07407407407408    0.00000000000000            12
    0.44444444444444    0.07407407407408    0.00000000000000            12
    0.11111111111112    0.11111111111112    0.00000000000000             6
    0.14814814814815    0.11111111111112    0.00000000000000            12
    0.18518518518518    0.11111111111112    0.00000000000000            12
    0.22222222222222    0.11111111111112    0.00000000000000            12
    0.25925925925926    0.11111111111112    0.00000000000000            12
    0.29629629629630    0.11111111111112    0.00000000000000            12
    0.33333333333334    0.11111111111112    0.00000000000000            12
    0.37037037037038    0.11111111111112    0.00000000000000            12
    0.40740740740741    0.11111111111112    0.00000000000000            12
    0.44444444444444    0.11111111111112    0.00000000000000             6
    0.14814814814815    0.14814814814815    0.00000000000000             6
    0.18518518518518    0.14814814814815    0.00000000000000            12
    0.22222222222222    0.14814814814815    0.00000000000000            12
    0.25925925925926    0.14814814814815    0.00000000000000            12
    0.29629629629630    0.14814814814815    0.00000000000000            12
    0.33333333333334    0.14814814814815    0.00000000000000            12
    0.37037037037038    0.14814814814815    0.00000000000000            12
    0.40740740740741    0.14814814814815    0.00000000000000            12
    0.18518518518518    0.18518518518518    0.00000000000000             6
    0.22222222222222    0.18518518518518    0.00000000000000            12
    0.25925925925926    0.18518518518518    0.00000000000000            12
    0.29629629629630    0.18518518518518    0.00000000000000            12
    0.33333333333334    0.18518518518518    0.00000000000000            12
    0.37037037037038    0.18518518518518    0.00000000000000            12
    0.40740740740741    0.18518518518518    0.00000000000000             6
    0.22222222222222    0.22222222222222    0.00000000000000             6
    0.25925925925926    0.22222222222222    0.00000000000000            12
    0.29629629629630    0.22222222222222    0.00000000000000            12
    0.33333333333334    0.22222222222222    0.00000000000000            12
    0.37037037037038    0.22222222222222    0.00000000000000            12
    0.25925925925926    0.25925925925926    0.00000000000000             6
    0.29629629629630    0.25925925925926    0.00000000000000            12
    0.33333333333334    0.25925925925926    0.00000000000000            12
    0.37037037037038    0.25925925925926    0.00000000000000             6
    0.29629629629630    0.29629629629630    0.00000000000000             6
    0.33333333333334    0.29629629629630    0.00000000000000            12
    0.33333333333334    0.33333333333334    0.00000000000000             2
    0.00000000000000    0.00000000000000    0.03703703703704             2
    0.03703703703704    0.00000000000000    0.03703703703704            12
    0.07407407407408    0.00000000000000    0.03703703703704            12
    0.11111111111112    0.00000000000000    0.03703703703704            12
    0.14814814814815    0.00000000000000    0.03703703703704            12
    0.18518518518518    0.00000000000000    0.03703703703704            12
    0.22222222222222    0.00000000000000    0.03703703703704            12
    0.25925925925926    0.00000000000000    0.03703703703704            12
    0.29629629629630    0.00000000000000    0.03703703703704            12
    0.33333333333334    0.00000000000000    0.03703703703704            12
    0.37037037037038    0.00000000000000    0.03703703703704            12
    0.40740740740741    0.00000000000000    0.03703703703704            12
    0.44444444444444    0.00000000000000    0.03703703703704            12
    0.48148148148148    0.00000000000000    0.03703703703704            12
    0.03703703703704    0.03703703703704    0.03703703703704            12
    0.07407407407408    0.03703703703704    0.03703703703704            24
    0.11111111111112    0.03703703703704    0.03703703703704            24
    0.14814814814815    0.03703703703704    0.03703703703704            24
    0.18518518518518    0.03703703703704    0.03703703703704            24
    0.22222222222222    0.03703703703704    0.03703703703704            24
    0.25925925925926    0.03703703703704    0.03703703703704            24
    0.29629629629630    0.03703703703704    0.03703703703704            24
    0.33333333333334    0.03703703703704    0.03703703703704            24
    0.37037037037038    0.03703703703704    0.03703703703704            24
    0.40740740740741    0.03703703703704    0.03703703703704            24
    0.44444444444444    0.03703703703704    0.03703703703704            24
    0.48148148148148    0.03703703703704    0.03703703703704            12
    0.07407407407408    0.07407407407408    0.03703703703704            12
    0.11111111111112    0.07407407407408    0.03703703703704            24
    0.14814814814815    0.07407407407408    0.03703703703704            24
    0.18518518518518    0.07407407407408    0.03703703703704            24
    0.22222222222222    0.07407407407408    0.03703703703704            24
    0.25925925925926    0.07407407407408    0.03703703703704            24
    0.29629629629630    0.07407407407408    0.03703703703704            24
    0.33333333333334    0.07407407407408    0.03703703703704            24
    0.37037037037038    0.07407407407408    0.03703703703704            24
    0.40740740740741    0.07407407407408    0.03703703703704            24
    0.44444444444444    0.07407407407408    0.03703703703704            24
    0.11111111111112    0.11111111111112    0.03703703703704            12
    0.14814814814815    0.11111111111112    0.03703703703704            24
    0.18518518518518    0.11111111111112    0.03703703703704            24
    0.22222222222222    0.11111111111112    0.03703703703704            24
    0.25925925925926    0.11111111111112    0.03703703703704            24
    0.29629629629630    0.11111111111112    0.03703703703704            24
    0.33333333333334    0.11111111111112    0.03703703703704            24
    0.37037037037038    0.11111111111112    0.03703703703704            24
    0.40740740740741    0.11111111111112    0.03703703703704            24
    0.44444444444444    0.11111111111112    0.03703703703704            12
    0.14814814814815    0.14814814814815    0.03703703703704            12
    0.18518518518518    0.14814814814815    0.03703703703704            24
    0.22222222222222    0.14814814814815    0.03703703703704            24
    0.25925925925926    0.14814814814815    0.03703703703704            24
    0.29629629629630    0.14814814814815    0.03703703703704            24
    0.33333333333334    0.14814814814815    0.03703703703704            24
    0.37037037037038    0.14814814814815    0.03703703703704            24
    0.40740740740741    0.14814814814815    0.03703703703704            24
    0.18518518518518    0.18518518518518    0.03703703703704            12
    0.22222222222222    0.18518518518518    0.03703703703704            24
    0.25925925925926    0.18518518518518    0.03703703703704            24
    0.29629629629630    0.18518518518518    0.03703703703704            24
    0.33333333333334    0.18518518518518    0.03703703703704            24
    0.37037037037038    0.18518518518518    0.03703703703704            24
    0.40740740740741    0.18518518518518    0.03703703703704            12
    0.22222222222222    0.22222222222222    0.03703703703704            12
    0.25925925925926    0.22222222222222    0.03703703703704            24
    0.29629629629630    0.22222222222222    0.03703703703704            24
    0.33333333333334    0.22222222222222    0.03703703703704            24
    0.37037037037038    0.22222222222222    0.03703703703704            24
    0.25925925925926    0.25925925925926    0.03703703703704            12
    0.29629629629630    0.25925925925926    0.03703703703704            24
    0.33333333333334    0.25925925925926    0.03703703703704            24
    0.37037037037038    0.25925925925926    0.03703703703704            12
    0.29629629629630    0.29629629629630    0.03703703703704            12
    0.33333333333334    0.29629629629630    0.03703703703704            24
    0.33333333333334    0.33333333333334    0.03703703703704             4
    0.00000000000000    0.00000000000000    0.07407407407408             2
    0.03703703703704    0.00000000000000    0.07407407407408            12
    0.07407407407408    0.00000000000000    0.07407407407408            12
    0.11111111111112    0.00000000000000    0.07407407407408            12
    0.14814814814815    0.00000000000000    0.07407407407408            12
    0.18518518518518    0.00000000000000    0.07407407407408            12
    0.22222222222222    0.00000000000000    0.07407407407408            12
    0.25925925925926    0.00000000000000    0.07407407407408            12
    0.29629629629630    0.00000000000000    0.07407407407408            12
    0.33333333333334    0.00000000000000    0.07407407407408            12
    0.37037037037038    0.00000000000000    0.07407407407408            12
    0.40740740740741    0.00000000000000    0.07407407407408            12
    0.44444444444444    0.00000000000000    0.07407407407408            12
    0.48148148148148    0.00000000000000    0.07407407407408            12
    0.03703703703704    0.03703703703704    0.07407407407408            12
    0.07407407407408    0.03703703703704    0.07407407407408            24
    0.11111111111112    0.03703703703704    0.07407407407408            24
    0.14814814814815    0.03703703703704    0.07407407407408            24
    0.18518518518518    0.03703703703704    0.07407407407408            24
    0.22222222222222    0.03703703703704    0.07407407407408            24
    0.25925925925926    0.03703703703704    0.07407407407408            24
    0.29629629629630    0.03703703703704    0.07407407407408            24
    0.33333333333334    0.03703703703704    0.07407407407408            24
    0.37037037037038    0.03703703703704    0.07407407407408            24
    0.40740740740741    0.03703703703704    0.07407407407408            24
    0.44444444444444    0.03703703703704    0.07407407407408            24
    0.48148148148148    0.03703703703704    0.07407407407408            12
    0.07407407407408    0.07407407407408    0.07407407407408            12
    0.11111111111112    0.07407407407408    0.07407407407408            24
    0.14814814814815    0.07407407407408    0.07407407407408            24
    0.18518518518518    0.07407407407408    0.07407407407408            24
    0.22222222222222    0.07407407407408    0.07407407407408            24
    0.25925925925926    0.07407407407408    0.07407407407408            24
    0.29629629629630    0.07407407407408    0.07407407407408            24
    0.33333333333334    0.07407407407408    0.07407407407408            24
    0.37037037037038    0.07407407407408    0.07407407407408            24
    0.40740740740741    0.07407407407408    0.07407407407408            24
    0.44444444444444    0.07407407407408    0.07407407407408            24
    0.11111111111112    0.11111111111112    0.07407407407408            12
    0.14814814814815    0.11111111111112    0.07407407407408            24
    0.18518518518518    0.11111111111112    0.07407407407408            24
    0.22222222222222    0.11111111111112    0.07407407407408            24
    0.25925925925926    0.11111111111112    0.07407407407408            24
    0.29629629629630    0.11111111111112    0.07407407407408            24
    0.33333333333334    0.11111111111112    0.07407407407408            24
    0.37037037037038    0.11111111111112    0.07407407407408            24
    0.40740740740741    0.11111111111112    0.07407407407408            24
    0.44444444444444    0.11111111111112    0.07407407407408            12
    0.14814814814815    0.14814814814815    0.07407407407408            12
    0.18518518518518    0.14814814814815    0.07407407407408            24
    0.22222222222222    0.14814814814815    0.07407407407408            24
    0.25925925925926    0.14814814814815    0.07407407407408            24
    0.29629629629630    0.14814814814815    0.07407407407408            24
    0.33333333333334    0.14814814814815    0.07407407407408            24
    0.37037037037038    0.14814814814815    0.07407407407408            24
    0.40740740740741    0.14814814814815    0.07407407407408            24
    0.18518518518518    0.18518518518518    0.07407407407408            12
    0.22222222222222    0.18518518518518    0.07407407407408            24
    0.25925925925926    0.18518518518518    0.07407407407408            24
    0.29629629629630    0.18518518518518    0.07407407407408            24
    0.33333333333334    0.18518518518518    0.07407407407408            24
    0.37037037037038    0.18518518518518    0.07407407407408            24
    0.40740740740741    0.18518518518518    0.07407407407408            12
    0.22222222222222    0.22222222222222    0.07407407407408            12
    0.25925925925926    0.22222222222222    0.07407407407408            24
    0.29629629629630    0.22222222222222    0.07407407407408            24
    0.33333333333334    0.22222222222222    0.07407407407408            24
    0.37037037037038    0.22222222222222    0.07407407407408            24
    0.25925925925926    0.25925925925926    0.07407407407408            12
    0.29629629629630    0.25925925925926    0.07407407407408            24
    0.33333333333334    0.25925925925926    0.07407407407408            24
    0.37037037037038    0.25925925925926    0.07407407407408            12
    0.29629629629630    0.29629629629630    0.07407407407408            12
    0.33333333333334    0.29629629629630    0.07407407407408            24
    0.33333333333334    0.33333333333334    0.07407407407408             4
    0.00000000000000    0.00000000000000    0.11111111111112             2
    0.03703703703704    0.00000000000000    0.11111111111112            12
    0.07407407407408    0.00000000000000    0.11111111111112            12
    0.11111111111112    0.00000000000000    0.11111111111112            12
    0.14814814814815    0.00000000000000    0.11111111111112            12
    0.18518518518518    0.00000000000000    0.11111111111112            12
    0.22222222222222    0.00000000000000    0.11111111111112            12
    0.25925925925926    0.00000000000000    0.11111111111112            12
    0.29629629629630    0.00000000000000    0.11111111111112            12
    0.33333333333334    0.00000000000000    0.11111111111112            12
    0.37037037037038    0.00000000000000    0.11111111111112            12
    0.40740740740741    0.00000000000000    0.11111111111112            12
    0.44444444444444    0.00000000000000    0.11111111111112            12
    0.48148148148148    0.00000000000000    0.11111111111112            12
    0.03703703703704    0.03703703703704    0.11111111111112            12
    0.07407407407408    0.03703703703704    0.11111111111112            24
    0.11111111111112    0.03703703703704    0.11111111111112            24
    0.14814814814815    0.03703703703704    0.11111111111112            24
    0.18518518518518    0.03703703703704    0.11111111111112            24
    0.22222222222222    0.03703703703704    0.11111111111112            24
    0.25925925925926    0.03703703703704    0.11111111111112            24
    0.29629629629630    0.03703703703704    0.11111111111112            24
    0.33333333333334    0.03703703703704    0.11111111111112            24
    0.37037037037038    0.03703703703704    0.11111111111112            24
    0.40740740740741    0.03703703703704    0.11111111111112            24
    0.44444444444444    0.03703703703704    0.11111111111112            24
    0.48148148148148    0.03703703703704    0.11111111111112            12
    0.07407407407408    0.07407407407408    0.11111111111112            12
    0.11111111111112    0.07407407407408    0.11111111111112            24
    0.14814814814815    0.07407407407408    0.11111111111112            24
    0.18518518518518    0.07407407407408    0.11111111111112            24
    0.22222222222222    0.07407407407408    0.11111111111112            24
    0.25925925925926    0.07407407407408    0.11111111111112            24
    0.29629629629630    0.07407407407408    0.11111111111112            24
    0.33333333333334    0.07407407407408    0.11111111111112            24
    0.37037037037038    0.07407407407408    0.11111111111112            24
    0.40740740740741    0.07407407407408    0.11111111111112            24
    0.44444444444444    0.07407407407408    0.11111111111112            24
    0.11111111111112    0.11111111111112    0.11111111111112            12
    0.14814814814815    0.11111111111112    0.11111111111112            24
    0.18518518518518    0.11111111111112    0.11111111111112            24
    0.22222222222222    0.11111111111112    0.11111111111112            24
    0.25925925925926    0.11111111111112    0.11111111111112            24
    0.29629629629630    0.11111111111112    0.11111111111112            24
    0.33333333333334    0.11111111111112    0.11111111111112            24
    0.37037037037038    0.11111111111112    0.11111111111112            24
    0.40740740740741    0.11111111111112    0.11111111111112            24
    0.44444444444444    0.11111111111112    0.11111111111112            12
    0.14814814814815    0.14814814814815    0.11111111111112            12
    0.18518518518518    0.14814814814815    0.11111111111112            24
    0.22222222222222    0.14814814814815    0.11111111111112            24
    0.25925925925926    0.14814814814815    0.11111111111112            24
    0.29629629629630    0.14814814814815    0.11111111111112            24
    0.33333333333334    0.14814814814815    0.11111111111112            24
    0.37037037037038    0.14814814814815    0.11111111111112            24
    0.40740740740741    0.14814814814815    0.11111111111112            24
    0.18518518518518    0.18518518518518    0.11111111111112            12
    0.22222222222222    0.18518518518518    0.11111111111112            24
    0.25925925925926    0.18518518518518    0.11111111111112            24
    0.29629629629630    0.18518518518518    0.11111111111112            24
    0.33333333333334    0.18518518518518    0.11111111111112            24
    0.37037037037038    0.18518518518518    0.11111111111112            24
    0.40740740740741    0.18518518518518    0.11111111111112            12
    0.22222222222222    0.22222222222222    0.11111111111112            12
    0.25925925925926    0.22222222222222    0.11111111111112            24
    0.29629629629630    0.22222222222222    0.11111111111112            24
    0.33333333333334    0.22222222222222    0.11111111111112            24
    0.37037037037038    0.22222222222222    0.11111111111112            24
    0.25925925925926    0.25925925925926    0.11111111111112            12
    0.29629629629630    0.25925925925926    0.11111111111112            24
    0.33333333333334    0.25925925925926    0.11111111111112            24
    0.37037037037038    0.25925925925926    0.11111111111112            12
    0.29629629629630    0.29629629629630    0.11111111111112            12
    0.33333333333334    0.29629629629630    0.11111111111112            24
    0.33333333333334    0.33333333333334    0.11111111111112             4
    0.00000000000000    0.00000000000000    0.14814814814815             2
    0.03703703703704    0.00000000000000    0.14814814814815            12
    0.07407407407408    0.00000000000000    0.14814814814815            12
    0.11111111111112    0.00000000000000    0.14814814814815            12
    0.14814814814815    0.00000000000000    0.14814814814815            12
    0.18518518518518    0.00000000000000    0.14814814814815            12
    0.22222222222222    0.00000000000000    0.14814814814815            12
    0.25925925925926    0.00000000000000    0.14814814814815            12
    0.29629629629630    0.00000000000000    0.14814814814815            12
    0.33333333333334    0.00000000000000    0.14814814814815            12
    0.37037037037038    0.00000000000000    0.14814814814815            12
    0.40740740740741    0.00000000000000    0.14814814814815            12
    0.44444444444444    0.00000000000000    0.14814814814815            12
    0.48148148148148    0.00000000000000    0.14814814814815            12
    0.03703703703704    0.03703703703704    0.14814814814815            12
    0.07407407407408    0.03703703703704    0.14814814814815            24
    0.11111111111112    0.03703703703704    0.14814814814815            24
    0.14814814814815    0.03703703703704    0.14814814814815            24
    0.18518518518518    0.03703703703704    0.14814814814815            24
    0.22222222222222    0.03703703703704    0.14814814814815            24
    0.25925925925926    0.03703703703704    0.14814814814815            24
    0.29629629629630    0.03703703703704    0.14814814814815            24
    0.33333333333334    0.03703703703704    0.14814814814815            24
    0.37037037037038    0.03703703703704    0.14814814814815            24
    0.40740740740741    0.03703703703704    0.14814814814815            24
    0.44444444444444    0.03703703703704    0.14814814814815            24
    0.48148148148148    0.03703703703704    0.14814814814815            12
    0.07407407407408    0.07407407407408    0.14814814814815            12
    0.11111111111112    0.07407407407408    0.14814814814815            24
    0.14814814814815    0.07407407407408    0.14814814814815            24
    0.18518518518518    0.07407407407408    0.14814814814815            24
    0.22222222222222    0.07407407407408    0.14814814814815            24
    0.25925925925926    0.07407407407408    0.14814814814815            24
    0.29629629629630    0.07407407407408    0.14814814814815            24
    0.33333333333334    0.07407407407408    0.14814814814815            24
    0.37037037037038    0.07407407407408    0.14814814814815            24
    0.40740740740741    0.07407407407408    0.14814814814815            24
    0.44444444444444    0.07407407407408    0.14814814814815            24
    0.11111111111112    0.11111111111112    0.14814814814815            12
    0.14814814814815    0.11111111111112    0.14814814814815            24
    0.18518518518518    0.11111111111112    0.14814814814815            24
    0.22222222222222    0.11111111111112    0.14814814814815            24
    0.25925925925926    0.11111111111112    0.14814814814815            24
    0.29629629629630    0.11111111111112    0.14814814814815            24
    0.33333333333334    0.11111111111112    0.14814814814815            24
    0.37037037037038    0.11111111111112    0.14814814814815            24
    0.40740740740741    0.11111111111112    0.14814814814815            24
    0.44444444444444    0.11111111111112    0.14814814814815            12
    0.14814814814815    0.14814814814815    0.14814814814815            12
    0.18518518518518    0.14814814814815    0.14814814814815            24
    0.22222222222222    0.14814814814815    0.14814814814815            24
    0.25925925925926    0.14814814814815    0.14814814814815            24
    0.29629629629630    0.14814814814815    0.14814814814815            24
    0.33333333333334    0.14814814814815    0.14814814814815            24
    0.37037037037038    0.14814814814815    0.14814814814815            24
    0.40740740740741    0.14814814814815    0.14814814814815            24
    0.18518518518518    0.18518518518518    0.14814814814815            12
    0.22222222222222    0.18518518518518    0.14814814814815            24
    0.25925925925926    0.18518518518518    0.14814814814815            24
    0.29629629629630    0.18518518518518    0.14814814814815            24
    0.33333333333334    0.18518518518518    0.14814814814815            24
    0.37037037037038    0.18518518518518    0.14814814814815            24
    0.40740740740741    0.18518518518518    0.14814814814815            12
    0.22222222222222    0.22222222222222    0.14814814814815            12
    0.25925925925926    0.22222222222222    0.14814814814815            24
    0.29629629629630    0.22222222222222    0.14814814814815            24
    0.33333333333334    0.22222222222222    0.14814814814815            24
    0.37037037037038    0.22222222222222    0.14814814814815            24
    0.25925925925926    0.25925925925926    0.14814814814815            12
    0.29629629629630    0.25925925925926    0.14814814814815            24
    0.33333333333334    0.25925925925926    0.14814814814815            24
    0.37037037037038    0.25925925925926    0.14814814814815            12
    0.29629629629630    0.29629629629630    0.14814814814815            12
    0.33333333333334    0.29629629629630    0.14814814814815            24
    0.33333333333334    0.33333333333334    0.14814814814815             4
    0.00000000000000    0.00000000000000    0.18518518518518             2
    0.03703703703704    0.00000000000000    0.18518518518518            12
    0.07407407407408    0.00000000000000    0.18518518518518            12
    0.11111111111112    0.00000000000000    0.18518518518518            12
    0.14814814814815    0.00000000000000    0.18518518518518            12
    0.18518518518518    0.00000000000000    0.18518518518518            12
    0.22222222222222    0.00000000000000    0.18518518518518            12
    0.25925925925926    0.00000000000000    0.18518518518518            12
    0.29629629629630    0.00000000000000    0.18518518518518            12
    0.33333333333334    0.00000000000000    0.18518518518518            12
    0.37037037037038    0.00000000000000    0.18518518518518            12
    0.40740740740741    0.00000000000000    0.18518518518518            12
    0.44444444444444    0.00000000000000    0.18518518518518            12
    0.48148148148148    0.00000000000000    0.18518518518518            12
    0.03703703703704    0.03703703703704    0.18518518518518            12
    0.07407407407408    0.03703703703704    0.18518518518518            24
    0.11111111111112    0.03703703703704    0.18518518518518            24
    0.14814814814815    0.03703703703704    0.18518518518518            24
    0.18518518518518    0.03703703703704    0.18518518518518            24
    0.22222222222222    0.03703703703704    0.18518518518518            24
    0.25925925925926    0.03703703703704    0.18518518518518            24
    0.29629629629630    0.03703703703704    0.18518518518518            24
    0.33333333333334    0.03703703703704    0.18518518518518            24
    0.37037037037038    0.03703703703704    0.18518518518518            24
    0.40740740740741    0.03703703703704    0.18518518518518            24
    0.44444444444444    0.03703703703704    0.18518518518518            24
    0.48148148148148    0.03703703703704    0.18518518518518            12
    0.07407407407408    0.07407407407408    0.18518518518518            12
    0.11111111111112    0.07407407407408    0.18518518518518            24
    0.14814814814815    0.07407407407408    0.18518518518518            24
    0.18518518518518    0.07407407407408    0.18518518518518            24
    0.22222222222222    0.07407407407408    0.18518518518518            24
    0.25925925925926    0.07407407407408    0.18518518518518            24
    0.29629629629630    0.07407407407408    0.18518518518518            24
    0.33333333333334    0.07407407407408    0.18518518518518            24
    0.37037037037038    0.07407407407408    0.18518518518518            24
    0.40740740740741    0.07407407407408    0.18518518518518            24
    0.44444444444444    0.07407407407408    0.18518518518518            24
    0.11111111111112    0.11111111111112    0.18518518518518            12
    0.14814814814815    0.11111111111112    0.18518518518518            24
    0.18518518518518    0.11111111111112    0.18518518518518            24
    0.22222222222222    0.11111111111112    0.18518518518518            24
    0.25925925925926    0.11111111111112    0.18518518518518            24
    0.29629629629630    0.11111111111112    0.18518518518518            24
    0.33333333333334    0.11111111111112    0.18518518518518            24
    0.37037037037038    0.11111111111112    0.18518518518518            24
    0.40740740740741    0.11111111111112    0.18518518518518            24
    0.44444444444444    0.11111111111112    0.18518518518518            12
    0.14814814814815    0.14814814814815    0.18518518518518            12
    0.18518518518518    0.14814814814815    0.18518518518518            24
    0.22222222222222    0.14814814814815    0.18518518518518            24
    0.25925925925926    0.14814814814815    0.18518518518518            24
    0.29629629629630    0.14814814814815    0.18518518518518            24
    0.33333333333334    0.14814814814815    0.18518518518518            24
    0.37037037037038    0.14814814814815    0.18518518518518            24
    0.40740740740741    0.14814814814815    0.18518518518518            24
    0.18518518518518    0.18518518518518    0.18518518518518            12
    0.22222222222222    0.18518518518518    0.18518518518518            24
    0.25925925925926    0.18518518518518    0.18518518518518            24
    0.29629629629630    0.18518518518518    0.18518518518518            24
    0.33333333333334    0.18518518518518    0.18518518518518            24
    0.37037037037038    0.18518518518518    0.18518518518518            24
    0.40740740740741    0.18518518518518    0.18518518518518            12
    0.22222222222222    0.22222222222222    0.18518518518518            12
    0.25925925925926    0.22222222222222    0.18518518518518            24
    0.29629629629630    0.22222222222222    0.18518518518518            24
    0.33333333333334    0.22222222222222    0.18518518518518            24
    0.37037037037038    0.22222222222222    0.18518518518518            24
    0.25925925925926    0.25925925925926    0.18518518518518            12
    0.29629629629630    0.25925925925926    0.18518518518518            24
    0.33333333333334    0.25925925925926    0.18518518518518            24
    0.37037037037038    0.25925925925926    0.18518518518518            12
    0.29629629629630    0.29629629629630    0.18518518518518            12
    0.33333333333334    0.29629629629630    0.18518518518518            24
    0.33333333333334    0.33333333333334    0.18518518518518             4
    0.00000000000000    0.00000000000000    0.22222222222222             2
    0.03703703703704    0.00000000000000    0.22222222222222            12
    0.07407407407408    0.00000000000000    0.22222222222222            12
    0.11111111111112    0.00000000000000    0.22222222222222            12
    0.14814814814815    0.00000000000000    0.22222222222222            12
    0.18518518518518    0.00000000000000    0.22222222222222            12
    0.22222222222222    0.00000000000000    0.22222222222222            12
    0.25925925925926    0.00000000000000    0.22222222222222            12
    0.29629629629630    0.00000000000000    0.22222222222222            12
    0.33333333333334    0.00000000000000    0.22222222222222            12
    0.37037037037038    0.00000000000000    0.22222222222222            12
    0.40740740740741    0.00000000000000    0.22222222222222            12
    0.44444444444444    0.00000000000000    0.22222222222222            12
    0.48148148148148    0.00000000000000    0.22222222222222            12
    0.03703703703704    0.03703703703704    0.22222222222222            12
    0.07407407407408    0.03703703703704    0.22222222222222            24
    0.11111111111112    0.03703703703704    0.22222222222222            24
    0.14814814814815    0.03703703703704    0.22222222222222            24
    0.18518518518518    0.03703703703704    0.22222222222222            24
    0.22222222222222    0.03703703703704    0.22222222222222            24
    0.25925925925926    0.03703703703704    0.22222222222222            24
    0.29629629629630    0.03703703703704    0.22222222222222            24
    0.33333333333334    0.03703703703704    0.22222222222222            24
    0.37037037037038    0.03703703703704    0.22222222222222            24
    0.40740740740741    0.03703703703704    0.22222222222222            24
    0.44444444444444    0.03703703703704    0.22222222222222            24
    0.48148148148148    0.03703703703704    0.22222222222222            12
    0.07407407407408    0.07407407407408    0.22222222222222            12
    0.11111111111112    0.07407407407408    0.22222222222222            24
    0.14814814814815    0.07407407407408    0.22222222222222            24
    0.18518518518518    0.07407407407408    0.22222222222222            24
    0.22222222222222    0.07407407407408    0.22222222222222            24
    0.25925925925926    0.07407407407408    0.22222222222222            24
    0.29629629629630    0.07407407407408    0.22222222222222            24
    0.33333333333334    0.07407407407408    0.22222222222222            24
    0.37037037037038    0.07407407407408    0.22222222222222            24
    0.40740740740741    0.07407407407408    0.22222222222222            24
    0.44444444444444    0.07407407407408    0.22222222222222            24
    0.11111111111112    0.11111111111112    0.22222222222222            12
    0.14814814814815    0.11111111111112    0.22222222222222            24
    0.18518518518518    0.11111111111112    0.22222222222222            24
    0.22222222222222    0.11111111111112    0.22222222222222            24
    0.25925925925926    0.11111111111112    0.22222222222222            24
    0.29629629629630    0.11111111111112    0.22222222222222            24
    0.33333333333334    0.11111111111112    0.22222222222222            24
    0.37037037037038    0.11111111111112    0.22222222222222            24
    0.40740740740741    0.11111111111112    0.22222222222222            24
    0.44444444444444    0.11111111111112    0.22222222222222            12
    0.14814814814815    0.14814814814815    0.22222222222222            12
    0.18518518518518    0.14814814814815    0.22222222222222            24
    0.22222222222222    0.14814814814815    0.22222222222222            24
    0.25925925925926    0.14814814814815    0.22222222222222            24
    0.29629629629630    0.14814814814815    0.22222222222222            24
    0.33333333333334    0.14814814814815    0.22222222222222            24
    0.37037037037038    0.14814814814815    0.22222222222222            24
    0.40740740740741    0.14814814814815    0.22222222222222            24
    0.18518518518518    0.18518518518518    0.22222222222222            12
    0.22222222222222    0.18518518518518    0.22222222222222            24
    0.25925925925926    0.18518518518518    0.22222222222222            24
    0.29629629629630    0.18518518518518    0.22222222222222            24
    0.33333333333334    0.18518518518518    0.22222222222222            24
    0.37037037037038    0.18518518518518    0.22222222222222            24
    0.40740740740741    0.18518518518518    0.22222222222222            12
    0.22222222222222    0.22222222222222    0.22222222222222            12
    0.25925925925926    0.22222222222222    0.22222222222222            24
    0.29629629629630    0.22222222222222    0.22222222222222            24
    0.33333333333334    0.22222222222222    0.22222222222222            24
    0.37037037037038    0.22222222222222    0.22222222222222            24
    0.25925925925926    0.25925925925926    0.22222222222222            12
    0.29629629629630    0.25925925925926    0.22222222222222            24
    0.33333333333334    0.25925925925926    0.22222222222222            24
    0.37037037037038    0.25925925925926    0.22222222222222            12
    0.29629629629630    0.29629629629630    0.22222222222222            12
    0.33333333333334    0.29629629629630    0.22222222222222            24
    0.33333333333334    0.33333333333334    0.22222222222222             4
    0.00000000000000    0.00000000000000    0.25925925925926             2
    0.03703703703704    0.00000000000000    0.25925925925926            12
    0.07407407407408    0.00000000000000    0.25925925925926            12
    0.11111111111112    0.00000000000000    0.25925925925926            12
    0.14814814814815    0.00000000000000    0.25925925925926            12
    0.18518518518518    0.00000000000000    0.25925925925926            12
    0.22222222222222    0.00000000000000    0.25925925925926            12
    0.25925925925926    0.00000000000000    0.25925925925926            12
    0.29629629629630    0.00000000000000    0.25925925925926            12
    0.33333333333334    0.00000000000000    0.25925925925926            12
    0.37037037037038    0.00000000000000    0.25925925925926            12
    0.40740740740741    0.00000000000000    0.25925925925926            12
    0.44444444444444    0.00000000000000    0.25925925925926            12
    0.48148148148148    0.00000000000000    0.25925925925926            12
    0.03703703703704    0.03703703703704    0.25925925925926            12
    0.07407407407408    0.03703703703704    0.25925925925926            24
    0.11111111111112    0.03703703703704    0.25925925925926            24
    0.14814814814815    0.03703703703704    0.25925925925926            24
    0.18518518518518    0.03703703703704    0.25925925925926            24
    0.22222222222222    0.03703703703704    0.25925925925926            24
    0.25925925925926    0.03703703703704    0.25925925925926            24
    0.29629629629630    0.03703703703704    0.25925925925926            24
    0.33333333333334    0.03703703703704    0.25925925925926            24
    0.37037037037038    0.03703703703704    0.25925925925926            24
    0.40740740740741    0.03703703703704    0.25925925925926            24
    0.44444444444444    0.03703703703704    0.25925925925926            24
    0.48148148148148    0.03703703703704    0.25925925925926            12
    0.07407407407408    0.07407407407408    0.25925925925926            12
    0.11111111111112    0.07407407407408    0.25925925925926            24
    0.14814814814815    0.07407407407408    0.25925925925926            24
    0.18518518518518    0.07407407407408    0.25925925925926            24
    0.22222222222222    0.07407407407408    0.25925925925926            24
    0.25925925925926    0.07407407407408    0.25925925925926            24
    0.29629629629630    0.07407407407408    0.25925925925926            24
    0.33333333333334    0.07407407407408    0.25925925925926            24
    0.37037037037038    0.07407407407408    0.25925925925926            24
    0.40740740740741    0.07407407407408    0.25925925925926            24
    0.44444444444444    0.07407407407408    0.25925925925926            24
    0.11111111111112    0.11111111111112    0.25925925925926            12
    0.14814814814815    0.11111111111112    0.25925925925926            24
    0.18518518518518    0.11111111111112    0.25925925925926            24
    0.22222222222222    0.11111111111112    0.25925925925926            24
    0.25925925925926    0.11111111111112    0.25925925925926            24
    0.29629629629630    0.11111111111112    0.25925925925926            24
    0.33333333333334    0.11111111111112    0.25925925925926            24
    0.37037037037038    0.11111111111112    0.25925925925926            24
    0.40740740740741    0.11111111111112    0.25925925925926            24
    0.44444444444444    0.11111111111112    0.25925925925926            12
    0.14814814814815    0.14814814814815    0.25925925925926            12
    0.18518518518518    0.14814814814815    0.25925925925926            24
    0.22222222222222    0.14814814814815    0.25925925925926            24
    0.25925925925926    0.14814814814815    0.25925925925926            24
    0.29629629629630    0.14814814814815    0.25925925925926            24
    0.33333333333334    0.14814814814815    0.25925925925926            24
    0.37037037037038    0.14814814814815    0.25925925925926            24
    0.40740740740741    0.14814814814815    0.25925925925926            24
    0.18518518518518    0.18518518518518    0.25925925925926            12
    0.22222222222222    0.18518518518518    0.25925925925926            24
    0.25925925925926    0.18518518518518    0.25925925925926            24
    0.29629629629630    0.18518518518518    0.25925925925926            24
    0.33333333333334    0.18518518518518    0.25925925925926            24
    0.37037037037038    0.18518518518518    0.25925925925926            24
    0.40740740740741    0.18518518518518    0.25925925925926            12
    0.22222222222222    0.22222222222222    0.25925925925926            12
    0.25925925925926    0.22222222222222    0.25925925925926            24
    0.29629629629630    0.22222222222222    0.25925925925926            24
    0.33333333333334    0.22222222222222    0.25925925925926            24
    0.37037037037038    0.22222222222222    0.25925925925926            24
    0.25925925925926    0.25925925925926    0.25925925925926            12
    0.29629629629630    0.25925925925926    0.25925925925926            24
    0.33333333333334    0.25925925925926    0.25925925925926            24
    0.37037037037038    0.25925925925926    0.25925925925926            12
    0.29629629629630    0.29629629629630    0.25925925925926            12
    0.33333333333334    0.29629629629630    0.25925925925926            24
    0.33333333333334    0.33333333333334    0.25925925925926             4
    0.00000000000000    0.00000000000000    0.29629629629630             2
    0.03703703703704    0.00000000000000    0.29629629629630            12
    0.07407407407408    0.00000000000000    0.29629629629630            12
    0.11111111111112    0.00000000000000    0.29629629629630            12
    0.14814814814815    0.00000000000000    0.29629629629630            12
    0.18518518518518    0.00000000000000    0.29629629629630            12
    0.22222222222222    0.00000000000000    0.29629629629630            12
    0.25925925925926    0.00000000000000    0.29629629629630            12
    0.29629629629630    0.00000000000000    0.29629629629630            12
    0.33333333333334    0.00000000000000    0.29629629629630            12
    0.37037037037038    0.00000000000000    0.29629629629630            12
    0.40740740740741    0.00000000000000    0.29629629629630            12
    0.44444444444444    0.00000000000000    0.29629629629630            12
    0.48148148148148    0.00000000000000    0.29629629629630            12
    0.03703703703704    0.03703703703704    0.29629629629630            12
    0.07407407407408    0.03703703703704    0.29629629629630            24
    0.11111111111112    0.03703703703704    0.29629629629630            24
    0.14814814814815    0.03703703703704    0.29629629629630            24
    0.18518518518518    0.03703703703704    0.29629629629630            24
    0.22222222222222    0.03703703703704    0.29629629629630            24
    0.25925925925926    0.03703703703704    0.29629629629630            24
    0.29629629629630    0.03703703703704    0.29629629629630            24
    0.33333333333334    0.03703703703704    0.29629629629630            24
    0.37037037037038    0.03703703703704    0.29629629629630            24
    0.40740740740741    0.03703703703704    0.29629629629630            24
    0.44444444444444    0.03703703703704    0.29629629629630            24
    0.48148148148148    0.03703703703704    0.29629629629630            12
    0.07407407407408    0.07407407407408    0.29629629629630            12
    0.11111111111112    0.07407407407408    0.29629629629630            24
    0.14814814814815    0.07407407407408    0.29629629629630            24
    0.18518518518518    0.07407407407408    0.29629629629630            24
    0.22222222222222    0.07407407407408    0.29629629629630            24
    0.25925925925926    0.07407407407408    0.29629629629630            24
    0.29629629629630    0.07407407407408    0.29629629629630            24
    0.33333333333334    0.07407407407408    0.29629629629630            24
    0.37037037037038    0.07407407407408    0.29629629629630            24
    0.40740740740741    0.07407407407408    0.29629629629630            24
    0.44444444444444    0.07407407407408    0.29629629629630            24
    0.11111111111112    0.11111111111112    0.29629629629630            12
    0.14814814814815    0.11111111111112    0.29629629629630            24
    0.18518518518518    0.11111111111112    0.29629629629630            24
    0.22222222222222    0.11111111111112    0.29629629629630            24
    0.25925925925926    0.11111111111112    0.29629629629630            24
    0.29629629629630    0.11111111111112    0.29629629629630            24
    0.33333333333334    0.11111111111112    0.29629629629630            24
    0.37037037037038    0.11111111111112    0.29629629629630            24
    0.40740740740741    0.11111111111112    0.29629629629630            24
    0.44444444444444    0.11111111111112    0.29629629629630            12
    0.14814814814815    0.14814814814815    0.29629629629630            12
    0.18518518518518    0.14814814814815    0.29629629629630            24
    0.22222222222222    0.14814814814815    0.29629629629630            24
    0.25925925925926    0.14814814814815    0.29629629629630            24
    0.29629629629630    0.14814814814815    0.29629629629630            24
    0.33333333333334    0.14814814814815    0.29629629629630            24
    0.37037037037038    0.14814814814815    0.29629629629630            24
    0.40740740740741    0.14814814814815    0.29629629629630            24
    0.18518518518518    0.18518518518518    0.29629629629630            12
    0.22222222222222    0.18518518518518    0.29629629629630            24
    0.25925925925926    0.18518518518518    0.29629629629630            24
    0.29629629629630    0.18518518518518    0.29629629629630            24
    0.33333333333334    0.18518518518518    0.29629629629630            24
    0.37037037037038    0.18518518518518    0.29629629629630            24
    0.40740740740741    0.18518518518518    0.29629629629630            12
    0.22222222222222    0.22222222222222    0.29629629629630            12
    0.25925925925926    0.22222222222222    0.29629629629630            24
    0.29629629629630    0.22222222222222    0.29629629629630            24
    0.33333333333334    0.22222222222222    0.29629629629630            24
    0.37037037037038    0.22222222222222    0.29629629629630            24
    0.25925925925926    0.25925925925926    0.29629629629630            12
    0.29629629629630    0.25925925925926    0.29629629629630            24
    0.33333333333334    0.25925925925926    0.29629629629630            24
    0.37037037037038    0.25925925925926    0.29629629629630            12
    0.29629629629630    0.29629629629630    0.29629629629630            12
    0.33333333333334    0.29629629629630    0.29629629629630            24
    0.33333333333334    0.33333333333334    0.29629629629630             4
    0.00000000000000    0.00000000000000    0.33333333333334             2
    0.03703703703704    0.00000000000000    0.33333333333334            12
    0.07407407407408    0.00000000000000    0.33333333333334            12
    0.11111111111112    0.00000000000000    0.33333333333334            12
    0.14814814814815    0.00000000000000    0.33333333333334            12
    0.18518518518518    0.00000000000000    0.33333333333334            12
    0.22222222222222    0.00000000000000    0.33333333333334            12
    0.25925925925926    0.00000000000000    0.33333333333334            12
    0.29629629629630    0.00000000000000    0.33333333333334            12
    0.33333333333334    0.00000000000000    0.33333333333334            12
    0.37037037037038    0.00000000000000    0.33333333333334            12
    0.40740740740741    0.00000000000000    0.33333333333334            12
    0.44444444444444    0.00000000000000    0.33333333333334            12
    0.48148148148148    0.00000000000000    0.33333333333334            12
    0.03703703703704    0.03703703703704    0.33333333333334            12
    0.07407407407408    0.03703703703704    0.33333333333334            24
    0.11111111111112    0.03703703703704    0.33333333333334            24
    0.14814814814815    0.03703703703704    0.33333333333334            24
    0.18518518518518    0.03703703703704    0.33333333333334            24
    0.22222222222222    0.03703703703704    0.33333333333334            24
    0.25925925925926    0.03703703703704    0.33333333333334            24
    0.29629629629630    0.03703703703704    0.33333333333334            24
    0.33333333333334    0.03703703703704    0.33333333333334            24
    0.37037037037038    0.03703703703704    0.33333333333334            24
    0.40740740740741    0.03703703703704    0.33333333333334            24
    0.44444444444444    0.03703703703704    0.33333333333334            24
    0.48148148148148    0.03703703703704    0.33333333333334            12
    0.07407407407408    0.07407407407408    0.33333333333334            12
    0.11111111111112    0.07407407407408    0.33333333333334            24
    0.14814814814815    0.07407407407408    0.33333333333334            24
    0.18518518518518    0.07407407407408    0.33333333333334            24
    0.22222222222222    0.07407407407408    0.33333333333334            24
    0.25925925925926    0.07407407407408    0.33333333333334            24
    0.29629629629630    0.07407407407408    0.33333333333334            24
    0.33333333333334    0.07407407407408    0.33333333333334            24
    0.37037037037038    0.07407407407408    0.33333333333334            24
    0.40740740740741    0.07407407407408    0.33333333333334            24
    0.44444444444444    0.07407407407408    0.33333333333334            24
    0.11111111111112    0.11111111111112    0.33333333333334            12
    0.14814814814815    0.11111111111112    0.33333333333334            24
    0.18518518518518    0.11111111111112    0.33333333333334            24
    0.22222222222222    0.11111111111112    0.33333333333334            24
    0.25925925925926    0.11111111111112    0.33333333333334            24
    0.29629629629630    0.11111111111112    0.33333333333334            24
    0.33333333333334    0.11111111111112    0.33333333333334            24
    0.37037037037038    0.11111111111112    0.33333333333334            24
    0.40740740740741    0.11111111111112    0.33333333333334            24
    0.44444444444444    0.11111111111112    0.33333333333334            12
    0.14814814814815    0.14814814814815    0.33333333333334            12
    0.18518518518518    0.14814814814815    0.33333333333334            24
    0.22222222222222    0.14814814814815    0.33333333333334            24
    0.25925925925926    0.14814814814815    0.33333333333334            24
    0.29629629629630    0.14814814814815    0.33333333333334            24
    0.33333333333334    0.14814814814815    0.33333333333334            24
    0.37037037037038    0.14814814814815    0.33333333333334            24
    0.40740740740741    0.14814814814815    0.33333333333334            24
    0.18518518518518    0.18518518518518    0.33333333333334            12
    0.22222222222222    0.18518518518518    0.33333333333334            24
    0.25925925925926    0.18518518518518    0.33333333333334            24
    0.29629629629630    0.18518518518518    0.33333333333334            24
    0.33333333333334    0.18518518518518    0.33333333333334            24
    0.37037037037038    0.18518518518518    0.33333333333334            24
    0.40740740740741    0.18518518518518    0.33333333333334            12
    0.22222222222222    0.22222222222222    0.33333333333334            12
    0.25925925925926    0.22222222222222    0.33333333333334            24
    0.29629629629630    0.22222222222222    0.33333333333334            24
    0.33333333333334    0.22222222222222    0.33333333333334            24
    0.37037037037038    0.22222222222222    0.33333333333334            24
    0.25925925925926    0.25925925925926    0.33333333333334            12
    0.29629629629630    0.25925925925926    0.33333333333334            24
    0.33333333333334    0.25925925925926    0.33333333333334            24
    0.37037037037038    0.25925925925926    0.33333333333334            12
    0.29629629629630    0.29629629629630    0.33333333333334            12
    0.33333333333334    0.29629629629630    0.33333333333334            24
    0.33333333333334    0.33333333333334    0.33333333333334             4
    0.00000000000000    0.00000000000000    0.37037037037038             2
    0.03703703703704    0.00000000000000    0.37037037037038            12
    0.07407407407408    0.00000000000000    0.37037037037038            12
    0.11111111111112    0.00000000000000    0.37037037037038            12
    0.14814814814815    0.00000000000000    0.37037037037038            12
    0.18518518518518    0.00000000000000    0.37037037037038            12
    0.22222222222222    0.00000000000000    0.37037037037038            12
    0.25925925925926    0.00000000000000    0.37037037037038            12
    0.29629629629630    0.00000000000000    0.37037037037038            12
    0.33333333333334    0.00000000000000    0.37037037037038            12
    0.37037037037038    0.00000000000000    0.37037037037038            12
    0.40740740740741    0.00000000000000    0.37037037037038            12
    0.44444444444444    0.00000000000000    0.37037037037038            12
    0.48148148148148    0.00000000000000    0.37037037037038            12
    0.03703703703704    0.03703703703704    0.37037037037038            12
    0.07407407407408    0.03703703703704    0.37037037037038            24
    0.11111111111112    0.03703703703704    0.37037037037038            24
    0.14814814814815    0.03703703703704    0.37037037037038            24
    0.18518518518518    0.03703703703704    0.37037037037038            24
    0.22222222222222    0.03703703703704    0.37037037037038            24
    0.25925925925926    0.03703703703704    0.37037037037038            24
    0.29629629629630    0.03703703703704    0.37037037037038            24
    0.33333333333334    0.03703703703704    0.37037037037038            24
    0.37037037037038    0.03703703703704    0.37037037037038            24
    0.40740740740741    0.03703703703704    0.37037037037038            24
    0.44444444444444    0.03703703703704    0.37037037037038            24
    0.48148148148148    0.03703703703704    0.37037037037038            12
    0.07407407407408    0.07407407407408    0.37037037037038            12
    0.11111111111112    0.07407407407408    0.37037037037038            24
    0.14814814814815    0.07407407407408    0.37037037037038            24
    0.18518518518518    0.07407407407408    0.37037037037038            24
    0.22222222222222    0.07407407407408    0.37037037037038            24
    0.25925925925926    0.07407407407408    0.37037037037038            24
    0.29629629629630    0.07407407407408    0.37037037037038            24
    0.33333333333334    0.07407407407408    0.37037037037038            24
    0.37037037037038    0.07407407407408    0.37037037037038            24
    0.40740740740741    0.07407407407408    0.37037037037038            24
    0.44444444444444    0.07407407407408    0.37037037037038            24
    0.11111111111112    0.11111111111112    0.37037037037038            12
    0.14814814814815    0.11111111111112    0.37037037037038            24
    0.18518518518518    0.11111111111112    0.37037037037038            24
    0.22222222222222    0.11111111111112    0.37037037037038            24
    0.25925925925926    0.11111111111112    0.37037037037038            24
    0.29629629629630    0.11111111111112    0.37037037037038            24
    0.33333333333334    0.11111111111112    0.37037037037038            24
    0.37037037037038    0.11111111111112    0.37037037037038            24
    0.40740740740741    0.11111111111112    0.37037037037038            24
    0.44444444444444    0.11111111111112    0.37037037037038            12
    0.14814814814815    0.14814814814815    0.37037037037038            12
    0.18518518518518    0.14814814814815    0.37037037037038            24
    0.22222222222222    0.14814814814815    0.37037037037038            24
    0.25925925925926    0.14814814814815    0.37037037037038            24
    0.29629629629630    0.14814814814815    0.37037037037038            24
    0.33333333333334    0.14814814814815    0.37037037037038            24
    0.37037037037038    0.14814814814815    0.37037037037038            24
    0.40740740740741    0.14814814814815    0.37037037037038            24
    0.18518518518518    0.18518518518518    0.37037037037038            12
    0.22222222222222    0.18518518518518    0.37037037037038            24
    0.25925925925926    0.18518518518518    0.37037037037038            24
    0.29629629629630    0.18518518518518    0.37037037037038            24
    0.33333333333334    0.18518518518518    0.37037037037038            24
    0.37037037037038    0.18518518518518    0.37037037037038            24
    0.40740740740741    0.18518518518518    0.37037037037038            12
    0.22222222222222    0.22222222222222    0.37037037037038            12
    0.25925925925926    0.22222222222222    0.37037037037038            24
    0.29629629629630    0.22222222222222    0.37037037037038            24
    0.33333333333334    0.22222222222222    0.37037037037038            24
    0.37037037037038    0.22222222222222    0.37037037037038            24
    0.25925925925926    0.25925925925926    0.37037037037038            12
    0.29629629629630    0.25925925925926    0.37037037037038            24
    0.33333333333334    0.25925925925926    0.37037037037038            24
    0.37037037037038    0.25925925925926    0.37037037037038            12
    0.29629629629630    0.29629629629630    0.37037037037038            12
    0.33333333333334    0.29629629629630    0.37037037037038            24
    0.33333333333334    0.33333333333334    0.37037037037038             4
    0.00000000000000    0.00000000000000    0.40740740740741             2
    0.03703703703704    0.00000000000000    0.40740740740741            12
    0.07407407407408    0.00000000000000    0.40740740740741            12
    0.11111111111112    0.00000000000000    0.40740740740741            12
    0.14814814814815    0.00000000000000    0.40740740740741            12
    0.18518518518518    0.00000000000000    0.40740740740741            12
    0.22222222222222    0.00000000000000    0.40740740740741            12
    0.25925925925926    0.00000000000000    0.40740740740741            12
    0.29629629629630    0.00000000000000    0.40740740740741            12
    0.33333333333334    0.00000000000000    0.40740740740741            12
    0.37037037037038    0.00000000000000    0.40740740740741            12
    0.40740740740741    0.00000000000000    0.40740740740741            12
    0.44444444444444    0.00000000000000    0.40740740740741            12
    0.48148148148148    0.00000000000000    0.40740740740741            12
    0.03703703703704    0.03703703703704    0.40740740740741            12
    0.07407407407408    0.03703703703704    0.40740740740741            24
    0.11111111111112    0.03703703703704    0.40740740740741            24
    0.14814814814815    0.03703703703704    0.40740740740741            24
    0.18518518518518    0.03703703703704    0.40740740740741            24
    0.22222222222222    0.03703703703704    0.40740740740741            24
    0.25925925925926    0.03703703703704    0.40740740740741            24
    0.29629629629630    0.03703703703704    0.40740740740741            24
    0.33333333333334    0.03703703703704    0.40740740740741            24
    0.37037037037038    0.03703703703704    0.40740740740741            24
    0.40740740740741    0.03703703703704    0.40740740740741            24
    0.44444444444444    0.03703703703704    0.40740740740741            24
    0.48148148148148    0.03703703703704    0.40740740740741            12
    0.07407407407408    0.07407407407408    0.40740740740741            12
    0.11111111111112    0.07407407407408    0.40740740740741            24
    0.14814814814815    0.07407407407408    0.40740740740741            24
    0.18518518518518    0.07407407407408    0.40740740740741            24
    0.22222222222222    0.07407407407408    0.40740740740741            24
    0.25925925925926    0.07407407407408    0.40740740740741            24
    0.29629629629630    0.07407407407408    0.40740740740741            24
    0.33333333333334    0.07407407407408    0.40740740740741            24
    0.37037037037038    0.07407407407408    0.40740740740741            24
    0.40740740740741    0.07407407407408    0.40740740740741            24
    0.44444444444444    0.07407407407408    0.40740740740741            24
    0.11111111111112    0.11111111111112    0.40740740740741            12
    0.14814814814815    0.11111111111112    0.40740740740741            24
    0.18518518518518    0.11111111111112    0.40740740740741            24
    0.22222222222222    0.11111111111112    0.40740740740741            24
    0.25925925925926    0.11111111111112    0.40740740740741            24
    0.29629629629630    0.11111111111112    0.40740740740741            24
    0.33333333333334    0.11111111111112    0.40740740740741            24
    0.37037037037038    0.11111111111112    0.40740740740741            24
    0.40740740740741    0.11111111111112    0.40740740740741            24
    0.44444444444444    0.11111111111112    0.40740740740741            12
    0.14814814814815    0.14814814814815    0.40740740740741            12
    0.18518518518518    0.14814814814815    0.40740740740741            24
    0.22222222222222    0.14814814814815    0.40740740740741            24
    0.25925925925926    0.14814814814815    0.40740740740741            24
    0.29629629629630    0.14814814814815    0.40740740740741            24
    0.33333333333334    0.14814814814815    0.40740740740741            24
    0.37037037037038    0.14814814814815    0.40740740740741            24
    0.40740740740741    0.14814814814815    0.40740740740741            24
    0.18518518518518    0.18518518518518    0.40740740740741            12
    0.22222222222222    0.18518518518518    0.40740740740741            24
    0.25925925925926    0.18518518518518    0.40740740740741            24
    0.29629629629630    0.18518518518518    0.40740740740741            24
    0.33333333333334    0.18518518518518    0.40740740740741            24
    0.37037037037038    0.18518518518518    0.40740740740741            24
    0.40740740740741    0.18518518518518    0.40740740740741            12
    0.22222222222222    0.22222222222222    0.40740740740741            12
    0.25925925925926    0.22222222222222    0.40740740740741            24
    0.29629629629630    0.22222222222222    0.40740740740741            24
    0.33333333333334    0.22222222222222    0.40740740740741            24
    0.37037037037038    0.22222222222222    0.40740740740741            24
    0.25925925925926    0.25925925925926    0.40740740740741            12
    0.29629629629630    0.25925925925926    0.40740740740741            24
    0.33333333333334    0.25925925925926    0.40740740740741            24
    0.37037037037038    0.25925925925926    0.40740740740741            12
    0.29629629629630    0.29629629629630    0.40740740740741            12
    0.33333333333334    0.29629629629630    0.40740740740741            24
    0.33333333333334    0.33333333333334    0.40740740740741             4
    0.00000000000000    0.00000000000000    0.44444444444444             2
    0.03703703703704    0.00000000000000    0.44444444444444            12
    0.07407407407408    0.00000000000000    0.44444444444444            12
    0.11111111111112    0.00000000000000    0.44444444444444            12
    0.14814814814815    0.00000000000000    0.44444444444444            12
    0.18518518518518    0.00000000000000    0.44444444444444            12
    0.22222222222222    0.00000000000000    0.44444444444444            12
    0.25925925925926    0.00000000000000    0.44444444444444            12
    0.29629629629630    0.00000000000000    0.44444444444444            12
    0.33333333333334    0.00000000000000    0.44444444444444            12
    0.37037037037038    0.00000000000000    0.44444444444444            12
    0.40740740740741    0.00000000000000    0.44444444444444            12
    0.44444444444444    0.00000000000000    0.44444444444444            12
    0.48148148148148    0.00000000000000    0.44444444444444            12
    0.03703703703704    0.03703703703704    0.44444444444444            12
    0.07407407407408    0.03703703703704    0.44444444444444            24
    0.11111111111112    0.03703703703704    0.44444444444444            24
    0.14814814814815    0.03703703703704    0.44444444444444            24
    0.18518518518518    0.03703703703704    0.44444444444444            24
    0.22222222222222    0.03703703703704    0.44444444444444            24
    0.25925925925926    0.03703703703704    0.44444444444444            24
    0.29629629629630    0.03703703703704    0.44444444444444            24
    0.33333333333334    0.03703703703704    0.44444444444444            24
    0.37037037037038    0.03703703703704    0.44444444444444            24
    0.40740740740741    0.03703703703704    0.44444444444444            24
    0.44444444444444    0.03703703703704    0.44444444444444            24
    0.48148148148148    0.03703703703704    0.44444444444444            12
    0.07407407407408    0.07407407407408    0.44444444444444            12
    0.11111111111112    0.07407407407408    0.44444444444444            24
    0.14814814814815    0.07407407407408    0.44444444444444            24
    0.18518518518518    0.07407407407408    0.44444444444444            24
    0.22222222222222    0.07407407407408    0.44444444444444            24
    0.25925925925926    0.07407407407408    0.44444444444444            24
    0.29629629629630    0.07407407407408    0.44444444444444            24
    0.33333333333334    0.07407407407408    0.44444444444444            24
    0.37037037037038    0.07407407407408    0.44444444444444            24
    0.40740740740741    0.07407407407408    0.44444444444444            24
    0.44444444444444    0.07407407407408    0.44444444444444            24
    0.11111111111112    0.11111111111112    0.44444444444444            12
    0.14814814814815    0.11111111111112    0.44444444444444            24
    0.18518518518518    0.11111111111112    0.44444444444444            24
    0.22222222222222    0.11111111111112    0.44444444444444            24
    0.25925925925926    0.11111111111112    0.44444444444444            24
    0.29629629629630    0.11111111111112    0.44444444444444            24
    0.33333333333334    0.11111111111112    0.44444444444444            24
    0.37037037037038    0.11111111111112    0.44444444444444            24
    0.40740740740741    0.11111111111112    0.44444444444444            24
    0.44444444444444    0.11111111111112    0.44444444444444            12
    0.14814814814815    0.14814814814815    0.44444444444444            12
    0.18518518518518    0.14814814814815    0.44444444444444            24
    0.22222222222222    0.14814814814815    0.44444444444444            24
    0.25925925925926    0.14814814814815    0.44444444444444            24
    0.29629629629630    0.14814814814815    0.44444444444444            24
    0.33333333333334    0.14814814814815    0.44444444444444            24
    0.37037037037038    0.14814814814815    0.44444444444444            24
    0.40740740740741    0.14814814814815    0.44444444444444            24
    0.18518518518518    0.18518518518518    0.44444444444444            12
    0.22222222222222    0.18518518518518    0.44444444444444            24
    0.25925925925926    0.18518518518518    0.44444444444444            24
    0.29629629629630    0.18518518518518    0.44444444444444            24
    0.33333333333334    0.18518518518518    0.44444444444444            24
    0.37037037037038    0.18518518518518    0.44444444444444            24
    0.40740740740741    0.18518518518518    0.44444444444444            12
    0.22222222222222    0.22222222222222    0.44444444444444            12
    0.25925925925926    0.22222222222222    0.44444444444444            24
    0.29629629629630    0.22222222222222    0.44444444444444            24
    0.33333333333334    0.22222222222222    0.44444444444444            24
    0.37037037037038    0.22222222222222    0.44444444444444            24
    0.25925925925926    0.25925925925926    0.44444444444444            12
    0.29629629629630    0.25925925925926    0.44444444444444            24
    0.33333333333334    0.25925925925926    0.44444444444444            24
    0.37037037037038    0.25925925925926    0.44444444444444            12
    0.29629629629630    0.29629629629630    0.44444444444444            12
    0.33333333333334    0.29629629629630    0.44444444444444            24
    0.33333333333334    0.33333333333334    0.44444444444444             4
    0.00000000000000    0.00000000000000    0.48148148148148             2
    0.03703703703704    0.00000000000000    0.48148148148148            12
    0.07407407407408    0.00000000000000    0.48148148148148            12
    0.11111111111112    0.00000000000000    0.48148148148148            12
    0.14814814814815    0.00000000000000    0.48148148148148            12
    0.18518518518518    0.00000000000000    0.48148148148148            12
    0.22222222222222    0.00000000000000    0.48148148148148            12
    0.25925925925926    0.00000000000000    0.48148148148148            12
    0.29629629629630    0.00000000000000    0.48148148148148            12
    0.33333333333334    0.00000000000000    0.48148148148148            12
    0.37037037037038    0.00000000000000    0.48148148148148            12
    0.40740740740741    0.00000000000000    0.48148148148148            12
    0.44444444444444    0.00000000000000    0.48148148148148            12
    0.48148148148148    0.00000000000000    0.48148148148148            12
    0.03703703703704    0.03703703703704    0.48148148148148            12
    0.07407407407408    0.03703703703704    0.48148148148148            24
    0.11111111111112    0.03703703703704    0.48148148148148            24
    0.14814814814815    0.03703703703704    0.48148148148148            24
    0.18518518518518    0.03703703703704    0.48148148148148            24
    0.22222222222222    0.03703703703704    0.48148148148148            24
    0.25925925925926    0.03703703703704    0.48148148148148            24
    0.29629629629630    0.03703703703704    0.48148148148148            24
    0.33333333333334    0.03703703703704    0.48148148148148            24
    0.37037037037038    0.03703703703704    0.48148148148148            24
    0.40740740740741    0.03703703703704    0.48148148148148            24
    0.44444444444444    0.03703703703704    0.48148148148148            24
    0.48148148148148    0.03703703703704    0.48148148148148            12
    0.07407407407408    0.07407407407408    0.48148148148148            12
    0.11111111111112    0.07407407407408    0.48148148148148            24
    0.14814814814815    0.07407407407408    0.48148148148148            24
    0.18518518518518    0.07407407407408    0.48148148148148            24
    0.22222222222222    0.07407407407408    0.48148148148148            24
    0.25925925925926    0.07407407407408    0.48148148148148            24
    0.29629629629630    0.07407407407408    0.48148148148148            24
    0.33333333333334    0.07407407407408    0.48148148148148            24
    0.37037037037038    0.07407407407408    0.48148148148148            24
    0.40740740740741    0.07407407407408    0.48148148148148            24
    0.44444444444444    0.07407407407408    0.48148148148148            24
    0.11111111111112    0.11111111111112    0.48148148148148            12
    0.14814814814815    0.11111111111112    0.48148148148148            24
    0.18518518518518    0.11111111111112    0.48148148148148            24
    0.22222222222222    0.11111111111112    0.48148148148148            24
    0.25925925925926    0.11111111111112    0.48148148148148            24
    0.29629629629630    0.11111111111112    0.48148148148148            24
    0.33333333333334    0.11111111111112    0.48148148148148            24
    0.37037037037038    0.11111111111112    0.48148148148148            24
    0.40740740740741    0.11111111111112    0.48148148148148            24
    0.44444444444444    0.11111111111112    0.48148148148148            12
    0.14814814814815    0.14814814814815    0.48148148148148            12
    0.18518518518518    0.14814814814815    0.48148148148148            24
    0.22222222222222    0.14814814814815    0.48148148148148            24
    0.25925925925926    0.14814814814815    0.48148148148148            24
    0.29629629629630    0.14814814814815    0.48148148148148            24
    0.33333333333334    0.14814814814815    0.48148148148148            24
    0.37037037037038    0.14814814814815    0.48148148148148            24
    0.40740740740741    0.14814814814815    0.48148148148148            24
    0.18518518518518    0.18518518518518    0.48148148148148            12
    0.22222222222222    0.18518518518518    0.48148148148148            24
    0.25925925925926    0.18518518518518    0.48148148148148            24
    0.29629629629630    0.18518518518518    0.48148148148148            24
    0.33333333333334    0.18518518518518    0.48148148148148            24
    0.37037037037038    0.18518518518518    0.48148148148148            24
    0.40740740740741    0.18518518518518    0.48148148148148            12
    0.22222222222222    0.22222222222222    0.48148148148148            12
    0.25925925925926    0.22222222222222    0.48148148148148            24
    0.29629629629630    0.22222222222222    0.48148148148148            24
    0.33333333333334    0.22222222222222    0.48148148148148            24
    0.37037037037038    0.22222222222222    0.48148148148148            24
    0.25925925925926    0.25925925925926    0.48148148148148            12
    0.29629629629630    0.25925925925926    0.48148148148148            24
    0.33333333333334    0.25925925925926    0.48148148148148            24
    0.37037037037038    0.25925925925926    0.48148148148148            12
    0.29629629629630    0.29629629629630    0.48148148148148            12
    0.33333333333334    0.29629629629630    0.48148148148148            24
    0.33333333333334    0.33333333333334    0.48148148148148             4
