    2   36    8
  9.013  1.000
    1    1  0.0150  0.0000  0.0000
 -0.073961342588   0.000000000000  -0.000000605272
 -0.007607751167  -0.000002498519   0.000005713513
 -0.007607751167   0.000002498519   0.000005713513
  0.043898894410   0.000000000000  -0.014554348141
  0.004428818743   0.002496564236  -0.006516415683
  0.004428818743  -0.002496564236  -0.006516415683
  0.043903442454   0.000000000000   0.014564637344
  0.004435099455  -0.002500571718   0.006530213603
  0.004435099455   0.002500571718   0.006530213603
  0.005549246109  -0.001874358477  -0.000283797803
  0.004574043941   0.000000000000   0.000486336795
  0.005549246109   0.001874358477  -0.000283797803
  0.007234844373  -0.000001900600  -0.000025249897
 -0.001583206491   0.000000000000  -0.000027113953
  0.007234844373   0.000001900600  -0.000025249897
  0.005555835429   0.001874255052   0.000238959339
  0.004576949903   0.000000000000  -0.000536821719
  0.005555835429  -0.001874255052   0.000238959339
  0.001598018556   0.000000000000   0.000304965328
  0.000521960820  -0.000056221549  -0.000442769557
  0.000521960820   0.000056221549  -0.000442769557
  0.001601946570   0.000000000000  -0.000287265296
  0.000523124082   0.000053090234   0.000461725709
  0.000523124082  -0.000053090234   0.000461725709
 -0.000363836025   0.000000000000   0.000009138777
  0.000401854422  -0.000000527622   0.000009003886
  0.000401854422   0.000000527622   0.000009003886
 -0.011431024401  -0.008001423026   0.011649330007
  0.002703603484   0.000000000000   0.000192996656
 -0.011431024401   0.008001423026   0.011649330007
 -0.011478760415  -0.000000549626   0.000007155715
 -0.003014294149   0.000000000000   0.000009509896
 -0.011478760415   0.000000549626   0.000007155715
 -0.011447519616   0.008007794090  -0.011626288303
  0.002694324269   0.000000000000  -0.000176591472
 -0.011447519616  -0.008007794090  -0.011626288303
    1    2  0.0000  0.0000  0.0150
 -0.000000000000  -0.000000000000  -0.024723778263
 -0.000000000000   0.014542756424  -0.001235363377
 -0.000000000000  -0.014542756424  -0.001235363377
  0.014542756424  -0.000000000000  -0.001235363377
  0.006505546311   0.006505546311  -0.009698474550
  0.006505546311  -0.006505546311  -0.009698474550
 -0.014542756424  -0.000000000000  -0.001235363377
 -0.006505546311   0.006505546311  -0.009698474550
 -0.006505546311  -0.006505546311  -0.009698474550
 -0.004534048352  -0.004534048352   0.007157706029
  0.001882287717  -0.000000000000   0.003455603229
 -0.004534048352   0.004534048352   0.007157706029
 -0.000000000000   0.001882287717   0.003455603229
 -0.000000000000  -0.000000000000  -0.001729680979
 -0.000000000000  -0.001882287717   0.003455603229
  0.004534048352  -0.004534048352   0.007157706029
 -0.001882287717  -0.000000000000   0.003455603229
  0.004534048352   0.004534048352   0.007157706029
  0.000391812052  -0.000000000000   0.001468104359
  0.002145578645   0.002145578645  -0.001836215385
  0.002145578645  -0.002145578645  -0.001836215385
 -0.000391812052  -0.000000000000   0.001468104359
 -0.002145578645   0.002145578645  -0.001836215385
 -0.002145578645  -0.002145578645  -0.001836215385
 -0.000000000000  -0.000000000000   0.003118934937
 -0.000000000000   0.000391812052   0.001468104359
 -0.000000000000  -0.000391812052   0.001468104359
 -0.006911238146  -0.006911238146   0.005025375051
  0.001552119937  -0.000000000000   0.001553140863
 -0.006911238146   0.006911238146   0.005025375051
 -0.000000000000   0.001552119937   0.001553140863
 -0.000000000000  -0.000000000000  -0.000224980570
 -0.000000000000  -0.001552119937   0.001553140863
  0.006911238146  -0.006911238146   0.005025375051
 -0.001552119937  -0.000000000000   0.001553140863
  0.006911238146   0.006911238146   0.005025375051
   10    1  0.0150  0.0000  0.0000
  0.005573272359  -0.001874911160  -0.004566942953
  0.005573272359   0.001874911160  -0.004566942953
  0.004540220458   0.000000000000   0.001865390169
  0.005575003251   0.001876667974   0.004532936811
  0.005575003251  -0.001876667974   0.004532936811
  0.004543575573   0.000000000000  -0.001902017220
  0.007175338247   0.000002028608  -0.000019570556
  0.007175338247  -0.000002028608  -0.000019570556
 -0.001539603774   0.000000000000  -0.000021199798
 -0.122554740404   0.000000000000   0.000085182997
 -0.002742610199   0.000003244937   0.000082230398
 -0.002742610199  -0.000003244937   0.000082230398
  0.031880808972   0.000000000000  -0.003090548819
 -0.000591070884  -0.000276830905  -0.001338868953
 -0.000591070884   0.000276830905  -0.001338868953
  0.031881386251   0.000000000000   0.003257097063
 -0.000594682745   0.000279113622   0.001507263681
 -0.000594682745  -0.000279113622   0.001507263681
  0.008978883270  -0.001327702630  -0.006595144025
  0.008978883270   0.001327702630  -0.006595144025
  0.000479377265   0.000000000000  -0.000385194163
  0.005516525427  -0.000000031591  -0.000034116759
  0.005516525427   0.000000031591  -0.000034116759
 -0.000041743802   0.000000000000  -0.000034735921
  0.008974487011   0.001329112241   0.006526322449
  0.008974487011  -0.001329112241   0.006526322449
  0.000479575058   0.000000000000   0.000317334234
 -0.006104530770   0.000000000000  -0.000033266231
 -0.002729925013  -0.000000039614  -0.000032253260
 -0.002729925013   0.000000039614  -0.000032253260
  0.000242011364   0.000000000000  -0.001120105665
 -0.003580430192   0.000840297860   0.000390516516
 -0.003580430192  -0.000840297860   0.000390516516
  0.000237281924   0.000000000000   0.001057924553
 -0.003576599590  -0.000836391105  -0.000450303948
 -0.003576599590   0.000836391105  -0.000450303948
   10    2  0.0000  0.0000  0.0150
 -0.000246636864  -0.000246636864   0.007164752385
 -0.000246636864   0.000246636864   0.007164752385
  0.000556834567   0.000000000000   0.003450575166
  0.000246636864  -0.000246636864   0.007164752385
  0.000246636864   0.000246636864   0.007164752385
 -0.000556834567   0.000000000000   0.003450575166
 -0.000000000000   0.000556834567   0.003450575166
 -0.000000000000  -0.000556834567   0.003450575166
 -0.000000000000   0.000000000000  -0.001717312102
 -0.000000000000   0.000000000000  -0.113343611328
 -0.000000000000   0.003146287053   0.007601340410
 -0.000000000000  -0.003146287053   0.007601340410
  0.003146287053   0.000000000000   0.007601340410
  0.001391970983   0.001391970983  -0.003409399474
  0.001391970983  -0.001391970983  -0.003409399474
 -0.003146287053   0.000000000000   0.007601340410
 -0.001391970983   0.001391970983  -0.003409399474
 -0.001391970983  -0.001391970983  -0.003409399474
 -0.008691290252   0.008691290252   0.009584603590
 -0.008691290252  -0.008691290252   0.009584603590
 -0.000535655989   0.000000000000   0.002616199000
 -0.000000000000   0.000535655989   0.002616199000
 -0.000000000000  -0.000535655989   0.002616199000
 -0.000000000000   0.000000000000   0.000350268527
  0.008691290252   0.008691290252   0.009584603590
  0.008691290252  -0.008691290252   0.009584603590
  0.000535655989   0.000000000000   0.002616199000
 -0.000000000000   0.000000000000   0.014380131056
 -0.000000000000   0.002488187213  -0.001444539312
 -0.000000000000  -0.002488187213  -0.001444539312
  0.002488187213   0.000000000000  -0.001444539312
  0.001141229694   0.001141229694  -0.000480900804
  0.001141229694  -0.001141229694  -0.000480900804
 -0.002488187213   0.000000000000  -0.001444539312
 -0.001141229694   0.001141229694  -0.000480900804
 -0.001141229694  -0.001141229694  -0.000480900804
   19    1  0.0150  0.0000  0.0000
  0.001579144045   0.000000000000   0.000487237075
  0.000522423492   0.000066474026   0.002204777026
  0.000522423492  -0.000066474026   0.002204777026
 -0.000327435693   0.000000000000   0.000031247264
  0.000398286588  -0.000002982680   0.000032785181
  0.000398286588   0.000002982680   0.000032785181
  0.001576940323   0.000000000000  -0.000422326519
  0.000515445346  -0.000071968772  -0.002136195999
  0.000515445346   0.000071968772  -0.002136195999
  0.008974916080  -0.001330065150  -0.008811959596
  0.000503775459   0.000000000000  -0.000666127869
  0.008974916080   0.001330065150  -0.008811959596
  0.008974442254   0.001326415565   0.008551342817
  0.000499189199   0.000000000000   0.000404127562
  0.008974442254  -0.001326415565   0.008551342817
  0.005519300625  -0.000001333138  -0.000132901798
 -0.000074269458   0.000000000000  -0.000136528468
  0.005519300625   0.000001333138  -0.000132901798
 -0.118556721089   0.000000000000   0.000050996588
 -0.004825238820   0.000002027018   0.000051761357
 -0.004825238820  -0.000002027018   0.000051761357
  0.048113471814   0.000000000000   0.003435544490
 -0.003447730952  -0.003641248834  -0.002587364729
 -0.003447730952   0.003641248834  -0.002587364729
  0.048108045719   0.000000000000  -0.003331723888
 -0.003448602814   0.003636488097   0.002693055779
 -0.003448602814  -0.003636488097   0.002693055779
 -0.001576327992  -0.000181224737  -0.000405787480
  0.000448765130   0.000000000000  -0.000716205316
 -0.001576327992   0.000181224737  -0.000405787480
 -0.001582892349   0.000179716280   0.000501652363
  0.000450966480   0.000000000000   0.000807192574
 -0.001582892349  -0.000179716280   0.000501652363
 -0.001565513146   0.000001243691   0.000044300238
  0.000761111448   0.000000000000   0.000045636192
 -0.001565513146  -0.000001243691   0.000044300238
   19    2  0.0000  0.0000  0.0150
  0.000355964276  -0.000000000000   0.001435899221
 -0.000434879979   0.000434879979  -0.001829239416
 -0.000434879979  -0.000434879979  -0.001829239416
 -0.000000000000  -0.000000000000   0.003051830149
 -0.000000000000  -0.000355964276   0.001435899221
 -0.000000000000   0.000355964276   0.001435899221
 -0.000355964276  -0.000000000000   0.001435899221
  0.000434879979   0.000434879979  -0.001829239416
  0.000434879979  -0.000434879979  -0.001829239416
 -0.006551795601   0.006551795601   0.009663156448
 -0.000329328489  -0.000000000000   0.002638516472
 -0.006551795601  -0.006551795601   0.009663156448
  0.006551795601   0.006551795601   0.009663156448
  0.000329328489  -0.000000000000   0.002638516472
  0.006551795601  -0.006551795601   0.009663156448
 -0.000000000000   0.000329328489   0.002638516472
 -0.000000000000  -0.000000000000   0.000368950896
 -0.000000000000  -0.000329328489   0.002638516472
 -0.000000000000  -0.000000000000  -0.068994485453
 -0.000000000000  -0.003420229112   0.002042418700
 -0.000000000000   0.003420229112   0.002042418700
 -0.003420229112  -0.000000000000   0.002042418700
  0.002636574392   0.002636574392   0.001242791483
  0.002636574392  -0.002636574392   0.001242791483
  0.003420229112  -0.000000000000   0.002042418700
 -0.002636574392   0.002636574392   0.001242791483
 -0.002636574392  -0.002636574392   0.001242791483
  0.000179043382  -0.000179043382   0.001232713975
  0.000696040026  -0.000000000000  -0.000287311934
  0.000179043382   0.000179043382   0.001232713975
 -0.000179043382  -0.000179043382   0.001232713975
 -0.000696040026  -0.000000000000  -0.000287311934
 -0.000179043382   0.000179043382   0.001232713975
 -0.000000000000  -0.000696040026  -0.000287311934
 -0.000000000000  -0.000000000000   0.001017924613
 -0.000000000000   0.000696040026  -0.000287311934
   28    1  0.0150  0.0000  0.0000
 -0.011342189535  -0.007993592120  -0.006829794364
 -0.011342189535   0.007993592120  -0.006829794364
  0.002660910327   0.000000000000   0.001575215268
 -0.011324955995   0.007988447052   0.006901458506
 -0.011324955995  -0.007988447052   0.006901458506
  0.002652303903   0.000000000000  -0.001493053610
 -0.011607172532  -0.000000142628   0.000040208235
 -0.011607172532   0.000000142628   0.000040208235
 -0.002936005347   0.000000000000   0.000044562570
 -0.006040168158   0.000000000000  -0.000152743292
 -0.002714840164  -0.000005808525  -0.000145669658
 -0.002714840164   0.000005808525  -0.000145669658
  0.000177985419   0.000000000000  -0.002582616653
 -0.003584435323   0.000850277487  -0.001293775993
 -0.003584435323  -0.000850277487  -0.001293775993
  0.000181620156   0.000000000000   0.002282294742
 -0.003577126040  -0.000858433793   0.000998180218
 -0.003577126040   0.000858433793   0.000998180218
 -0.001579288751  -0.000183746737   0.000221632452
 -0.001579288751   0.000183746737   0.000221632452
  0.000445980727   0.000000000000   0.000762479342
 -0.001563122256  -0.000003887277   0.000059576369
 -0.001563122256   0.000003887277   0.000059576369
  0.000742230243   0.000000000000   0.000057012067
 -0.001575453714   0.000187233336  -0.000095300231
 -0.001575453714  -0.000187233336  -0.000095300231
  0.000436586022   0.000000000000  -0.000642749383
  0.017864917105   0.000000000000   0.000047317652
 -0.004490260465   0.000006074624   0.000049154019
 -0.004490260465  -0.000006074624   0.000049154019
  0.035080446109   0.000000000000  -0.003998760348
  0.005084816771   0.002645496761  -0.000015852863
  0.005084816771  -0.002645496761  -0.000015852863
  0.035097884809   0.000000000000   0.004095953394
  0.005091682346  -0.002653821674   0.000112727434
  0.005091682346   0.002653821674   0.000112727434
   28    2  0.0000  0.0000  0.0150
  0.011682297593   0.011682297593   0.005055244668
  0.011682297593  -0.011682297593   0.005055244668
  0.000214169468   0.000000000000   0.001588926430
 -0.011682297593   0.011682297593   0.005055244668
 -0.011682297593  -0.011682297593   0.005055244668
 -0.000214169468   0.000000000000   0.001588926430
 -0.000000000000   0.000214169468   0.001588926430
 -0.000000000000  -0.000214169468   0.001588926430
 -0.000000000000   0.000000000000  -0.000204727619
 -0.000000000000   0.000000000000   0.014281549622
 -0.000000000000   0.001054748337  -0.001469427138
 -0.000000000000  -0.001054748337  -0.001469427138
  0.001054748337   0.000000000000  -0.001469427138
 -0.000428281218  -0.000428281218  -0.000473818716
 -0.000428281218   0.000428281218  -0.000473818716
 -0.001054748337   0.000000000000  -0.001469427138
  0.000428281218  -0.000428281218  -0.000473818716
  0.000428281218   0.000428281218  -0.000473818716
 -0.000455898233   0.000455898233   0.001278422695
 -0.000455898233  -0.000455898233   0.001278422695
 -0.000765953644   0.000000000000  -0.000265508718
 -0.000000000000   0.000765953644  -0.000265508718
 -0.000000000000  -0.000765953644  -0.000265508718
 -0.000000000000   0.000000000000   0.001032936971
  0.000455898233   0.000455898233   0.001278422695
  0.000455898233  -0.000455898233   0.001278422695
  0.000765953644   0.000000000000  -0.000265508718
 -0.000000000000   0.000000000000  -0.032697726122
 -0.000000000000   0.004043100449  -0.001631031590
 -0.000000000000  -0.004043100449  -0.001631031590
  0.004043100449   0.000000000000  -0.001631031590
  0.000057317300   0.000057317300   0.000314184156
  0.000057317300  -0.000057317300   0.000314184156
 -0.004043100449   0.000000000000  -0.001631031590
 -0.000057317300   0.000057317300   0.000314184156
 -0.000057317300  -0.000057317300   0.000314184156
