    1  150    8
  9.013
    1    1  0.0150  0.0000  0.0000
 -0.132775285552  -0.000001077612  -0.000002009656
  0.000847150448  -0.000224223240  -0.000030392173
 -0.000242752995   0.000703541232  -0.000142072096
 -0.000240639676   0.000189272554  -0.000045074956
  0.000844442532  -0.001159831281  -0.000506894790
  0.002010421037   0.000473609102  -0.000480451349
  0.000846624619   0.000223371524   0.000027522537
  0.000110028279   0.000000542918  -0.000000668801
 -0.000113924420   0.000299974516   0.000036630428
  0.000678329578  -0.000331725663   0.000019702934
 -0.001012531647   0.000255791711   0.000095586529
  0.000684532751   0.000327212987   0.000221399857
 -0.000242536067  -0.000702962396   0.000141522351
 -0.000113942717  -0.000300316524  -0.000037453312
 -0.000629239023   0.000000122626  -0.000000190660
 -0.001013055998  -0.000255633318  -0.000095558541
 -0.000625376340   0.000000247507  -0.000000041356
 -0.000111783585  -0.000297876987   0.000021029745
 -0.000241173376  -0.000189675254   0.000044421861
  0.000677141292   0.000331744948  -0.000020677769
  0.002011627303  -0.000473614791   0.000476869544
  0.000684625106  -0.000327011448  -0.000222810590
 -0.000111732695   0.000298275510  -0.000021844383
  0.000117741067  -0.000000628588  -0.000000926968
  0.000843939358   0.001159516848   0.000501037054
  0.021121179224  -0.012670396488   0.014931312333
 -0.000847822424   0.000000315668   0.000004852718
  0.000005015081   0.000995007115  -0.000015425312
  0.000120688721  -0.000189404274  -0.000063766721
 -0.000113680203   0.000869639250  -0.000000447810
 -0.001668915247   0.000165416522   0.000024024498
  0.000745346506   0.000714631639   0.000262165384
  0.000005672343  -0.000993436037   0.000024617490
 -0.000013730446  -0.000000053600   0.000004619740
 -0.000146041230   0.000072911062  -0.000074930141
  0.000453451389   0.000000053761   0.000004722092
 -0.000147708625   0.000238117111  -0.000114155329
  0.000051252468  -0.000213364740  -0.000039706300
  0.000120641008   0.000189599228   0.000072835458
 -0.000145239431  -0.000072430554   0.000084353354
 -0.001671280597  -0.000166411843  -0.000014313831
 -0.000147324005  -0.000238331632   0.000123807807
  0.000131616753  -0.000000144491   0.000004740959
 -0.000069679345   0.000050175119   0.000078114043
 -0.000115085174  -0.000871102008   0.000009765609
  0.021119944841   0.012671936945  -0.014923126378
  0.000746033251  -0.000714913921  -0.000252490061
  0.000051203136   0.000213668453   0.000049522581
 -0.000069332365  -0.000050442291  -0.000069140966
 -0.000493836068  -0.000000359685   0.000004132871
  0.000805034867  -0.000001627593  -0.000003488478
  0.019335629892  -0.010672193560   0.015236257192
  0.000153832968  -0.000724212059   0.000489832367
 -0.000111974745  -0.000100461991   0.000082129517
 -0.000312795698  -0.000258707367  -0.000061528432
 -0.000389359348   0.000700319476   0.001367184227
  0.019336022419   0.010672567120  -0.015238042089
  0.000826387849  -0.000000561932  -0.000002583746
  0.000286958373  -0.000008113690   0.000250369930
  0.000280274176  -0.000164154769  -0.000336668879
  0.000432125325   0.000087620150  -0.000594434215
  0.000776723769   0.000175573698  -0.000552577800
  0.000153581364   0.000723465534  -0.000492407943
  0.000287232241   0.000008056337  -0.000253808729
  0.000668316812   0.000000045843  -0.000001766276
  0.000432093883  -0.000087393949   0.000592597152
  0.000067578053   0.000000054669  -0.000001427177
  0.000010516133   0.000117398396   0.000168524435
 -0.000111480021   0.000100428535  -0.000085305046
  0.000280182551   0.000163200739   0.000334695665
 -0.000388868521  -0.000700534080  -0.001372583751
  0.000776843661  -0.000175434578   0.000550061773
  0.000010455505  -0.000117516718  -0.000170387703
 -0.000193610786  -0.000000233288  -0.000002054590
 -0.000312716174   0.000259213322   0.000058298395
  0.013610248903  -0.004223202737  -0.005781722219
  0.006240247549   0.000001421417  -0.000007363581
 -0.000204162776  -0.000722276121   0.000202608530
 -0.000070604348   0.000020620898   0.000133077305
  0.000200904894  -0.000645883206  -0.000706744184
  0.001192826242  -0.000392016565  -0.000920573336
 -0.001302434719  -0.001293818204   0.000114361316
 -0.000204158061   0.000722362836  -0.000215502032
 -0.000185874280   0.000000200641  -0.000006245519
  0.000120957344  -0.000177564774   0.000174317502
 -0.000104331984  -0.000000236770  -0.000005962115
  0.000633158719  -0.000047850262  -0.000138427911
  0.000157396689   0.000206558095  -0.000139905561
 -0.000070693059  -0.000020534649  -0.000145389652
  0.000120588260   0.000177330728  -0.000186623639
  0.001193538264   0.000392009784   0.000908234702
  0.000633113923   0.000048625466   0.000126127090
  0.000735919278   0.000000098604  -0.000005729953
  0.000254203027   0.000281579023  -0.000009016479
  0.000202415232   0.000646663565   0.000694383101
  0.013609959573   0.004222675143   0.005766274851
 -0.001302993458   0.001294434882  -0.000129331952
  0.000156807437  -0.000205925537   0.000127693346
  0.000254045918  -0.000282576893  -0.000003676583
  0.000946715157   0.000001251875  -0.000006805796
  0.003208778428  -0.000000208760  -0.000003293321
  0.000275929264  -0.000931151172   0.000812631768
  0.000186243290  -0.000298775713   0.000292528287
  0.000193152116   0.000563819755   0.000008776720
  0.000271115714  -0.002009496734  -0.000015073077
  0.002809262520   0.000539500777  -0.000823427818
  0.000275640332   0.000932694052  -0.000814053469
  0.000643448957  -0.000000089270  -0.000000617729
 -0.000366652851   0.000065538013  -0.000068337704
 -0.000371494717   0.000587822674   0.000021823432
 -0.000035233312  -0.000441517922  -0.000283355397
 -0.000378758555  -0.000591307353  -0.000197748108
  0.000186076215   0.000299858468  -0.000293036742
 -0.000366727378  -0.000065535380   0.000067040465
 -0.000480684074  -0.000000207810  -0.000000321450
 -0.000035657085   0.000441469791   0.000283182394
 -0.000475827050  -0.000000047646  -0.000000284796
 -0.000366985419  -0.000064465918  -0.000037995230
  0.000192894719  -0.000564418188  -0.000009585066
 -0.000371767512  -0.000587819046  -0.000023067230
  0.002808313183  -0.000540863480   0.000821530426
 -0.000378604907   0.000591292684   0.000197021651
 -0.000366834432   0.000064906798   0.000037688793
  0.000641669543  -0.000000594214  -0.000001104308
  0.000270755232   0.002010125456   0.000014202593
  0.000225347268   0.000015276290  -0.002719665945
  0.000245511776   0.000000079082   0.000004090057
  0.000338838197   0.000207689095  -0.000109020067
  0.000162208846  -0.000014267403  -0.000056255522
 -0.000296446557   0.000319739305   0.000501096628
 -0.000441496111   0.000497572847   0.000619641759
 -0.000220265109  -0.000117337579  -0.000391606717
  0.000338215137  -0.000208874561   0.000118770069
 -0.000165897345   0.000000049909   0.000004911704
  0.000044503530  -0.000122941005  -0.000121128106
  0.000189014905  -0.000000011622   0.000004944691
  0.000143662810   0.000007874893   0.000190661729
 -0.000078850538   0.000057831444   0.000114836948
  0.000161914682   0.000013851475   0.000066471490
  0.000043844079   0.000122187224   0.000131036965
 -0.000440224405  -0.000496608440  -0.000609192732
  0.000143033172  -0.000007772086  -0.000180504822
  0.000241135467   0.000000163030   0.000004965115
 -0.000022886136   0.000162763632  -0.000068186656
 -0.000295655867  -0.000318884896  -0.000490389030
  0.000225578344  -0.000016148204   0.002726671614
 -0.000219315167   0.000117182303   0.000401294883
 -0.000078841307  -0.000057455329  -0.000104728633
 -0.000023438425  -0.000163051267   0.000078056217
 -0.000009320579   0.000000489338   0.000004420718
    1    2  0.0000  0.0000  0.0150
 -0.000000000000  -0.000000000000  -0.147874810888
 -0.000469165551   0.000221385733   0.000808737928
 -0.000058994886  -0.000137854126   0.000069683968
 -0.000148882639   0.000017835981   0.000069683968
 -0.000042857008  -0.000517002096   0.000808737928
  0.000426308405   0.000295616363   0.000808737928
  0.000469165492   0.000221385733   0.000808737928
  0.000000000028  -0.000213436051  -0.000136455975
 -0.000024197640  -0.000013970514  -0.000027036100
 -0.000184841071   0.000106718026  -0.000136455975
 -0.000089887748   0.000120018145   0.000069683968
  0.000014312217   0.000008263162  -0.000150231373
  0.000058994923  -0.000137854126   0.000069683968
  0.000024197644  -0.000013970514  -0.000027036100
 -0.000000000004   0.000027941028  -0.000027036100
  0.000089887716   0.000120018145   0.000069683968
  0.000000000006  -0.000042463183  -0.000041007962
 -0.000036774201   0.000021231592  -0.000041007962
  0.000148882634   0.000017835981   0.000069683968
  0.000184841043   0.000106718026  -0.000136455975
 -0.000426308484   0.000295616363   0.000808737928
 -0.000014312219   0.000008263162  -0.000150231373
  0.000036774195   0.000021231592  -0.000041007962
  0.000000000002  -0.000016526324  -0.000150231373
  0.000042857146  -0.000517002096   0.000808737928
  0.017900133605  -0.010334645366   0.012535511791
 -0.000000002752   0.020669290733   0.012535511791
 -0.000016847731  -0.000628370771   0.000229643916
 -0.000024101544  -0.000013915033   0.000080557964
 -0.000552609040   0.000299594751   0.000229643916
 -0.000535761229   0.000328776020   0.000229643916
  0.001259946626   0.000727430524  -0.000162179456
  0.000016847898  -0.000628370771   0.000229643916
 -0.000000000003   0.000023608661  -0.000124538049
  0.000020445703  -0.000011804330  -0.000124538049
 -0.000000000004   0.000027830066   0.000080557964
 -0.000141971714   0.000032215418  -0.000010356500
 -0.000043086464  -0.000139058807  -0.000010356500
  0.000024101548  -0.000013915033   0.000080557964
 -0.000020445700  -0.000011804330  -0.000124538049
  0.000535761142   0.000328776020   0.000229643916
  0.000141971706   0.000032215418  -0.000010356500
  0.000000000000  -0.000000000000  -0.000113326372
  0.000098885213   0.000106843389  -0.000010356500
  0.000552608960   0.000299594751   0.000229643916
 -0.017900130853  -0.010334645366   0.012535511791
 -0.001259946820   0.000727430524  -0.000162179456
  0.000043086501  -0.000139058807  -0.000010356500
 -0.000098885241   0.000106843389  -0.000010356500
  0.000000000194  -0.001454861048  -0.000162179456
 -0.000000001080   0.008111861432   0.005462202456
  0.007025079152  -0.004055930716   0.005462202456
 -0.000291723704   0.000455790221   0.000044362929
  0.000032693284   0.000018875476  -0.000000007442
  0.000248864182  -0.000480535177   0.000044362929
  0.001492461279  -0.000861672789  -0.000184596635
 -0.007025078072  -0.004055930716   0.005462202456
 -0.000000000229   0.001723345577  -0.000184596635
  0.000166956602   0.000437809002   0.000105217566
  0.000462632086  -0.000074315803   0.000105217566
  0.000295675465  -0.000363493199   0.000105217566
  0.000540587759   0.000024744957   0.000044362929
  0.000291723583   0.000455790221   0.000044362929
 -0.000166956719   0.000437809002   0.000105217566
  0.000000000000  -0.000000000000   0.000128785046
 -0.000295675368  -0.000363493199   0.000105217566
  0.000000000005  -0.000037750952  -0.000000007442
  0.000057199018   0.000033023869  -0.000028648701
 -0.000032693289   0.000018875476  -0.000000007442
 -0.000462632067  -0.000074315803   0.000105217566
 -0.001492461049  -0.000861672789  -0.000184596635
 -0.000540587765   0.000024744957   0.000044362929
 -0.000057199027   0.000033023869  -0.000028648701
  0.000000000009  -0.000066047737  -0.000028648701
 -0.000248864054  -0.000480535177   0.000044362929
 -0.006376768617   0.003681628511   0.009340717112
  0.000000000980  -0.007363257023   0.009340717112
 -0.000104516665   0.000763586302  -0.000043117996
  0.000042691715   0.000024648073  -0.000115571490
  0.000609026968  -0.000472307143  -0.000043117996
  0.000713543507  -0.000291279159  -0.000043117996
  0.000367872267   0.000212391153  -0.000180063885
  0.000104516462   0.000763586302  -0.000043117996
 -0.000000000011   0.000081846727  -0.000110188060
  0.000070881356  -0.000040923364  -0.000110188060
  0.000000000007  -0.000049296147  -0.000115571490
  0.000368253360   0.000116401724   0.000003682268
  0.000284933511   0.000260715892   0.000003682268
 -0.000042691722   0.000024648073  -0.000115571490
 -0.000070881345  -0.000040923364  -0.000110188060
 -0.000713543430  -0.000291279159  -0.000043117996
 -0.000368253391   0.000116401724   0.000003682268
  0.000000000000  -0.000000000000  -0.000101476432
 -0.000083319780  -0.000377117616   0.000003682268
 -0.000609026842  -0.000472307143  -0.000043117996
  0.006376767636   0.003681628511   0.009340717112
 -0.000367872324   0.000212391153  -0.000180063885
 -0.000284933581   0.000260715892   0.000003682268
  0.000083319880  -0.000377117616   0.000003682268
  0.000000000057  -0.000424782305  -0.000180063885
 -0.000000000000   0.000000000000   0.046372109929
  0.000035766164  -0.000969907090   0.001149965710
 -0.000023701805  -0.000323488367  -0.000025644175
 -0.000292000108   0.000141217783  -0.000025644175
 -0.000822081295   0.000515927838   0.001149965710
 -0.000857847322   0.000453979253   0.001149965710
 -0.000035765906  -0.000969907090   0.001149965710
  0.000000000026  -0.000196743122  -0.000202781410
 -0.000040204874  -0.000023212295  -0.000191496084
 -0.000170384568   0.000098371561  -0.000202781410
 -0.000268298266   0.000182270585  -0.000025644175
  0.000050504358   0.000029158705  -0.000184682404
  0.000023701891  -0.000323488367  -0.000025644175
  0.000040204880  -0.000023212295  -0.000191496084
 -0.000000000006   0.000046424589  -0.000191496084
  0.000268298217   0.000182270585  -0.000025644175
  0.000000000010  -0.000073711715  -0.000172869087
 -0.000063836228   0.000036855858  -0.000172869087
  0.000292000071   0.000141217783  -0.000025644175
  0.000170384542   0.000098371561  -0.000202781410
  0.000857847201   0.000453979253   0.001149965710
 -0.000050504366   0.000029158705  -0.000184682404
  0.000063836218   0.000036855858  -0.000172869087
  0.000000000008  -0.000058317409  -0.000184682404
  0.000822081158   0.000515927838   0.001149965710
 -0.003308635135   0.001910241092   0.003182881416
  0.000000000509  -0.003820482184   0.003182881416
  0.000328705526   0.000319316465   0.000302919684
  0.000133531334   0.000077094351  -0.000025202587
  0.000440888960   0.000125009119   0.000302919684
  0.000112183466  -0.000444325584   0.000302919684
  0.000472365996   0.000272720635   0.000084012861
 -0.000328705612   0.000319316465   0.000302919684
 -0.000000000001   0.000005460767  -0.000064618816
  0.000004729163  -0.000002730383  -0.000064618816
  0.000000000021  -0.000154188703  -0.000025202587
 -0.000207254244  -0.000023512615  -0.000013307188
 -0.000123989625  -0.000167731122  -0.000013307188
 -0.000133531354   0.000077094351  -0.000025202587
 -0.000004729163  -0.000002730383  -0.000064618816
 -0.000112183348  -0.000444325584   0.000302919684
  0.000207254250  -0.000023512615  -0.000013307188
  0.000000000000  -0.000000000000   0.000106865803
  0.000083264575   0.000191243737  -0.000013307188
 -0.000440888993   0.000125009119   0.000302919684
  0.003308634626   0.001910241092   0.003182881416
 -0.000472366069   0.000272720635   0.000084012861
  0.000123989669  -0.000167731122  -0.000013307188
 -0.000083264626   0.000191243737  -0.000013307188
  0.000000000073  -0.000545441270   0.000084012861
   26    1  0.0150  0.0000  0.0000
  0.021078630153  -0.012674611970   0.017882250858
 -0.000083038890   0.001014670795  -0.000537744492
  0.000115831217  -0.000198571668  -0.000009664717
 -0.000008741664   0.000782767823  -0.000006739673
 -0.000855812785   0.000009630507   0.000011949765
  0.021068274510   0.012660937295  -0.017908931932
 -0.000530622521   0.000002693661   0.000010957547
 -0.000066406660   0.000266215892  -0.000092346011
  0.000049457068  -0.000116576801   0.000059359249
  0.000762676460  -0.000736855944  -0.001259721713
 -0.001615825583   0.000040670658   0.000540688409
 -0.000106366184  -0.001023236830   0.000560379913
 -0.000059376353  -0.000277490506   0.000110088631
  0.000153378195   0.000000407100   0.000009076592
 -0.000145405788   0.000097963817   0.000160739653
  0.000458718716   0.000005828708   0.000009156284
 -0.000145117295  -0.000075667587  -0.000008998909
  0.000123507320   0.000196934578   0.000029170659
  0.000054399565   0.000110484622  -0.000038080309
 -0.000135951592  -0.000089222125  -0.000139614447
 -0.001604420777  -0.000049288699  -0.000524235590
 -0.000140275310   0.000071520375   0.000031725558
 -0.000016224720  -0.000001123552   0.000010874517
 -0.000007257749  -0.000781793836   0.000029860661
  0.000755393199   0.000754841392   0.001271920548
 -0.026038472510   0.000000226054  -0.000051867377
 -0.002766299989   0.000227388671   0.000559373667
 -0.000055868128  -0.000648924259  -0.000049523158
 -0.000057980161  -0.000065700552   0.000071914352
 -0.002791211787   0.003424092815   0.000538030301
 -0.005920148457  -0.001593541979  -0.000076629946
 -0.002772118336  -0.000214343302  -0.000647921933
  0.000213259714  -0.000023194711  -0.000029514060
 -0.000031336981  -0.000045435457   0.000046660309
  0.000454850972  -0.000136758711  -0.000233239649
  0.000543112047  -0.000282019006   0.000092845654
  0.000446790629   0.000135438193  -0.000318585157
 -0.000059788720   0.000626069680  -0.000006674496
 -0.000027756099   0.000048408371  -0.000106228379
  0.000050313442  -0.000000151825  -0.000031479955
  0.000558808473   0.000291214792  -0.000151243110
  0.000052303812  -0.000001778168  -0.000029492861
 -0.000032600173   0.000049641976  -0.000030342118
 -0.000056995434   0.000066283738  -0.000127683191
  0.000466979565   0.000147635175   0.000168751672
 -0.005916172895   0.001588846417  -0.000008443180
  0.000447624743  -0.000136960460   0.000246684799
 -0.000031701578  -0.000049071796  -0.000028025086
  0.000210419149   0.000001288554  -0.000028751758
 -0.002770107785  -0.003400988806  -0.000604330632
 -0.003167228602  -0.002098335359  -0.003274195588
 -0.000434043594   0.000708472960  -0.000591048606
  0.000163814060   0.000110049507  -0.000033369241
  0.000040011160  -0.000032629113  -0.000071556337
  0.000801139444   0.000008180348   0.000007369817
 -0.003178973107   0.002156166796   0.003319640255
  0.000513310585  -0.000023968390   0.000015161629
 -0.000105414655  -0.001023593378   0.000832868209
  0.000039884360  -0.000075746092  -0.000004784750
 -0.000354335288   0.000226501076   0.000025480347
  0.000448834995  -0.000403314597  -0.000781827746
 -0.000485907059  -0.000743836364   0.000616228817
 -0.000113139179   0.001002478619  -0.000799945021
  0.000029556625   0.000002900683   0.000007552321
  0.000069305520  -0.000022022187   0.000105473190
  0.000169673468  -0.000002421620   0.000007231289
  0.000030247910   0.000173019134  -0.000031208899
  0.000157363777  -0.000110472703   0.000046124128
  0.000038292233   0.000078940960   0.000019914460
  0.000065593829   0.000020924130  -0.000089600623
  0.000470888380   0.000410183764   0.000819112913
  0.000032743698  -0.000178317241   0.000044945675
  0.000193377717  -0.000001214377   0.000006836712
  0.000039138743   0.000033351243   0.000085732663
 -0.000355150740  -0.000213708822  -0.000006301147
  0.001975451506   0.000018972743   0.000064640188
  0.000829488643  -0.000074318372  -0.000641749740
 -0.000178160248   0.000130118887  -0.000329846115
 -0.000041528434   0.000333262107   0.000162736828
  0.001055497497  -0.001609763044  -0.001516085736
  0.002372533832   0.000598070191  -0.000810505070
  0.000834635984   0.000035018174   0.000743295796
  0.000453749447  -0.000022822354   0.000025615866
 -0.000134379219   0.000040868649  -0.000086194065
 -0.000034286271   0.000287544528   0.000042470539
 -0.000533017578  -0.000214509421   0.000518107589
  0.000037477583   0.000136830629  -0.000331533294
 -0.000188842131  -0.000153782825   0.000388658453
 -0.000136913872  -0.000040802408   0.000157340147
 -0.000207219440   0.000000755304   0.000037031650
 -0.000507118032   0.000216448337  -0.000459611005
 -0.000285956757  -0.000002000621   0.000033689671
 -0.000178637210  -0.000064683809   0.000079448354
 -0.000042797325  -0.000327894593  -0.000095492039
 -0.000011768336  -0.000263353197   0.000020297446
  0.002415908820  -0.000572808265   0.000896817296
  0.000048586543  -0.000144857220   0.000404005728
 -0.000175427074   0.000061823133  -0.000012251148
 -0.000203272708   0.000003950052   0.000034186387
  0.001069039257   0.001632755542   0.001581068598
  0.000191347888   0.000013013970   0.003447852569
 -0.000297592865   0.000572778164  -0.000418731753
  0.000163872570  -0.000033050064  -0.000133253010
  0.000324247948  -0.000045047175  -0.000325720246
  0.000225784461  -0.000007526222   0.000008881246
  0.000211600193  -0.000015512599  -0.003345158027
 -0.000003947085   0.000007625452   0.000010953379
 -0.000019216961  -0.000102327686   0.000083807518
 -0.000075039637  -0.000139328885  -0.000125449675
 -0.000217729798   0.000123437871   0.000479169383
 -0.000439323687  -0.000234022543   0.000108034814
 -0.000308006036  -0.000571578431   0.000426923359
 -0.000020173879   0.000083467619  -0.000091437438
  0.000256057363  -0.000000657981  -0.000004736786
  0.000153378060   0.000072176182  -0.000214029886
  0.000211847713   0.000002648259  -0.000003103056
  0.000052154779   0.000128730357  -0.000003312805
  0.000164039055   0.000023459756   0.000124130458
 -0.000066222721   0.000143018126   0.000120295983
  0.000162382707  -0.000063533422   0.000208692211
 -0.000435291164   0.000227015792  -0.000093982616
  0.000058738177  -0.000132656436  -0.000008068830
 -0.000170905581  -0.000001267964  -0.000005802136
  0.000328727917   0.000060925602   0.000318750383
 -0.000216142619  -0.000119450096  -0.000465254894
  0.000994935259   0.000001198181   0.000002026180
  0.000223169032   0.000135069548  -0.000071384328
 -0.000035330396   0.000224173553  -0.000172840307
 -0.000035091967  -0.000317447659  -0.000124141077
  0.000225914253  -0.000169806955  -0.000161636674
  0.000244517667   0.000155808372  -0.000086072898
  0.000230337537  -0.000138413080   0.000054768345
  0.000221493954   0.000003909477  -0.000021899931
 -0.000020691832  -0.000114643246  -0.000128711020
  0.000042332553   0.000104063622  -0.000249230720
  0.000049339811   0.000267243732   0.000029520574
  0.000041740189  -0.000105596944  -0.000047319860
 -0.000036176752  -0.000218483483   0.000113979390
 -0.000024558649   0.000117342771   0.000052359876
  0.000177883189  -0.000001097156  -0.000037535654
  0.000044016109  -0.000272353161  -0.000085154882
  0.000176145639  -0.000000554636  -0.000034875807
 -0.000020655044   0.000113349613   0.000087017356
 -0.000038642326   0.000319269648   0.000049993244
  0.000037204429  -0.000106133163   0.000191062397
  0.000249945670  -0.000154214923   0.000071151396
  0.000032690858   0.000110779087  -0.000006012000
 -0.000019637513  -0.000113207011  -0.000159826176
  0.000223759726   0.000000388326  -0.000036449249
  0.000223417003   0.000161813610   0.000123379131
   26    2  0.0000  0.0000  0.0150
  0.014925996023  -0.008617526497   0.012530530409
 -0.000019320092  -0.000023467342   0.000220050407
 -0.000067237328  -0.000038819489   0.000086931353
 -0.000029983363  -0.000004998021   0.000220050407
 -0.000000002295   0.017235052994   0.012530530409
 -0.014925993728  -0.008617526497   0.012530530409
  0.000000000050  -0.000374002881  -0.000171263907
 -0.000071855805   0.000077161965  -0.000003053522
  0.000030896343  -0.000100809921  -0.000003053522
 -0.000323896046   0.000187001441  -0.000171263907
 -0.000010663272   0.000028465363   0.000220050407
  0.000019320098  -0.000023467342   0.000220050407
  0.000071855784   0.000077161965  -0.000003053522
  0.000000000000   0.000000000000  -0.000103530371
  0.000102752121   0.000023647956  -0.000003053522
 -0.000000000010   0.000077638978   0.000086931353
  0.000062210340   0.000035917157  -0.000112286400
  0.000067237338  -0.000038819489   0.000086931353
 -0.000030896316  -0.000100809921  -0.000003053522
 -0.000102752128   0.000023647956  -0.000003053522
  0.000010663264   0.000028465363   0.000220050407
 -0.000062210350   0.000035917157  -0.000112286400
  0.000000000010  -0.000071834313  -0.000112286400
  0.000029983364  -0.000004998021   0.000220050407
  0.000323895996   0.000187001441  -0.000171263907
  0.000000000000   0.000000000000  -0.100918152857
  0.000569496582   0.000384441969   0.001450566799
  0.000096021642  -0.000081729768  -0.000236819507
 -0.000022769261   0.000124022050  -0.000236819507
  0.000617684814   0.000300977529   0.001450566799
  0.000048188312  -0.000685419499   0.001450566799
 -0.000569496684   0.000384441969   0.001450566799
 -0.000000000045   0.000340834920  -0.000062013990
 -0.000004492542  -0.000002593771  -0.000127439778
  0.000295171745  -0.000170417460  -0.000062013990
 -0.000118790871  -0.000042292282  -0.000236819507
  0.000205075665   0.000118400490  -0.000061754698
 -0.000096021621  -0.000081729768  -0.000236819507
  0.000004492543  -0.000002593771  -0.000127439778
 -0.000000000001   0.000005187541  -0.000127439778
  0.000118790882  -0.000042292282  -0.000236819507
  0.000000000012  -0.000088281899  -0.000126877620
 -0.000076454379   0.000044140949  -0.000126877620
  0.000022769228   0.000124022050  -0.000236819507
 -0.000295171699  -0.000170417460  -0.000062013990
 -0.000048188129  -0.000685419499   0.001450566799
 -0.000205075696   0.000118400490  -0.000061754698
  0.000076454367   0.000044140949  -0.000126877620
  0.000000000032  -0.000236800981  -0.000061754698
 -0.000617684894   0.000300977529   0.001450566799
 -0.003891832571  -0.002246950583  -0.005846470914
 -0.001543692680   0.000891251247  -0.000233239018
 -0.000148085594   0.000219871383  -0.000002597632
  0.000116371467  -0.000238181543  -0.000002597632
  0.000000000237  -0.001782502495  -0.000233239018
  0.003891833170  -0.002246950583  -0.005846470914
 -0.000000000598   0.004493901165  -0.005846470914
 -0.000122234076   0.000591949230  -0.000009582706
 -0.000066748257  -0.000038537124   0.000107704121
  0.000451526165  -0.000401832354  -0.000009582706
  0.000573760134  -0.000190116876  -0.000009582706
  0.001543692443   0.000891251247  -0.000233239018
  0.000122233918   0.000591949230  -0.000009582706
  0.000000000010  -0.000072957324  -0.000113034245
 -0.000063182906   0.000036478662  -0.000113034245
 -0.000000000010   0.000077074248   0.000107704121
  0.000264456998   0.000018310160  -0.000002597632
  0.000148085536   0.000219871383  -0.000002597632
  0.000066748267  -0.000038537124   0.000107704121
  0.000063182896   0.000036478662  -0.000113034245
 -0.000573760084  -0.000190116876  -0.000009582706
 -0.000264457003   0.000018310160  -0.000002597632
  0.000000000000   0.000000000000  -0.000189475245
 -0.000116371404  -0.000238181543  -0.000002597632
 -0.000451526058  -0.000401832354  -0.000009582706
  0.000000000000   0.000000000000   0.049848799639
  0.000855902059  -0.000805427287   0.001428996849
 -0.000006441533  -0.000021144526   0.000062584449
 -0.000021532467   0.000004993729   0.000062584449
 -0.000269569721   0.001143946420   0.001428996849
 -0.001125471476  -0.000338519133   0.001428996849
 -0.000855901845  -0.000805427287   0.001428996849
  0.000000000047  -0.000354459934  -0.000139963564
 -0.000072483949  -0.000041848627  -0.000061676303
 -0.000306971355   0.000177229967  -0.000139963564
 -0.000015090932   0.000016150797   0.000062584449
 -0.000399976035  -0.000230926271  -0.000411320962
  0.000006441539  -0.000021144526   0.000062584449
  0.000072483960  -0.000041848627  -0.000061676303
 -0.000000000011   0.000083697255  -0.000061676303
  0.000015090928   0.000016150797   0.000062584449
  0.000000000029  -0.000217151343  -0.000086556627
 -0.000188058609   0.000108575672  -0.000086556627
  0.000021532466   0.000004993729   0.000062584449
  0.000306971307   0.000177229967  -0.000139963564
  0.001125471566  -0.000338519133   0.001428996849
  0.000399976096  -0.000230926271  -0.000411320962
  0.000188058580   0.000108575672  -0.000086556627
 -0.000000000061   0.000461852543  -0.000411320962
  0.000269569416   0.001143946420   0.001428996849
  0.002701711325  -0.001559833521   0.003219603876
 -0.000508261488   0.000418747989   0.000294935588
  0.000063780930   0.000036823937  -0.000041990749
  0.000108515794  -0.000649541273   0.000294935588
 -0.000000000415   0.003119667042   0.003219603876
 -0.002701710910  -0.001559833521   0.003219603876
  0.000000000065  -0.000486954938   0.000078743147
 -0.000067519228   0.000143519751  -0.000030351495
  0.000090532173  -0.000130233221  -0.000030351495
 -0.000421715412   0.000243477469   0.000078743147
  0.000616777109   0.000230793284   0.000294935588
  0.000508261377   0.000418747989   0.000294935588
  0.000067519190   0.000143519751  -0.000030351495
  0.000000000000   0.000000000000   0.000080807331
  0.000158051366  -0.000013286530  -0.000030351495
  0.000000000010  -0.000073647874  -0.000041990749
 -0.000142013728  -0.000081991664  -0.000082297342
 -0.000063780939   0.000036823937  -0.000041990749
 -0.000090532138  -0.000130233221  -0.000030351495
 -0.000158051363  -0.000013286530  -0.000030351495
 -0.000616777171   0.000230793284   0.000294935588
  0.000142013750  -0.000081991664  -0.000082297342
 -0.000000000022   0.000163983329  -0.000082297342
 -0.000108515621  -0.000649541273   0.000294935588
  0.000421715347   0.000243477469   0.000078743147
  0.000000000000   0.000000000000  -0.000096906517
  0.000138935548   0.000002182602   0.000373084002
  0.000083287681   0.000127066113   0.000362477066
  0.000151686338   0.000008596200   0.000362477066
  0.000071357947   0.000119230404   0.000373084002
 -0.000067577569  -0.000121413006   0.000373084002
 -0.000138935548   0.000002182602   0.000373084002
  0.000000000002  -0.000015344196   0.000347978946
  0.000121667859   0.000070244971   0.000132423168
 -0.000013288465   0.000007672098   0.000347978946
  0.000068398659  -0.000135662313   0.000362477066
 -0.000207037580  -0.000119533202   0.000347741928
 -0.000083287715   0.000127066113   0.000362477066
 -0.000121667878   0.000070244971   0.000132423168
  0.000000000019  -0.000140489942   0.000132423168
 -0.000068398623  -0.000135662313   0.000362477066
  0.000000000013  -0.000100658872   0.000132101252
 -0.000087173154   0.000050329436   0.000132101252
 -0.000151686340   0.000008596200   0.000362477066
  0.000013288463   0.000007672098   0.000347978946
  0.000067577601  -0.000121413006   0.000373084002
  0.000207037612  -0.000119533202   0.000347741928
  0.000087173140   0.000050329436   0.000132101252
 -0.000000000032   0.000239066405   0.000347741928
 -0.000071357979   0.000119230404   0.000373084002
   51    1  0.0150  0.0000  0.0000
  0.000900404848  -0.000000689677   0.000003375293
 -0.000297496635  -0.000455730337   0.000241793119
 -0.000113730155  -0.000100361144   0.000039751669
  0.000173726528  -0.000533680543  -0.000283919014
  0.019262186784  -0.010589655582   0.007062941123
 -0.000329802411  -0.000656433548  -0.001494523544
 -0.000295451962   0.000457100409  -0.000239635274
 -0.000196169769  -0.000001327869  -0.000000113574
 -0.000005924179  -0.000109578774  -0.000052271105
  0.000793800439  -0.000372339739  -0.000521639920
  0.000413522775   0.000066127587  -0.000284042774
  0.000268533125  -0.000002291898  -0.000451789079
 -0.000114484766   0.000098433235  -0.000039801394
 -0.000004843649   0.000110963656   0.000052812539
  0.000055139823   0.000000198940   0.000000028558
  0.000412425387  -0.000064399357   0.000284627047
  0.000665179257   0.000000116609   0.000000171154
  0.000286188581   0.000159485676  -0.000168739931
  0.000173774658   0.000533232811   0.000285139302
  0.000792101522   0.000372067856   0.000524646949
 -0.000321530400   0.000652280207   0.001496318548
  0.000266559501   0.000003532753   0.000452794683
  0.000286219772  -0.000161246151   0.000168797158
  0.000813071209   0.000000163084   0.000000329767
  0.019261517794   0.010595218871  -0.007066244082
 -0.003159320703  -0.002163786257  -0.003889400021
  0.000805775433  -0.000000795417   0.000000939032
  0.000039850679   0.000181557802   0.000113038177
  0.000156250299  -0.000094150651  -0.000164181960
 -0.000488615674   0.000747882901  -0.001550600515
  0.000445978710  -0.000680230158  -0.000571284255
 -0.000346146062   0.000860052027  -0.000441228936
  0.000039533814  -0.000182466943  -0.000115227272
  0.000186865503   0.000000209646   0.000000112613
  0.000023360922   0.000038276862  -0.000277727807
  0.000155767829   0.000000008186  -0.000000988940
  0.000055618147   0.000016297401   0.000052420526
  0.000035546851   0.000068936809   0.000069790231
  0.000155930507   0.000095150479   0.000163455680
  0.000023760322  -0.000038426237   0.000277055926
  0.000444856412   0.000680967801   0.000572806967
  0.000056049317  -0.000016202644  -0.000054035285
  0.000027762506  -0.000000457769  -0.000000403766
 -0.000105242339  -0.000083241290   0.000126956496
 -0.000487691822  -0.000747820032   0.001550993421
 -0.003160405164   0.002164587405   0.003879102973
 -0.000346744008  -0.000859280467   0.000441782177
  0.000035543358  -0.000070299712  -0.000071211331
 -0.000105292065   0.000084177889  -0.000127142432
  0.000582577819  -0.000000471185   0.000000194941
 -0.236097437921  -0.000000206260   0.000000000000
  0.002761088489  -0.003256044381   0.000000000000
  0.000023424364   0.000464426256   0.000000000000
  0.000017329765   0.001307256789   0.000000000000
  0.002767039429  -0.002586031878   0.000000000000
  0.007800866965  -0.000343154415   0.000000000000
  0.002762969793   0.003255423726   0.000000000000
  0.000642793263   0.000002921024   0.000000000000
 -0.000871373048   0.000725004685   0.000000000000
 -0.001305900749   0.001123306047   0.000000000000
 -0.001500885356  -0.000416975393   0.000000000000
 -0.001304494317  -0.001123022674   0.000000000000
  0.000024471450  -0.000461405108   0.000000000000
 -0.000870385288  -0.000726141626   0.000000000000
 -0.002124446161   0.000000408614   0.000000000000
 -0.001504213548   0.000416924724   0.000000000000
 -0.002129974917  -0.000000127589   0.000000000000
 -0.000878305279  -0.000723739766   0.000000000000
  0.000017630313  -0.001307134668   0.000000000000
 -0.001307768499  -0.001126025659   0.000000000000
  0.007804774692   0.000341834073   0.000000000000
 -0.001307545040   0.001124604661   0.000000000000
 -0.000877752831   0.000723102950   0.000000000000
  0.000636767384  -0.000000159613   0.000000000000
  0.002767588245   0.002584984600   0.000000000000
  0.072119384810   0.043737308294   0.000000000000
  0.000493915495  -0.000001797028   0.000000000000
  0.000808523078  -0.000683783528   0.000000000000
  0.000434642754  -0.000388381760   0.000000000000
 -0.000886222266   0.000794546349   0.000000000000
  0.000665421431   0.000623260573   0.000000000000
 -0.000085390618   0.000337196416   0.000000000000
  0.000808010987   0.000684688853   0.000000000000
  0.001538270000   0.000000058124   0.000000000000
  0.001556879155   0.000178910968   0.000000000000
  0.000914377496  -0.000000231421   0.000000000000
  0.000384967265   0.000388244104   0.000000000000
 -0.000151888841   0.000615082923   0.000000000000
  0.000433443126   0.000389188564   0.000000000000
  0.001554274503  -0.000179971706   0.000000000000
  0.000664804147  -0.000620900662   0.000000000000
  0.000385615775  -0.000388138701   0.000000000000
 -0.000288682275  -0.000000547904   0.000000000000
 -0.000537431636   0.000791531760   0.000000000000
 -0.000882918307  -0.000791473042   0.000000000000
  0.072119269868  -0.043741459405   0.000000000000
 -0.000085023721  -0.000337373615   0.000000000000
 -0.000151540362  -0.000617548327   0.000000000000
 -0.000537413132  -0.000790731394   0.000000000000
 -0.003654527264  -0.000001034592   0.000000000000
  0.000900404848  -0.000000689677  -0.000003375293
 -0.000297496635  -0.000455730337  -0.000241793119
 -0.000113730155  -0.000100361144  -0.000039751669
  0.000173726528  -0.000533680543   0.000283919014
  0.019262186784  -0.010589655582  -0.007062941123
 -0.000329802411  -0.000656433548   0.001494523544
 -0.000295451962   0.000457100409   0.000239635274
 -0.000196169769  -0.000001327869   0.000000113574
 -0.000005924179  -0.000109578774   0.000052271105
  0.000793800439  -0.000372339739   0.000521639920
  0.000413522775   0.000066127587   0.000284042774
  0.000268533125  -0.000002291898   0.000451789079
 -0.000114484766   0.000098433235   0.000039801394
 -0.000004843649   0.000110963656  -0.000052812539
  0.000055139823   0.000000198940  -0.000000028558
  0.000412425387  -0.000064399357  -0.000284627047
  0.000665179257   0.000000116609  -0.000000171154
  0.000286188581   0.000159485676   0.000168739931
  0.000173774658   0.000533232811  -0.000285139302
  0.000792101522   0.000372067856  -0.000524646949
 -0.000321530400   0.000652280207  -0.001496318548
  0.000266559501   0.000003532753  -0.000452794683
  0.000286219772  -0.000161246151  -0.000168797158
  0.000813071209   0.000000163084  -0.000000329767
  0.019261517794   0.010595218871   0.007066244082
 -0.003159320703  -0.002163786257   0.003889400021
  0.000805775433  -0.000000795417  -0.000000939032
  0.000039850679   0.000181557802  -0.000113038177
  0.000156250299  -0.000094150651   0.000164181960
 -0.000488615674   0.000747882901   0.001550600515
  0.000445978710  -0.000680230158   0.000571284255
 -0.000346146062   0.000860052027   0.000441228936
  0.000039533814  -0.000182466943   0.000115227272
  0.000186865503   0.000000209646  -0.000000112613
  0.000023360922   0.000038276862   0.000277727807
  0.000155767829   0.000000008186   0.000000988940
  0.000055618147   0.000016297401  -0.000052420526
  0.000035546851   0.000068936809  -0.000069790231
  0.000155930507   0.000095150479  -0.000163455680
  0.000023760322  -0.000038426237  -0.000277055926
  0.000444856412   0.000680967801  -0.000572806967
  0.000056049317  -0.000016202644   0.000054035285
  0.000027762506  -0.000000457769   0.000000403766
 -0.000105242339  -0.000083241290  -0.000126956496
 -0.000487691822  -0.000747820032  -0.001550993421
 -0.003160405164   0.002164587405  -0.003879102973
 -0.000346744008  -0.000859280467  -0.000441782177
  0.000035543358  -0.000070299712   0.000071211331
 -0.000105292065   0.000084177889   0.000127142432
  0.000582577819  -0.000000471185  -0.000000194941
   51    2  0.0000  0.0000  0.0150
 -0.000000002343   0.017598153966   0.005450090781
 -0.000066952384   0.000614743026   0.000061011723
  0.000079939501   0.000046153092   0.000005700010
  0.000498907016  -0.000365353903   0.000061011723
  0.015240450738  -0.008799076983   0.005450090781
 -0.001287347420  -0.000743250379  -0.000196473811
  0.000066952220   0.000614743026   0.000061011723
  0.000000000026  -0.000193368007  -0.000022973695
 -0.000167461632   0.000096684004  -0.000022973695
  0.000565859302  -0.000249389123   0.000061011723
  0.000572770547   0.000044894508   0.000104352564
  0.000325265000   0.000473586557   0.000104352564
 -0.000079939513   0.000046153092   0.000005700010
  0.000167461606   0.000096684004  -0.000022973695
  0.000000000012  -0.000092306185   0.000005700010
 -0.000572770559   0.000044894508   0.000104352564
  0.000000000000   0.000000000000   0.000133117130
 -0.000247505420  -0.000518481065   0.000104352564
 -0.000498906918  -0.000365353903   0.000061011723
 -0.000565859236  -0.000249389123   0.000061011723
  0.001287347618  -0.000743250379  -0.000196473811
 -0.000325265127   0.000473586557   0.000104352564
  0.000247505558  -0.000518481065   0.000104352564
 -0.000000000198   0.001486500759  -0.000196473811
 -0.015240448395  -0.008799076983   0.005450090781
 -0.003332067552  -0.001923770098  -0.005860275988
  0.000000000093  -0.000700743468  -0.000240632046
 -0.000075861172  -0.000005168807  -0.000013151386
 -0.000042406896  -0.000063113294  -0.000013151386
 -0.000606861738   0.000350371734  -0.000240632046
  0.000792504649  -0.000468704165  -0.000014953084
 -0.000009657574   0.000920681135  -0.000014953084
  0.000075861173  -0.000005168807  -0.000013151386
  0.000000000000   0.000000000000  -0.000200977664
  0.000033454259   0.000068282101  -0.000013151386
 -0.000000000002   0.000014217467   0.000093321630
 -0.000098841633  -0.000057066243  -0.000125968344
  0.000012312689  -0.000007108733   0.000093321630
  0.000042406913  -0.000063113294  -0.000013151386
 -0.000033454277   0.000068282101  -0.000013151386
 -0.000792504524  -0.000468704165  -0.000014953084
  0.000098841648  -0.000057066243  -0.000125968344
 -0.000000000015   0.000114132487  -0.000125968344
 -0.000802161978  -0.000451976969  -0.000014953084
  0.000606861645   0.000350371734  -0.000240632046
  0.003332068064  -0.001923770098  -0.005860275988
  0.000009657329   0.000920681135  -0.000014953084
 -0.000012312687  -0.000007108733   0.000093321630
  0.000802162099  -0.000451976969  -0.000014953084
 -0.000000000512   0.003847540196  -0.005860275988
  0.000000000000   0.000000000000   0.003504237139
  0.000001707465   0.000001209296  -0.000200353794
  0.000001631629   0.000000742545  -0.000327326490
  0.000001458877   0.000001041760  -0.000327326490
  0.000001901014   0.000000874060  -0.000200353794
  0.000000193549  -0.000002083356  -0.000200353794
 -0.000001707466   0.000001209296  -0.000200353794
 -0.000000000000   0.000000901004   0.000369680958
  0.000000848375   0.000000489810   0.000256581924
  0.000000780292  -0.000000450502   0.000369680958
 -0.000000172752  -0.000001784305  -0.000327326490
 -0.000000406369  -0.000000234617   0.000367730736
 -0.000001631630   0.000000742545  -0.000327326490
 -0.000000848376   0.000000489810   0.000256581924
  0.000000000000  -0.000000979620   0.000256581924
  0.000000172752  -0.000001784305  -0.000327326490
  0.000000000000  -0.000000766981   0.000256627609
 -0.000000664225   0.000000383491   0.000256627609
 -0.000001458877   0.000001041760  -0.000327326490
 -0.000000780292  -0.000000450502   0.000369680958
 -0.000000193548  -0.000002083356  -0.000200353794
  0.000000406369  -0.000000234617   0.000367730736
  0.000000664225   0.000000383491   0.000256627609
 -0.000000000000   0.000000469234   0.000367730736
 -0.000001901014   0.000000874060  -0.000200353794
 -0.000000911981  -0.000000526533  -0.001412510214
 -0.000000000000   0.000001081101   0.001084396386
  0.000000694152   0.000001800600  -0.000012042643
  0.000001906442  -0.000000299146  -0.000012042643
  0.000000936262  -0.000000540551   0.001084396386
  0.000001860286  -0.000000830593  -0.000146070146
  0.000000210827   0.000002026351  -0.000146070146
 -0.000000694153   0.000001800600  -0.000012042643
  0.000000000000   0.000000000000   0.000255738012
  0.000001212289  -0.000001501454  -0.000012042643
  0.000000000000  -0.000001496026  -0.000058110556
  0.000000024291   0.000000014024   0.000545769715
 -0.000001295596   0.000000748013  -0.000058110556
 -0.000001906442  -0.000000299146  -0.000012042643
 -0.000001212289  -0.000001501454  -0.000012042643
 -0.000001860285  -0.000000830593  -0.000146070146
 -0.000000024291   0.000000014024   0.000545769715
  0.000000000000  -0.000000028048   0.000545769715
 -0.000001649458  -0.000001195758  -0.000146070146
 -0.000000936261  -0.000000540551   0.001084396386
  0.000000911982  -0.000000526533  -0.001412510214
 -0.000000210828   0.000002026351  -0.000146070146
  0.000001295596   0.000000748013  -0.000058110556
  0.000001649458  -0.000001195758  -0.000146070146
 -0.000000000000   0.000001053065  -0.001412510214
  0.000000002343  -0.017596678565   0.005444498421
  0.000067016279  -0.000615517144   0.000057836204
 -0.000081087791  -0.000046816058   0.000004654450
 -0.000499545474   0.000365796297   0.000057836204
 -0.015239173003   0.008798339282   0.005444498421
  0.001288263598   0.000743779335  -0.000193958760
 -0.000067016115  -0.000615517144   0.000057836204
 -0.000000000026   0.000192140060  -0.000025620576
  0.000166398198  -0.000096070030  -0.000025620576
 -0.000566561656   0.000249720848   0.000057836204
 -0.000573396611  -0.000044209250   0.000109557370
 -0.000324984581  -0.000474471373   0.000109557370
  0.000081087803  -0.000046816058   0.000004654450
 -0.000166398173  -0.000096070030  -0.000025620576
 -0.000000000012   0.000093632116   0.000004654450
  0.000573396622  -0.000044209250   0.000109557370
  0.000000000000   0.000000000000   0.000139354469
  0.000248411903   0.000518680623   0.000109557370
  0.000499545377   0.000365796297   0.000057836204
  0.000566561589   0.000249720848   0.000057836204
 -0.001288263796   0.000743779335  -0.000193958760
  0.000324984708  -0.000474471373   0.000109557370
 -0.000248412041   0.000518680623   0.000109557370
  0.000000000198  -0.001487558670  -0.000193958760
  0.015239170659   0.008798339282   0.005444498421
  0.003328494949   0.001921707455  -0.005862735970
 -0.000000000093   0.000697077298  -0.000241093863
  0.000076637166   0.000004004974  -0.000013632109
  0.000041786984   0.000064367241  -0.000013632109
  0.000603686741  -0.000348538649  -0.000241093863
 -0.000792155714   0.000466113475  -0.000014604479
  0.000007588438  -0.000919083602  -0.000014604479
 -0.000076637167   0.000004004974  -0.000013632109
  0.000000000000   0.000000000000  -0.000201994574
 -0.000034850165  -0.000068372215  -0.000013632109
  0.000000000002  -0.000017109123   0.000094457579
  0.000098566728   0.000056907527  -0.000124228673
 -0.000014816937   0.000008554561   0.000094457579
 -0.000041787002   0.000064367241  -0.000013632109
  0.000034850183  -0.000068372215  -0.000013632109
  0.000792155589   0.000466113475  -0.000014604479
 -0.000098566743   0.000056907527  -0.000124228673
  0.000000000015  -0.000113815054  -0.000124228673
  0.000799743906   0.000452970128  -0.000014604479
 -0.000603686648  -0.000348538649  -0.000241093863
 -0.003328495461   0.001921707455  -0.005862735970
 -0.000007588193  -0.000919083602  -0.000014604479
  0.000014816935   0.000008554561   0.000094457579
 -0.000799744027   0.000452970128  -0.000014604479
  0.000000000512  -0.003843414910  -0.005862735970
   76    1  0.0150  0.0000  0.0000
  0.013400951112  -0.004117647242  -0.006446892680
  0.000185248583  -0.000975124595   0.000591379646
 -0.000065889682  -0.000016167860   0.000032722751
 -0.000216496836  -0.000436331265  -0.000105037292
  0.006285857284  -0.000000925448   0.000000862018
  0.013399390804   0.004111123836   0.006454864234
  0.000930687535   0.000000089257   0.000000415962
  0.000246944602  -0.000267021369   0.000075676722
  0.000152023913  -0.000231137790  -0.000273723649
 -0.001210665450   0.001236267909  -0.000331924609
  0.001204976078   0.000076909128  -0.000695267381
  0.000185492408   0.000975146685  -0.000590883718
  0.000247095541   0.000266691935  -0.000075420422
  0.000768324521   0.000000021654   0.000000141084
  0.000631738413   0.000065319489  -0.000349781323
 -0.000037164922   0.000000062708   0.000000480345
  0.000139584946   0.000182169250  -0.000055487586
 -0.000065728009   0.000016326130  -0.000032424939
  0.000153100798   0.000231173462   0.000274002388
  0.000633057216  -0.000063917316   0.000349978027
  0.001202687433  -0.000077310018   0.000697506258
  0.000139488626  -0.000181635966   0.000055854126
 -0.000175015875  -0.000000054450   0.000000116755
 -0.000217187334   0.000435288993   0.000106018907
 -0.001207472435  -0.001235277901   0.000336220121
  0.002004273948   0.000000275466   0.000000038717
  0.001074443422  -0.000191290124  -0.000259046235
 -0.000040911876   0.000074229463  -0.000021109457
 -0.000187519295   0.000418741074  -0.000009373368
  0.000838122646  -0.001500948874   0.000828728067
  0.002426517029   0.000858265346   0.001091325611
  0.001073856978   0.000191624445   0.000259505741
 -0.000193421794  -0.000000197762   0.000000077519
 -0.000174608950   0.000063128540   0.000184567331
  0.000033832509  -0.000130550574   0.000391796092
 -0.000542113402  -0.000045299714   0.000011175684
 -0.000038863579  -0.000289484161   0.000303902515
 -0.000041227734  -0.000074277177   0.000021087555
 -0.000174803189  -0.000063251295  -0.000184140212
 -0.000283639932  -0.000000309636   0.000000334024
 -0.000540667758   0.000045452050  -0.000011568010
 -0.000204862680   0.000000032692   0.000000056200
 -0.000136416327  -0.000040079537   0.000071379867
 -0.000187057396  -0.000418137622   0.000009007275
  0.000035007833   0.000131092546  -0.000391658259
  0.002430124954  -0.000859423049  -0.001092880769
 -0.000038325156   0.000288955444  -0.000304426554
 -0.000136316735   0.000040012861  -0.000071637072
  0.000461425848   0.000000480767  -0.000000053096
  0.000838262567   0.001502641165  -0.000829883350
  0.072031562931   0.043757717481  -0.000000000000
 -0.000818849519   0.000740812191  -0.000000000000
  0.000437103383  -0.000479680314  -0.000000000000
  0.000810118771  -0.000616610428  -0.000000000000
  0.000464607971   0.000000727910  -0.000000000000
  0.072026951760  -0.043756391655  -0.000000000000
 -0.003732888879   0.000002192501  -0.000000000000
 -0.000554221085  -0.000069251887  -0.000000000000
 -0.000147156579  -0.000651544443  -0.000000000000
 -0.000092381919  -0.001076586142  -0.000000000000
  0.000670352535   0.000105204768  -0.000000000000
 -0.000815675323  -0.000736102761  -0.000000000000
 -0.000553660267   0.000069898838  -0.000000000000
 -0.000289509439   0.000000099147  -0.000000000000
  0.000407512309  -0.000402745653  -0.000000000000
  0.000979612422   0.000000454988  -0.000000000000
  0.001572910803  -0.000255452352  -0.000000000000
  0.000437539462   0.000479352657  -0.000000000000
 -0.000147123762   0.000650685484  -0.000000000000
  0.000406843054   0.000402409205  -0.000000000000
  0.000666734775  -0.000104378343  -0.000000000000
  0.001573617138   0.000254779669  -0.000000000000
  0.001572165451  -0.000000348053  -0.000000000000
  0.000809436490   0.000616746884  -0.000000000000
 -0.000094460883   0.001073709283  -0.000000000000
 -0.250672897177  -0.000001873137  -0.000000000000
  0.002511190681  -0.002641806497  -0.000000000000
  0.000237229381   0.001111177145  -0.000000000000
  0.000235390809   0.000210746473  -0.000000000000
  0.002504866689  -0.002202558275  -0.000000000000
  0.006705680869  -0.000219338119  -0.000000000000
  0.002508646491   0.002640975989  -0.000000000000
  0.000458921754  -0.000000669396  -0.000000000000
 -0.000775299707   0.000617586302  -0.000000000000
 -0.000914324516   0.000794099474  -0.000000000000
 -0.000909250213   0.000450278995  -0.000000000000
 -0.000920468726  -0.000797166442  -0.000000000000
  0.000235976196  -0.001111521448  -0.000000000000
 -0.000775535764  -0.000618722063  -0.000000000000
 -0.001847460909  -0.000000388357  -0.000000000000
 -0.000906601209  -0.000450475596  -0.000000000000
 -0.001845138729   0.000000731474  -0.000000000000
 -0.000774987339  -0.000617810795  -0.000000000000
  0.000238099694  -0.000209064144  -0.000000000000
 -0.000911291257  -0.000792274021  -0.000000000000
  0.006710506264   0.000215752619  -0.000000000000
 -0.000918998552   0.000795857315  -0.000000000000
 -0.000775414230   0.000618727523  -0.000000000000
  0.000457968157   0.000001385812  -0.000000000000
  0.002509767350   0.002209207098  -0.000000000000
  0.013400951112  -0.004117647242   0.006446892680
  0.000185248583  -0.000975124595  -0.000591379646
 -0.000065889682  -0.000016167860  -0.000032722751
 -0.000216496836  -0.000436331265   0.000105037292
  0.006285857284  -0.000000925448  -0.000000862018
  0.013399390804   0.004111123836  -0.006454864234
  0.000930687535   0.000000089257  -0.000000415962
  0.000246944602  -0.000267021369  -0.000075676722
  0.000152023913  -0.000231137790   0.000273723649
 -0.001210665450   0.001236267909   0.000331924609
  0.001204976078   0.000076909128   0.000695267381
  0.000185492408   0.000975146685   0.000590883718
  0.000247095541   0.000266691935   0.000075420422
  0.000768324521   0.000000021654  -0.000000141084
  0.000631738413   0.000065319489   0.000349781323
 -0.000037164922   0.000000062708  -0.000000480345
  0.000139584946   0.000182169250   0.000055487586
 -0.000065728009   0.000016326130   0.000032424939
  0.000153100798   0.000231173462  -0.000274002388
  0.000633057216  -0.000063917316  -0.000349978027
  0.001202687433  -0.000077310018  -0.000697506258
  0.000139488626  -0.000181635966  -0.000055854126
 -0.000175015875  -0.000000054450  -0.000000116755
 -0.000217187334   0.000435288993  -0.000106018907
 -0.001207472435  -0.001235277901  -0.000336220121
  0.002004273948   0.000000275466  -0.000000038717
  0.001074443422  -0.000191290124   0.000259046235
 -0.000040911876   0.000074229463   0.000021109457
 -0.000187519295   0.000418741074   0.000009373368
  0.000838122646  -0.001500948874  -0.000828728067
  0.002426517029   0.000858265346  -0.001091325611
  0.001073856978   0.000191624445  -0.000259505741
 -0.000193421794  -0.000000197762  -0.000000077519
 -0.000174608950   0.000063128540  -0.000184567331
  0.000033832509  -0.000130550574  -0.000391796092
 -0.000542113402  -0.000045299714  -0.000011175684
 -0.000038863579  -0.000289484161  -0.000303902515
 -0.000041227734  -0.000074277177  -0.000021087555
 -0.000174803189  -0.000063251295   0.000184140212
 -0.000283639932  -0.000000309636  -0.000000334024
 -0.000540667758   0.000045452050   0.000011568010
 -0.000204862680   0.000000032692  -0.000000056200
 -0.000136416327  -0.000040079537  -0.000071379867
 -0.000187057396  -0.000418137622  -0.000009007275
  0.000035007833   0.000131092546   0.000391658259
  0.002430124954  -0.000859423049   0.001092880769
 -0.000038325156   0.000288955444   0.000304426554
 -0.000136316735   0.000040012861   0.000071637072
  0.000461425848   0.000000480767   0.000000053096
  0.000838262567   0.001502641165   0.000829883350
   76    2  0.0000  0.0000  0.0150
 -0.005810552805   0.003354723710   0.009320207249
 -0.000698420966   0.000648046402  -0.000021958992
  0.000140055486   0.000080861073  -0.000102989499
  0.000212014374  -0.000928873379  -0.000021958992
  0.000000000893  -0.006709447421   0.009320207249
  0.005810551912   0.003354723710   0.009320207249
  0.000000000014  -0.000105551963  -0.000153111020
  0.000006167103   0.000144888495   0.000019311703
  0.000128560697  -0.000067103364   0.000019311703
 -0.000091410696   0.000052775982  -0.000153111020
  0.000910435093   0.000280826977  -0.000021958992
  0.000698420794   0.000648046402  -0.000021958992
 -0.000006167141   0.000144888495   0.000019311703
 -0.000000000000   0.000000000000  -0.000081023972
  0.000122393577  -0.000077785132   0.000019311703
  0.000000000022  -0.000161722145  -0.000102989499
 -0.000179690529  -0.000103744375  -0.000104167351
 -0.000140055508   0.000080861073  -0.000102989499
 -0.000128560679  -0.000067103364   0.000019311703
 -0.000122393556  -0.000077785132   0.000019311703
 -0.000910435168   0.000280826977  -0.000021958992
  0.000179690556  -0.000103744375  -0.000104167351
 -0.000000000028   0.000207488750  -0.000104167351
 -0.000212014127  -0.000928873379  -0.000021958992
  0.000091410682   0.000052775982  -0.000153111020
 -0.000000000000   0.000000000000   0.049824233075
 -0.001543722457   0.000091479239   0.001418061251
  0.000127800513  -0.000478903259   0.000061898623
 -0.000350842242   0.000350130057   0.000061898623
 -0.000692637688  -0.001382642370   0.001418061251
  0.000851084401   0.001291163132   0.001418061251
  0.001543722433   0.000091479239   0.001418061251
 -0.000000000056   0.000419399186  -0.000407196190
 -0.000045725176  -0.000026399442  -0.000089045181
  0.000363210406  -0.000209699593  -0.000407196190
 -0.000478642662   0.000128773202   0.000061898623
 -0.000004476645  -0.000002584592  -0.000136416586
 -0.000127800385  -0.000478903259   0.000061898623
  0.000045725183  -0.000026399442  -0.000089045181
 -0.000000000007   0.000052798885  -0.000089045181
  0.000478642627   0.000128773202   0.000061898623
 -0.000000000018   0.000135558359  -0.000067233566
  0.000117397001  -0.000067779180  -0.000067233566
  0.000350842149   0.000350130057   0.000061898623
 -0.000363210350  -0.000209699593  -0.000407196190
 -0.000851084745   0.001291163132   0.001418061251
  0.000004476645  -0.000002584592  -0.000136416586
 -0.000117396983  -0.000067779180  -0.000067233566
 -0.000000000001   0.000005169184  -0.000136416586
  0.000692638056  -0.001382642370   0.001418061251
 -0.000004654066  -0.000002687026  -0.001463685218
 -0.000000909571   0.000000525141   0.001069275307
 -0.000000744262   0.000001140537  -0.000022680957
  0.000000615603  -0.000001214818  -0.000022680957
  0.000000000000  -0.000001050282   0.001069275307
  0.000004654067  -0.000002687026  -0.001463685218
 -0.000000000001   0.000005374053  -0.001463685218
 -0.000000140319   0.000004036849  -0.000153184663
  0.000000928723   0.000000536198  -0.000066306334
  0.000003425855  -0.000002139944  -0.000153184663
  0.000003566173  -0.000001896905  -0.000153184663
  0.000000909571   0.000000525141   0.001069275307
  0.000000140318   0.000004036849  -0.000153184663
 -0.000000000000   0.000000246954   0.000529946994
  0.000000213868  -0.000000123477   0.000529946994
  0.000000000000  -0.000001072397  -0.000066306334
  0.000001359865   0.000000074281  -0.000022680957
  0.000000744262   0.000001140537  -0.000022680957
 -0.000000928723   0.000000536198  -0.000066306334
 -0.000000213868  -0.000000123477   0.000529946994
 -0.000003566173  -0.000001896905  -0.000153184663
 -0.000001359865   0.000000074281  -0.000022680957
 -0.000000000000   0.000000000000   0.000241933621
 -0.000000615603  -0.000001214818  -0.000022680957
 -0.000003425854  -0.000002139944  -0.000153184663
  0.000000000000   0.000000000000  -0.159204840141
  0.000001658466   0.000001484537  -0.001112612540
  0.000001609239   0.000004918322  -0.000504902257
  0.000005064012  -0.000001065519  -0.000504902257
  0.000002114880   0.000000694005  -0.001112612540
  0.000000456414  -0.000002178542  -0.001112612540
 -0.000001658467   0.000001484537  -0.001112612540
 -0.000000000001   0.000007694408   0.000527554397
  0.000002668960   0.000001540925  -0.000073147461
  0.000006663554  -0.000003847204   0.000527554397
  0.000003454773  -0.000003852803  -0.000504902257
  0.000002484263   0.000001434290   0.000529768538
 -0.000001609240   0.000004918322  -0.000504902257
 -0.000002668960   0.000001540925  -0.000073147461
  0.000000000000  -0.000003081849  -0.000073147461
 -0.000003454772  -0.000003852803  -0.000504902257
  0.000000000000  -0.000001396311  -0.000071280908
 -0.000001209241   0.000000698156  -0.000071280908
 -0.000005064012  -0.000001065519  -0.000504902257
 -0.000006663553  -0.000003847204   0.000527554397
 -0.000000456414  -0.000002178542  -0.001112612540
 -0.000002484263   0.000001434290   0.000529768538
  0.000001209241   0.000000698156  -0.000071280908
  0.000000000000  -0.000002868580   0.000529768538
 -0.000002114880   0.000000694005  -0.001112612540
  0.005803916551  -0.003350892268   0.009320182887
  0.000694217318  -0.000643515698  -0.000019314977
 -0.000140130412  -0.000080904331  -0.000097871187
 -0.000210192492   0.000922967561  -0.000019314977
 -0.000000000892   0.006701784536   0.009320182887
 -0.005803915659  -0.003350892268   0.009320182887
 -0.000000000014   0.000108738532  -0.000157708076
 -0.000005745995  -0.000143492392   0.000012649646
 -0.000127141082   0.000066770002   0.000012649646
  0.000094170345  -0.000054369266  -0.000157708076
 -0.000904409564  -0.000279451864  -0.000019314977
 -0.000694217147  -0.000643515698  -0.000019314977
  0.000005746033  -0.000143492392   0.000012649646
 -0.000000000000   0.000000000000  -0.000089875178
 -0.000121395069   0.000076722389   0.000012649646
 -0.000000000022   0.000161808663  -0.000097871187
  0.000180373520   0.000104138700  -0.000091707932
  0.000140130434  -0.000080904331  -0.000097871187
  0.000127141064   0.000066770002   0.000012649646
  0.000121395049   0.000076722389   0.000012649646
  0.000904409638  -0.000279451864  -0.000019314977
 -0.000180373548   0.000104138700  -0.000091707932
  0.000000000028  -0.000208277401  -0.000091707932
  0.000210192246   0.000922967561  -0.000019314977
 -0.000094170331  -0.000054369266  -0.000157708076
  0.000000000000   0.000000000000   0.049814678702
  0.001546056056  -0.000092491727   0.001413015342
 -0.000123476587   0.000481071631   0.000064133009
  0.000354882071  -0.000347469613   0.000064133009
  0.000692927646   0.001385169570   0.001413015342
 -0.000853128041  -0.001292677843   0.001413015342
 -0.001546056031  -0.000092491727   0.001413015342
  0.000000000056  -0.000417980251  -0.000407402581
  0.000046858826   0.000027053956  -0.000087614109
 -0.000361981571   0.000208990125  -0.000407402581
  0.000478358565  -0.000133602018   0.000064133009
  0.000003017181   0.000001741970  -0.000134944153
  0.000123476459   0.000481071631   0.000064133009
 -0.000046858833   0.000027053956  -0.000087614109
  0.000000000007  -0.000054107911  -0.000087614109
 -0.000478358530  -0.000133602018   0.000064133009
  0.000000000018  -0.000138855190  -0.000062307101
 -0.000120252141   0.000069427595  -0.000062307101
 -0.000354881978  -0.000347469613   0.000064133009
  0.000361981515   0.000208990125  -0.000407402581
  0.000853128385  -0.001292677843   0.001413015342
 -0.000003017182   0.000001741970  -0.000134944153
  0.000120252122   0.000069427595  -0.000062307101
  0.000000000000  -0.000003483941  -0.000134944153
 -0.000692928015   0.001385169570   0.001413015342
