Automatically generated mesh
     100
Reciprocal lattice
    0.00000000000000    0.00000000000000    0.00000000000000             1
    0.05263157894737    0.00000000000000    0.00000000000000             4
    0.10526315789474    0.00000000000000    0.00000000000000             4
    0.15789473684210    0.00000000000000    0.00000000000000             4
    0.21052631578947    0.00000000000000    0.00000000000000             4
    0.26315789473684    0.00000000000000    0.00000000000000             4
    0.31578947368421    0.00000000000000    0.00000000000000             4
    0.36842105263158    0.00000000000000    0.00000000000000             4
    0.42105263157895    0.00000000000000    0.00000000000000             4
    0.47368421052632    0.00000000000000    0.00000000000000             4
    0.00000000000000    0.05263157894737    0.00000000000000             2
    0.10526315789474    0.05263157894737    0.00000000000000             2
    0.15789473684210    0.05263157894737    0.00000000000000             4
    0.21052631578947    0.05263157894737    0.00000000000000             4
    0.26315789473684    0.05263157894737    0.00000000000000             4
    0.31578947368421    0.05263157894737    0.00000000000000             4
    0.36842105263158    0.05263157894737    0.00000000000000             4
    0.42105263157895    0.05263157894737    0.00000000000000             4
    0.47368421052632    0.05263157894737    0.00000000000000             4
   -0.47368421052631    0.05263157894737    0.00000000000000             4
   -0.42105263157894    0.05263157894737    0.00000000000000             4
   -0.36842105263157    0.05263157894737    0.00000000000000             4
   -0.31578947368421    0.05263157894737    0.00000000000000             4
   -0.26315789473684    0.05263157894737    0.00000000000000             4
   -0.21052631578947    0.05263157894737    0.00000000000000             4
   -0.15789473684210    0.05263157894737    0.00000000000000             4
   -0.10526315789474    0.05263157894737    0.00000000000000             4
   -0.05263157894737    0.05263157894737    0.00000000000000             4
    0.00000000000000    0.10526315789474    0.00000000000000             2
    0.21052631578947    0.10526315789474    0.00000000000000             2
    0.26315789473684    0.10526315789474    0.00000000000000             4
    0.31578947368421    0.10526315789474    0.00000000000000             4
    0.36842105263158    0.10526315789474    0.00000000000000             4
    0.42105263157895    0.10526315789474    0.00000000000000             4
    0.47368421052632    0.10526315789474    0.00000000000000             4
   -0.47368421052631    0.10526315789474    0.00000000000000             4
   -0.42105263157894    0.10526315789474    0.00000000000000             4
   -0.36842105263157    0.10526315789474    0.00000000000000             4
   -0.31578947368421    0.10526315789474    0.00000000000000             4
   -0.26315789473684    0.10526315789474    0.00000000000000             4
   -0.21052631578947    0.10526315789474    0.00000000000000             4
   -0.15789473684210    0.10526315789474    0.00000000000000             4
   -0.10526315789474    0.10526315789474    0.00000000000000             4
   -0.05263157894737    0.10526315789474    0.00000000000000             4
    0.00000000000000    0.15789473684210    0.00000000000000             2
    0.31578947368421    0.15789473684210    0.00000000000000             2
    0.36842105263158    0.15789473684210    0.00000000000000             4
    0.42105263157895    0.15789473684210    0.00000000000000             4
    0.47368421052632    0.15789473684210    0.00000000000000             4
   -0.47368421052631    0.15789473684210    0.00000000000000             4
   -0.42105263157894    0.15789473684210    0.00000000000000             4
   -0.36842105263157    0.15789473684210    0.00000000000000             4
   -0.31578947368421    0.15789473684210    0.00000000000000             4
   -0.26315789473684    0.15789473684210    0.00000000000000             4
   -0.21052631578947    0.15789473684210    0.00000000000000             4
   -0.15789473684210    0.15789473684210    0.00000000000000             4
   -0.10526315789474    0.15789473684210    0.00000000000000             4
   -0.05263157894737    0.15789473684210    0.00000000000000             4
    0.00000000000000    0.21052631578947    0.00000000000000             2
    0.42105263157895    0.21052631578947    0.00000000000000             2
    0.47368421052632    0.21052631578947    0.00000000000000             4
   -0.47368421052631    0.21052631578947    0.00000000000000             4
   -0.42105263157894    0.21052631578947    0.00000000000000             4
   -0.36842105263157    0.21052631578947    0.00000000000000             4
   -0.31578947368421    0.21052631578947    0.00000000000000             4
   -0.26315789473684    0.21052631578947    0.00000000000000             4
   -0.21052631578947    0.21052631578947    0.00000000000000             4
   -0.15789473684210    0.21052631578947    0.00000000000000             4
   -0.10526315789474    0.21052631578947    0.00000000000000             4
   -0.05263157894737    0.21052631578947    0.00000000000000             4
    0.00000000000000    0.26315789473684    0.00000000000000             2
   -0.47368421052631    0.26315789473684    0.00000000000000             2
   -0.42105263157894    0.26315789473684    0.00000000000000             4
   -0.36842105263157    0.26315789473684    0.00000000000000             4
   -0.31578947368421    0.26315789473684    0.00000000000000             4
   -0.26315789473684    0.26315789473684    0.00000000000000             4
   -0.21052631578947    0.26315789473684    0.00000000000000             4
   -0.15789473684210    0.26315789473684    0.00000000000000             4
   -0.10526315789474    0.26315789473684    0.00000000000000             4
   -0.05263157894737    0.26315789473684    0.00000000000000             4
    0.00000000000000    0.31578947368421    0.00000000000000             2
   -0.36842105263157    0.31578947368421    0.00000000000000             2
   -0.31578947368421    0.31578947368421    0.00000000000000             4
   -0.26315789473684    0.31578947368421    0.00000000000000             4
   -0.21052631578947    0.31578947368421    0.00000000000000             4
   -0.15789473684210    0.31578947368421    0.00000000000000             4
   -0.10526315789474    0.31578947368421    0.00000000000000             4
   -0.05263157894737    0.31578947368421    0.00000000000000             4
    0.00000000000000    0.36842105263158    0.00000000000000             2
   -0.26315789473684    0.36842105263158    0.00000000000000             2
   -0.21052631578947    0.36842105263158    0.00000000000000             4
   -0.15789473684210    0.36842105263158    0.00000000000000             4
   -0.10526315789474    0.36842105263158    0.00000000000000             4
   -0.05263157894737    0.36842105263158    0.00000000000000             4
    0.00000000000000    0.42105263157895    0.00000000000000             2
   -0.15789473684210    0.42105263157895    0.00000000000000             2
   -0.10526315789474    0.42105263157895    0.00000000000000             4
   -0.05263157894737    0.42105263157895    0.00000000000000             4
    0.00000000000000    0.47368421052632    0.00000000000000             2
   -0.05263157894737    0.47368421052632    0.00000000000000             2
