Automatically generated mesh
     358
Reciprocal lattice
    0.00000000000000    0.00000000000000    0.00000000000000             1
    0.09090909090909    0.00000000000000    0.00000000000000             2
    0.18181818181818    0.00000000000000    0.00000000000000             2
    0.27272727272727    0.00000000000000    0.00000000000000             2
    0.36363636363637    0.00000000000000    0.00000000000000             2
    0.45454545454545    0.00000000000000    0.00000000000000             2
    0.00000000000000    0.01538461538462    0.00000000000000             2
    0.09090909090909    0.01538461538462    0.00000000000000             2
    0.18181818181818    0.01538461538462    0.00000000000000             2
    0.27272727272727    0.01538461538462    0.00000000000000             2
    0.36363636363637    0.01538461538462    0.00000000000000             2
    0.45454545454545    0.01538461538462    0.00000000000000             2
   -0.45454545454545    0.01538461538462    0.00000000000000             2
   -0.36363636363637    0.01538461538462    0.00000000000000             2
   -0.27272727272727    0.01538461538462    0.00000000000000             2
   -0.18181818181818    0.01538461538462    0.00000000000000             2
   -0.09090909090909    0.01538461538462    0.00000000000000             2
    0.00000000000000    0.03076923076923    0.00000000000000             2
    0.09090909090909    0.03076923076923    0.00000000000000             2
    0.18181818181818    0.03076923076923    0.00000000000000             2
    0.27272727272727    0.03076923076923    0.00000000000000             2
    0.36363636363637    0.03076923076923    0.00000000000000             2
    0.45454545454545    0.03076923076923    0.00000000000000             2
   -0.45454545454545    0.03076923076923    0.00000000000000             2
   -0.36363636363637    0.03076923076923    0.00000000000000             2
   -0.27272727272727    0.03076923076923    0.00000000000000             2
   -0.18181818181818    0.03076923076923    0.00000000000000             2
   -0.09090909090909    0.03076923076923    0.00000000000000             2
    0.00000000000000    0.04615384615385    0.00000000000000             2
    0.09090909090909    0.04615384615385    0.00000000000000             2
    0.18181818181818    0.04615384615385    0.00000000000000             2
    0.27272727272727    0.04615384615385    0.00000000000000             2
    0.36363636363637    0.04615384615385    0.00000000000000             2
    0.45454545454545    0.04615384615385    0.00000000000000             2
   -0.45454545454545    0.04615384615385    0.00000000000000             2
   -0.36363636363637    0.04615384615385    0.00000000000000             2
   -0.27272727272727    0.04615384615385    0.00000000000000             2
   -0.18181818181818    0.04615384615385    0.00000000000000             2
   -0.09090909090909    0.04615384615385    0.00000000000000             2
    0.00000000000000    0.06153846153846    0.00000000000000             2
    0.09090909090909    0.06153846153846    0.00000000000000             2
    0.18181818181818    0.06153846153846    0.00000000000000             2
    0.27272727272727    0.06153846153846    0.00000000000000             2
    0.36363636363637    0.06153846153846    0.00000000000000             2
    0.45454545454545    0.06153846153846    0.00000000000000             2
   -0.45454545454545    0.06153846153846    0.00000000000000             2
   -0.36363636363637    0.06153846153846    0.00000000000000             2
   -0.27272727272727    0.06153846153846    0.00000000000000             2
   -0.18181818181818    0.06153846153846    0.00000000000000             2
   -0.09090909090909    0.06153846153846    0.00000000000000             2
    0.00000000000000    0.07692307692308    0.00000000000000             2
    0.09090909090909    0.07692307692308    0.00000000000000             2
    0.18181818181818    0.07692307692308    0.00000000000000             2
    0.27272727272727    0.07692307692308    0.00000000000000             2
    0.36363636363637    0.07692307692308    0.00000000000000             2
    0.45454545454545    0.07692307692308    0.00000000000000             2
   -0.45454545454545    0.07692307692308    0.00000000000000             2
   -0.36363636363637    0.07692307692308    0.00000000000000             2
   -0.27272727272727    0.07692307692308    0.00000000000000             2
   -0.18181818181818    0.07692307692308    0.00000000000000             2
   -0.09090909090909    0.07692307692308    0.00000000000000             2
    0.00000000000000    0.09230769230769    0.00000000000000             2
    0.09090909090909    0.09230769230769    0.00000000000000             2
    0.18181818181818    0.09230769230769    0.00000000000000             2
    0.27272727272727    0.09230769230769    0.00000000000000             2
    0.36363636363637    0.09230769230769    0.00000000000000             2
    0.45454545454545    0.09230769230769    0.00000000000000             2
   -0.45454545454545    0.09230769230769    0.00000000000000             2
   -0.36363636363637    0.09230769230769    0.00000000000000             2
   -0.27272727272727    0.09230769230769    0.00000000000000             2
   -0.18181818181818    0.09230769230769    0.00000000000000             2
   -0.09090909090909    0.09230769230769    0.00000000000000             2
    0.00000000000000    0.10769230769231    0.00000000000000             2
    0.09090909090909    0.10769230769231    0.00000000000000             2
    0.18181818181818    0.10769230769231    0.00000000000000             2
    0.27272727272727    0.10769230769231    0.00000000000000             2
    0.36363636363637    0.10769230769231    0.00000000000000             2
    0.45454545454545    0.10769230769231    0.00000000000000             2
   -0.45454545454545    0.10769230769231    0.00000000000000             2
   -0.36363636363637    0.10769230769231    0.00000000000000             2
   -0.27272727272727    0.10769230769231    0.00000000000000             2
   -0.18181818181818    0.10769230769231    0.00000000000000             2
   -0.09090909090909    0.10769230769231    0.00000000000000             2
    0.00000000000000    0.12307692307692    0.00000000000000             2
    0.09090909090909    0.12307692307692    0.00000000000000             2
    0.18181818181818    0.12307692307692    0.00000000000000             2
    0.27272727272727    0.12307692307692    0.00000000000000             2
    0.36363636363637    0.12307692307692    0.00000000000000             2
    0.45454545454545    0.12307692307692    0.00000000000000             2
   -0.45454545454545    0.12307692307692    0.00000000000000             2
   -0.36363636363637    0.12307692307692    0.00000000000000             2
   -0.27272727272727    0.12307692307692    0.00000000000000             2
   -0.18181818181818    0.12307692307692    0.00000000000000             2
   -0.09090909090909    0.12307692307692    0.00000000000000             2
    0.00000000000000    0.13846153846154    0.00000000000000             2
    0.09090909090909    0.13846153846154    0.00000000000000             2
    0.18181818181818    0.13846153846154    0.00000000000000             2
    0.27272727272727    0.13846153846154    0.00000000000000             2
    0.36363636363637    0.13846153846154    0.00000000000000             2
    0.45454545454545    0.13846153846154    0.00000000000000             2
   -0.45454545454545    0.13846153846154    0.00000000000000             2
   -0.36363636363637    0.13846153846154    0.00000000000000             2
   -0.27272727272727    0.13846153846154    0.00000000000000             2
   -0.18181818181818    0.13846153846154    0.00000000000000             2
   -0.09090909090909    0.13846153846154    0.00000000000000             2
    0.00000000000000    0.15384615384615    0.00000000000000             2
    0.09090909090909    0.15384615384615    0.00000000000000             2
    0.18181818181818    0.15384615384615    0.00000000000000             2
    0.27272727272727    0.15384615384615    0.00000000000000             2
    0.36363636363637    0.15384615384615    0.00000000000000             2
    0.45454545454545    0.15384615384615    0.00000000000000             2
   -0.45454545454545    0.15384615384615    0.00000000000000             2
   -0.36363636363637    0.15384615384615    0.00000000000000             2
   -0.27272727272727    0.15384615384615    0.00000000000000             2
   -0.18181818181818    0.15384615384615    0.00000000000000             2
   -0.09090909090909    0.15384615384615    0.00000000000000             2
    0.00000000000000    0.16923076923077    0.00000000000000             2
    0.09090909090909    0.16923076923077    0.00000000000000             2
    0.18181818181818    0.16923076923077    0.00000000000000             2
    0.27272727272727    0.16923076923077    0.00000000000000             2
    0.36363636363637    0.16923076923077    0.00000000000000             2
    0.45454545454545    0.16923076923077    0.00000000000000             2
   -0.45454545454545    0.16923076923077    0.00000000000000             2
   -0.36363636363637    0.16923076923077    0.00000000000000             2
   -0.27272727272727    0.16923076923077    0.00000000000000             2
   -0.18181818181818    0.16923076923077    0.00000000000000             2
   -0.09090909090909    0.16923076923077    0.00000000000000             2
    0.00000000000000    0.18461538461539    0.00000000000000             2
    0.09090909090909    0.18461538461539    0.00000000000000             2
    0.18181818181818    0.18461538461539    0.00000000000000             2
    0.27272727272727    0.18461538461539    0.00000000000000             2
    0.36363636363637    0.18461538461539    0.00000000000000             2
    0.45454545454545    0.18461538461539    0.00000000000000             2
   -0.45454545454545    0.18461538461539    0.00000000000000             2
   -0.36363636363637    0.18461538461539    0.00000000000000             2
   -0.27272727272727    0.18461538461539    0.00000000000000             2
   -0.18181818181818    0.18461538461539    0.00000000000000             2
   -0.09090909090909    0.18461538461539    0.00000000000000             2
    0.00000000000000    0.20000000000000    0.00000000000000             2
    0.09090909090909    0.20000000000000    0.00000000000000             2
    0.18181818181818    0.20000000000000    0.00000000000000             2
    0.27272727272727    0.20000000000000    0.00000000000000             2
    0.36363636363637    0.20000000000000    0.00000000000000             2
    0.45454545454545    0.20000000000000    0.00000000000000             2
   -0.45454545454545    0.20000000000000    0.00000000000000             2
   -0.36363636363637    0.20000000000000    0.00000000000000             2
   -0.27272727272727    0.20000000000000    0.00000000000000             2
   -0.18181818181818    0.20000000000000    0.00000000000000             2
   -0.09090909090909    0.20000000000000    0.00000000000000             2
    0.00000000000000    0.21538461538462    0.00000000000000             2
    0.09090909090909    0.21538461538462    0.00000000000000             2
    0.18181818181818    0.21538461538462    0.00000000000000             2
    0.27272727272727    0.21538461538462    0.00000000000000             2
    0.36363636363637    0.21538461538462    0.00000000000000             2
    0.45454545454545    0.21538461538462    0.00000000000000             2
   -0.45454545454545    0.21538461538462    0.00000000000000             2
   -0.36363636363637    0.21538461538462    0.00000000000000             2
   -0.27272727272727    0.21538461538462    0.00000000000000             2
   -0.18181818181818    0.21538461538462    0.00000000000000             2
   -0.09090909090909    0.21538461538462    0.00000000000000             2
    0.00000000000000    0.23076923076923    0.00000000000000             2
    0.09090909090909    0.23076923076923    0.00000000000000             2
    0.18181818181818    0.23076923076923    0.00000000000000             2
    0.27272727272727    0.23076923076923    0.00000000000000             2
    0.36363636363637    0.23076923076923    0.00000000000000             2
    0.45454545454545    0.23076923076923    0.00000000000000             2
   -0.45454545454545    0.23076923076923    0.00000000000000             2
   -0.36363636363637    0.23076923076923    0.00000000000000             2
   -0.27272727272727    0.23076923076923    0.00000000000000             2
   -0.18181818181818    0.23076923076923    0.00000000000000             2
   -0.09090909090909    0.23076923076923    0.00000000000000             2
    0.00000000000000    0.24615384615385    0.00000000000000             2
    0.09090909090909    0.24615384615385    0.00000000000000             2
    0.18181818181818    0.24615384615385    0.00000000000000             2
    0.27272727272727    0.24615384615385    0.00000000000000             2
    0.36363636363637    0.24615384615385    0.00000000000000             2
    0.45454545454545    0.24615384615385    0.00000000000000             2
   -0.45454545454545    0.24615384615385    0.00000000000000             2
   -0.36363636363637    0.24615384615385    0.00000000000000             2
   -0.27272727272727    0.24615384615385    0.00000000000000             2
   -0.18181818181818    0.24615384615385    0.00000000000000             2
   -0.09090909090909    0.24615384615385    0.00000000000000             2
    0.00000000000000    0.26153846153847    0.00000000000000             2
    0.09090909090909    0.26153846153847    0.00000000000000             2
    0.18181818181818    0.26153846153847    0.00000000000000             2
    0.27272727272727    0.26153846153847    0.00000000000000             2
    0.36363636363637    0.26153846153847    0.00000000000000             2
    0.45454545454545    0.26153846153847    0.00000000000000             2
   -0.45454545454545    0.26153846153847    0.00000000000000             2
   -0.36363636363637    0.26153846153847    0.00000000000000             2
   -0.27272727272727    0.26153846153847    0.00000000000000             2
   -0.18181818181818    0.26153846153847    0.00000000000000             2
   -0.09090909090909    0.26153846153847    0.00000000000000             2
    0.00000000000000    0.27692307692308    0.00000000000000             2
    0.09090909090909    0.27692307692308    0.00000000000000             2
    0.18181818181818    0.27692307692308    0.00000000000000             2
    0.27272727272727    0.27692307692308    0.00000000000000             2
    0.36363636363637    0.27692307692308    0.00000000000000             2
    0.45454545454545    0.27692307692308    0.00000000000000             2
   -0.45454545454545    0.27692307692308    0.00000000000000             2
   -0.36363636363637    0.27692307692308    0.00000000000000             2
   -0.27272727272727    0.27692307692308    0.00000000000000             2
   -0.18181818181818    0.27692307692308    0.00000000000000             2
   -0.09090909090909    0.27692307692308    0.00000000000000             2
    0.00000000000000    0.29230769230770    0.00000000000000             2
    0.09090909090909    0.29230769230770    0.00000000000000             2
    0.18181818181818    0.29230769230770    0.00000000000000             2
    0.27272727272727    0.29230769230770    0.00000000000000             2
    0.36363636363637    0.29230769230770    0.00000000000000             2
    0.45454545454545    0.29230769230770    0.00000000000000             2
   -0.45454545454545    0.29230769230770    0.00000000000000             2
   -0.36363636363637    0.29230769230770    0.00000000000000             2
   -0.27272727272727    0.29230769230770    0.00000000000000             2
   -0.18181818181818    0.29230769230770    0.00000000000000             2
   -0.09090909090909    0.29230769230770    0.00000000000000             2
    0.00000000000000    0.30769230769231    0.00000000000000             2
    0.09090909090909    0.30769230769231    0.00000000000000             2
    0.18181818181818    0.30769230769231    0.00000000000000             2
    0.27272727272727    0.30769230769231    0.00000000000000             2
    0.36363636363637    0.30769230769231    0.00000000000000             2
    0.45454545454545    0.30769230769231    0.00000000000000             2
   -0.45454545454545    0.30769230769231    0.00000000000000             2
   -0.36363636363637    0.30769230769231    0.00000000000000             2
   -0.27272727272727    0.30769230769231    0.00000000000000             2
   -0.18181818181818    0.30769230769231    0.00000000000000             2
   -0.09090909090909    0.30769230769231    0.00000000000000             2
    0.00000000000000    0.32307692307693    0.00000000000000             2
    0.09090909090909    0.32307692307693    0.00000000000000             2
    0.18181818181818    0.32307692307693    0.00000000000000             2
    0.27272727272727    0.32307692307693    0.00000000000000             2
    0.36363636363637    0.32307692307693    0.00000000000000             2
    0.45454545454545    0.32307692307693    0.00000000000000             2
   -0.45454545454545    0.32307692307693    0.00000000000000             2
   -0.36363636363636    0.32307692307693    0.00000000000000             2
   -0.27272727272727    0.32307692307693    0.00000000000000             2
   -0.18181818181818    0.32307692307693    0.00000000000000             2
   -0.09090909090909    0.32307692307693    0.00000000000000             2
    0.00000000000000    0.33846153846154    0.00000000000000             2
    0.09090909090909    0.33846153846154    0.00000000000000             2
    0.18181818181818    0.33846153846154    0.00000000000000             2
    0.27272727272727    0.33846153846154    0.00000000000000             2
    0.36363636363637    0.33846153846154    0.00000000000000             2
    0.45454545454545    0.33846153846154    0.00000000000000             2
   -0.45454545454545    0.33846153846154    0.00000000000000             2
   -0.36363636363637    0.33846153846154    0.00000000000000             2
   -0.27272727272727    0.33846153846154    0.00000000000000             2
   -0.18181818181818    0.33846153846154    0.00000000000000             2
   -0.09090909090909    0.33846153846154    0.00000000000000             2
    0.00000000000000    0.35384615384616    0.00000000000000             2
    0.09090909090909    0.35384615384616    0.00000000000000             2
    0.18181818181818    0.35384615384616    0.00000000000000             2
    0.27272727272727    0.35384615384616    0.00000000000000             2
    0.36363636363637    0.35384615384616    0.00000000000000             2
    0.45454545454545    0.35384615384616    0.00000000000000             2
   -0.45454545454545    0.35384615384616    0.00000000000000             2
   -0.36363636363637    0.35384615384616    0.00000000000000             2
   -0.27272727272727    0.35384615384616    0.00000000000000             2
   -0.18181818181818    0.35384615384616    0.00000000000000             2
   -0.09090909090909    0.35384615384616    0.00000000000000             2
    0.00000000000000    0.36923076923077    0.00000000000000             2
    0.09090909090909    0.36923076923077    0.00000000000000             2
    0.18181818181818    0.36923076923077    0.00000000000000             2
    0.27272727272727    0.36923076923077    0.00000000000000             2
    0.36363636363637    0.36923076923077    0.00000000000000             2
    0.45454545454545    0.36923076923077    0.00000000000000             2
   -0.45454545454545    0.36923076923077    0.00000000000000             2
   -0.36363636363637    0.36923076923077    0.00000000000000             2
   -0.27272727272727    0.36923076923077    0.00000000000000             2
   -0.18181818181818    0.36923076923077    0.00000000000000             2
   -0.09090909090909    0.36923076923077    0.00000000000000             2
    0.00000000000000    0.38461538461539    0.00000000000000             2
    0.09090909090909    0.38461538461539    0.00000000000000             2
    0.18181818181818    0.38461538461539    0.00000000000000             2
    0.27272727272727    0.38461538461539    0.00000000000000             2
    0.36363636363637    0.38461538461539    0.00000000000000             2
    0.45454545454545    0.38461538461539    0.00000000000000             2
   -0.45454545454545    0.38461538461539    0.00000000000000             2
   -0.36363636363637    0.38461538461539    0.00000000000000             2
   -0.27272727272727    0.38461538461539    0.00000000000000             2
   -0.18181818181818    0.38461538461539    0.00000000000000             2
   -0.09090909090909    0.38461538461539    0.00000000000000             2
    0.00000000000000    0.40000000000000    0.00000000000000             2
    0.09090909090909    0.40000000000000    0.00000000000000             2
    0.18181818181818    0.40000000000000    0.00000000000000             2
    0.27272727272727    0.40000000000000    0.00000000000000             2
    0.36363636363637    0.40000000000000    0.00000000000000             2
    0.45454545454545    0.40000000000000    0.00000000000000             2
   -0.45454545454545    0.40000000000000    0.00000000000000             2
   -0.36363636363637    0.40000000000000    0.00000000000000             2
   -0.27272727272727    0.40000000000000    0.00000000000000             2
   -0.18181818181818    0.40000000000000    0.00000000000000             2
   -0.09090909090909    0.40000000000000    0.00000000000000             2
    0.00000000000000    0.41538461538462    0.00000000000000             2
    0.09090909090909    0.41538461538462    0.00000000000000             2
    0.18181818181818    0.41538461538462    0.00000000000000             2
    0.27272727272727    0.41538461538462    0.00000000000000             2
    0.36363636363637    0.41538461538462    0.00000000000000             2
    0.45454545454545    0.41538461538462    0.00000000000000             2
   -0.45454545454545    0.41538461538462    0.00000000000000             2
   -0.36363636363636    0.41538461538462    0.00000000000000             2
   -0.27272727272727    0.41538461538462    0.00000000000000             2
   -0.18181818181818    0.41538461538462    0.00000000000000             2
   -0.09090909090909    0.41538461538462    0.00000000000000             2
    0.00000000000000    0.43076923076923    0.00000000000000             2
    0.09090909090910    0.43076923076923    0.00000000000000             2
    0.18181818181818    0.43076923076923    0.00000000000000             2
    0.27272727272727    0.43076923076923    0.00000000000000             2
    0.36363636363637    0.43076923076923    0.00000000000000             2
    0.45454545454545    0.43076923076923    0.00000000000000             2
   -0.45454545454545    0.43076923076923    0.00000000000000             2
   -0.36363636363637    0.43076923076923    0.00000000000000             2
   -0.27272727272727    0.43076923076923    0.00000000000000             2
   -0.18181818181818    0.43076923076923    0.00000000000000             2
   -0.09090909090909    0.43076923076923    0.00000000000000             2
    0.00000000000000    0.44615384615385    0.00000000000000             2
    0.09090909090910    0.44615384615385    0.00000000000000             2
    0.18181818181818    0.44615384615385    0.00000000000000             2
    0.27272727272727    0.44615384615385    0.00000000000000             2
    0.36363636363637    0.44615384615385    0.00000000000000             2
    0.45454545454545    0.44615384615385    0.00000000000000             2
   -0.45454545454545    0.44615384615385    0.00000000000000             2
   -0.36363636363637    0.44615384615385    0.00000000000000             2
   -0.27272727272727    0.44615384615385    0.00000000000000             2
   -0.18181818181818    0.44615384615385    0.00000000000000             2
   -0.09090909090909    0.44615384615385    0.00000000000000             2
    0.00000000000000    0.46153846153846    0.00000000000000             2
    0.09090909090910    0.46153846153846    0.00000000000000             2
    0.18181818181818    0.46153846153846    0.00000000000000             2
    0.27272727272727    0.46153846153846    0.00000000000000             2
    0.36363636363637    0.46153846153846    0.00000000000000             2
    0.45454545454545    0.46153846153846    0.00000000000000             2
   -0.45454545454545    0.46153846153846    0.00000000000000             2
   -0.36363636363637    0.46153846153846    0.00000000000000             2
   -0.27272727272727    0.46153846153846    0.00000000000000             2
   -0.18181818181818    0.46153846153846    0.00000000000000             2
   -0.09090909090909    0.46153846153846    0.00000000000000             2
    0.00000000000000    0.47692307692308    0.00000000000000             2
    0.09090909090909    0.47692307692308    0.00000000000000             2
    0.18181818181818    0.47692307692308    0.00000000000000             2
    0.27272727272727    0.47692307692308    0.00000000000000             2
    0.36363636363637    0.47692307692308    0.00000000000000             2
    0.45454545454545    0.47692307692308    0.00000000000000             2
   -0.45454545454545    0.47692307692308    0.00000000000000             2
   -0.36363636363637    0.47692307692308    0.00000000000000             2
   -0.27272727272727    0.47692307692308    0.00000000000000             2
   -0.18181818181818    0.47692307692308    0.00000000000000             2
   -0.09090909090909    0.47692307692308    0.00000000000000             2
    0.00000000000000    0.49230769230769    0.00000000000000             2
    0.09090909090909    0.49230769230769    0.00000000000000             2
    0.18181818181818    0.49230769230769    0.00000000000000             2
    0.27272727272727    0.49230769230769    0.00000000000000             2
    0.36363636363637    0.49230769230769    0.00000000000000             2
    0.45454545454545    0.49230769230769    0.00000000000000             2
   -0.45454545454545    0.49230769230769    0.00000000000000             2
   -0.36363636363637    0.49230769230769    0.00000000000000             2
   -0.27272727272727    0.49230769230769    0.00000000000000             2
   -0.18181818181818    0.49230769230769    0.00000000000000             2
   -0.09090909090909    0.49230769230769    0.00000000000000             2
