    2   27    4
  9.013  1.000
    1    1  0.0150  0.0000  0.0000
 -0.037491839569  -0.000000000000   0.000000000000
  0.007983052060  -0.005592177866   0.000000000000
  0.007983238025  -0.005591719450   0.000000000000
  0.007983238025   0.005591719450   0.000000000000
 -0.001702296009   0.000000469150   0.000000000000
  0.001198450377  -0.000000000000   0.000000000000
  0.007983052060   0.005592177866   0.000000000000
  0.001199207185  -0.000000000000   0.000000000000
 -0.001702296009  -0.000000469150   0.000000000000
  0.015423658935  -0.000000000000   0.000000456395
 -0.003141890696   0.002294485547   0.000009870875
 -0.003141693670   0.002292433896  -0.000009759039
 -0.003141693670  -0.002292433896  -0.000009759039
  0.000830944880  -0.000000448277   0.000000312313
 -0.000617472132  -0.000000000000  -0.000000002906
 -0.003141890696  -0.002294485547   0.000009870875
 -0.000617810903  -0.000000000000  -0.000000039088
  0.000830944880   0.000000448277   0.000000312313
  0.015423658935  -0.000000000000  -0.000000456395
 -0.003141890696   0.002294485547  -0.000009870875
 -0.003141693670   0.002292433896   0.000009759039
 -0.003141693670  -0.002292433896   0.000009759039
  0.000830944880  -0.000000448277  -0.000000312313
 -0.000617472132  -0.000000000000   0.000000002906
 -0.003141890696  -0.002294485547  -0.000009870875
 -0.000617810903  -0.000000000000   0.000000039088
  0.000830944880   0.000000448277  -0.000000312313
    1    2  0.0000  0.0000  0.0150
  0.000000000000   0.000000000000  -0.411441951058
  0.000000474834  -0.000000274146  -0.005502243054
 -0.000000474834   0.000000274146  -0.005502243054
 -0.000000474834  -0.000000274146  -0.005502243054
  0.000000000000  -0.000000548291  -0.005502243054
  0.000000000000  -0.000000000000  -0.001888478176
  0.000000474834   0.000000274146  -0.005502243054
  0.000000000000   0.000000000000  -0.001888478176
  0.000000000000   0.000000548291  -0.005502243054
  0.000000000000  -0.000000000000   0.218484394940
 -0.002163337297   0.001249003371   0.000809135109
  0.002163337297  -0.001249003371   0.000809135109
  0.002163337297   0.001249003371   0.000809135109
  0.000000000000   0.002498006741   0.000809135109
  0.000000000000   0.000000000000   0.000388671822
 -0.002163337297  -0.001249003371   0.000809135109
  0.000000000000   0.000000000000   0.000388671822
  0.000000000000  -0.002498006741   0.000809135109
  0.000000000000   0.000000000000   0.218482573714
  0.002161830303  -0.001248133307   0.000809453565
 -0.002161830303   0.001248133307   0.000809453565
 -0.002161830303  -0.001248133307   0.000809453565
  0.000000000000  -0.002496266615   0.000809453565
  0.000000000000   0.000000000000   0.000388260693
  0.002161830303   0.001248133307   0.000809453565
  0.000000000000   0.000000000000   0.000388260693
  0.000000000000   0.002496266615   0.000809453565
   10    1  0.0150  0.0000  0.0000
  0.015575242313   0.000000000000  -0.000020737905
 -0.003156631977   0.002300917415   0.002215913205
 -0.003157092707   0.002300651567  -0.002168464530
 -0.003157092707  -0.002300651567  -0.002168464530
  0.000828742016  -0.000000287656   0.000024115306
 -0.000654574614   0.000000000000   0.000037585373
 -0.003156631977  -0.002300917415   0.002215913205
 -0.000655464499   0.000000000000   0.000037850204
  0.000828742016   0.000000287656   0.000024115306
 -0.005634888999   0.000000000000  -0.000016014813
  0.003226996811  -0.002158396518  -0.000429889335
  0.003211024798  -0.002147939273   0.000412867349
  0.003211024798   0.002147939273   0.000412867349
 -0.000513088807  -0.000003819847  -0.000008938856
  0.000581769812   0.000000000000  -0.000013993916
  0.003226996811   0.002158396518  -0.000429889335
  0.000582735443   0.000000000000  -0.000014134065
 -0.000513088807   0.000003819847  -0.000008938856
 -0.011916900059   0.000000000000  -0.000018526201
  0.000236649284  -0.000192334590  -0.000355922541
  0.000247532984  -0.000198963716   0.000336584374
  0.000247532984   0.000198963716   0.000336584374
 -0.000097489939   0.000003572477  -0.000008990107
  0.000234222442   0.000000000000  -0.000013345594
  0.000236649284   0.000192334590  -0.000355922541
  0.000234573234   0.000000000000  -0.000013232816
 -0.000097489939  -0.000003572477  -0.000008990107
   10    2  0.0000  0.0000  0.0150
 -0.000000000000   0.000000000000   0.218423992495
  0.000041374344  -0.000023887489   0.000814622597
 -0.000041374344   0.000023887489   0.000814622597
 -0.000041374344  -0.000023887489   0.000814622597
  0.000000000000  -0.000047774978   0.000814622597
 -0.000000000000  -0.000000000000   0.000384145287
  0.000041374344   0.000023887489   0.000814622597
  0.000000000000  -0.000000000000   0.000384145287
  0.000000000000   0.000047774978   0.000814622597
  0.000000000000  -0.000000000000  -0.220022228347
  0.000399679289  -0.000230754945  -0.000121216992
 -0.000399679289   0.000230754945  -0.000121216992
 -0.000399679289  -0.000230754945  -0.000121216992
  0.000000000000  -0.000461509890  -0.000121216992
 -0.000000000000   0.000000000000  -0.000037425189
  0.000399679289   0.000230754945  -0.000121216992
  0.000000000000  -0.000000000000  -0.000037425189
  0.000000000000   0.000461509890  -0.000121216992
  0.000000000000  -0.000000000000  -0.001851985151
 -0.000331011141   0.000191109371  -0.000196282139
  0.000331011141  -0.000191109371  -0.000196282139
  0.000331011141   0.000191109371  -0.000196282139
  0.000000000000   0.000382218743  -0.000196282139
  0.000000000000   0.000000000000  -0.000112979994
 -0.000331011141  -0.000191109371  -0.000196282139
  0.000000000000  -0.000000000000  -0.000112979994
  0.000000000000  -0.000382218743  -0.000196282139
