Automatically generated mesh
     400
Reciprocal lattice
    0.00000000000000    0.00000000000000    0.00000000000000             1
    0.05263157894737    0.00000000000000    0.00000000000000             6
    0.10526315789474    0.00000000000000    0.00000000000000             6
    0.15789473684210    0.00000000000000    0.00000000000000             6
    0.21052631578947    0.00000000000000    0.00000000000000             6
    0.26315789473684    0.00000000000000    0.00000000000000             6
    0.31578947368421    0.00000000000000    0.00000000000000             6
    0.36842105263158    0.00000000000000    0.00000000000000             6
    0.42105263157895    0.00000000000000    0.00000000000000             6
    0.47368421052632    0.00000000000000    0.00000000000000             6
    0.05263157894737    0.05263157894737    0.00000000000000             6
    0.10526315789474    0.05263157894737    0.00000000000000            12
    0.15789473684210    0.05263157894737    0.00000000000000            12
    0.21052631578947    0.05263157894737    0.00000000000000            12
    0.26315789473684    0.05263157894737    0.00000000000000            12
    0.31578947368421    0.05263157894737    0.00000000000000            12
    0.36842105263158    0.05263157894737    0.00000000000000            12
    0.42105263157895    0.05263157894737    0.00000000000000            12
    0.47368421052632    0.05263157894737    0.00000000000000             6
    0.10526315789474    0.10526315789474    0.00000000000000             6
    0.15789473684210    0.10526315789474    0.00000000000000            12
    0.21052631578947    0.10526315789474    0.00000000000000            12
    0.26315789473684    0.10526315789474    0.00000000000000            12
    0.31578947368421    0.10526315789474    0.00000000000000            12
    0.36842105263158    0.10526315789474    0.00000000000000            12
    0.42105263157895    0.10526315789474    0.00000000000000            12
    0.15789473684210    0.15789473684210    0.00000000000000             6
    0.21052631578947    0.15789473684210    0.00000000000000            12
    0.26315789473684    0.15789473684210    0.00000000000000            12
    0.31578947368421    0.15789473684210    0.00000000000000            12
    0.36842105263158    0.15789473684210    0.00000000000000            12
    0.42105263157895    0.15789473684210    0.00000000000000             6
    0.21052631578947    0.21052631578947    0.00000000000000             6
    0.26315789473684    0.21052631578947    0.00000000000000            12
    0.31578947368421    0.21052631578947    0.00000000000000            12
    0.36842105263158    0.21052631578947    0.00000000000000            12
    0.26315789473684    0.26315789473684    0.00000000000000             6
    0.31578947368421    0.26315789473684    0.00000000000000            12
    0.36842105263158    0.26315789473684    0.00000000000000             6
    0.31578947368421    0.31578947368421    0.00000000000000             6
    0.00000000000000    0.00000000000000    0.05263157894737             2
    0.05263157894737    0.00000000000000    0.05263157894737            12
    0.10526315789474    0.00000000000000    0.05263157894737            12
    0.15789473684210    0.00000000000000    0.05263157894737            12
    0.21052631578947    0.00000000000000    0.05263157894737            12
    0.26315789473684    0.00000000000000    0.05263157894737            12
    0.31578947368421    0.00000000000000    0.05263157894737            12
    0.36842105263158    0.00000000000000    0.05263157894737            12
    0.42105263157895    0.00000000000000    0.05263157894737            12
    0.47368421052632    0.00000000000000    0.05263157894737            12
    0.05263157894737    0.05263157894737    0.05263157894737            12
    0.10526315789474    0.05263157894737    0.05263157894737            24
    0.15789473684210    0.05263157894737    0.05263157894737            24
    0.21052631578947    0.05263157894737    0.05263157894737            24
    0.26315789473684    0.05263157894737    0.05263157894737            24
    0.31578947368421    0.05263157894737    0.05263157894737            24
    0.36842105263158    0.05263157894737    0.05263157894737            24
    0.42105263157895    0.05263157894737    0.05263157894737            24
    0.47368421052632    0.05263157894737    0.05263157894737            12
    0.10526315789474    0.10526315789474    0.05263157894737            12
    0.15789473684210    0.10526315789474    0.05263157894737            24
    0.21052631578947    0.10526315789474    0.05263157894737            24
    0.26315789473684    0.10526315789474    0.05263157894737            24
    0.31578947368421    0.10526315789474    0.05263157894737            24
    0.36842105263158    0.10526315789474    0.05263157894737            24
    0.42105263157895    0.10526315789474    0.05263157894737            24
    0.15789473684210    0.15789473684210    0.05263157894737            12
    0.21052631578947    0.15789473684210    0.05263157894737            24
    0.26315789473684    0.15789473684210    0.05263157894737            24
    0.31578947368421    0.15789473684210    0.05263157894737            24
    0.36842105263158    0.15789473684210    0.05263157894737            24
    0.42105263157895    0.15789473684210    0.05263157894737            12
    0.21052631578947    0.21052631578947    0.05263157894737            12
    0.26315789473684    0.21052631578947    0.05263157894737            24
    0.31578947368421    0.21052631578947    0.05263157894737            24
    0.36842105263158    0.21052631578947    0.05263157894737            24
    0.26315789473684    0.26315789473684    0.05263157894737            12
    0.31578947368421    0.26315789473684    0.05263157894737            24
    0.36842105263158    0.26315789473684    0.05263157894737            12
    0.31578947368421    0.31578947368421    0.05263157894737            12
    0.00000000000000    0.00000000000000    0.10526315789474             2
    0.05263157894737    0.00000000000000    0.10526315789474            12
    0.10526315789474    0.00000000000000    0.10526315789474            12
    0.15789473684210    0.00000000000000    0.10526315789474            12
    0.21052631578947    0.00000000000000    0.10526315789474            12
    0.26315789473684    0.00000000000000    0.10526315789474            12
    0.31578947368421    0.00000000000000    0.10526315789474            12
    0.36842105263158    0.00000000000000    0.10526315789474            12
    0.42105263157895    0.00000000000000    0.10526315789474            12
    0.47368421052632    0.00000000000000    0.10526315789474            12
    0.05263157894737    0.05263157894737    0.10526315789474            12
    0.10526315789474    0.05263157894737    0.10526315789474            24
    0.15789473684210    0.05263157894737    0.10526315789474            24
    0.21052631578947    0.05263157894737    0.10526315789474            24
    0.26315789473684    0.05263157894737    0.10526315789474            24
    0.31578947368421    0.05263157894737    0.10526315789474            24
    0.36842105263158    0.05263157894737    0.10526315789474            24
    0.42105263157895    0.05263157894737    0.10526315789474            24
    0.47368421052632    0.05263157894737    0.10526315789474            12
    0.10526315789474    0.10526315789474    0.10526315789474            12
    0.15789473684210    0.10526315789474    0.10526315789474            24
    0.21052631578947    0.10526315789474    0.10526315789474            24
    0.26315789473684    0.10526315789474    0.10526315789474            24
    0.31578947368421    0.10526315789474    0.10526315789474            24
    0.36842105263158    0.10526315789474    0.10526315789474            24
    0.42105263157895    0.10526315789474    0.10526315789474            24
    0.15789473684210    0.15789473684210    0.10526315789474            12
    0.21052631578947    0.15789473684210    0.10526315789474            24
    0.26315789473684    0.15789473684210    0.10526315789474            24
    0.31578947368421    0.15789473684210    0.10526315789474            24
    0.36842105263158    0.15789473684210    0.10526315789474            24
    0.42105263157895    0.15789473684210    0.10526315789474            12
    0.21052631578947    0.21052631578947    0.10526315789474            12
    0.26315789473684    0.21052631578947    0.10526315789474            24
    0.31578947368421    0.21052631578947    0.10526315789474            24
    0.36842105263158    0.21052631578947    0.10526315789474            24
    0.26315789473684    0.26315789473684    0.10526315789474            12
    0.31578947368421    0.26315789473684    0.10526315789474            24
    0.36842105263158    0.26315789473684    0.10526315789474            12
    0.31578947368421    0.31578947368421    0.10526315789474            12
    0.00000000000000    0.00000000000000    0.15789473684210             2
    0.05263157894737    0.00000000000000    0.15789473684210            12
    0.10526315789474    0.00000000000000    0.15789473684210            12
    0.15789473684210    0.00000000000000    0.15789473684210            12
    0.21052631578947    0.00000000000000    0.15789473684210            12
    0.26315789473684    0.00000000000000    0.15789473684210            12
    0.31578947368421    0.00000000000000    0.15789473684210            12
    0.36842105263158    0.00000000000000    0.15789473684210            12
    0.42105263157895    0.00000000000000    0.15789473684210            12
    0.47368421052632    0.00000000000000    0.15789473684210            12
    0.05263157894737    0.05263157894737    0.15789473684210            12
    0.10526315789474    0.05263157894737    0.15789473684210            24
    0.15789473684210    0.05263157894737    0.15789473684210            24
    0.21052631578947    0.05263157894737    0.15789473684210            24
    0.26315789473684    0.05263157894737    0.15789473684210            24
    0.31578947368421    0.05263157894737    0.15789473684210            24
    0.36842105263158    0.05263157894737    0.15789473684210            24
    0.42105263157895    0.05263157894737    0.15789473684210            24
    0.47368421052632    0.05263157894737    0.15789473684210            12
    0.10526315789474    0.10526315789474    0.15789473684210            12
    0.15789473684210    0.10526315789474    0.15789473684210            24
    0.21052631578947    0.10526315789474    0.15789473684210            24
    0.26315789473684    0.10526315789474    0.15789473684210            24
    0.31578947368421    0.10526315789474    0.15789473684210            24
    0.36842105263158    0.10526315789474    0.15789473684210            24
    0.42105263157895    0.10526315789474    0.15789473684210            24
    0.15789473684210    0.15789473684210    0.15789473684210            12
    0.21052631578947    0.15789473684210    0.15789473684210            24
    0.26315789473684    0.15789473684210    0.15789473684210            24
    0.31578947368421    0.15789473684210    0.15789473684210            24
    0.36842105263158    0.15789473684210    0.15789473684210            24
    0.42105263157895    0.15789473684210    0.15789473684210            12
    0.21052631578947    0.21052631578947    0.15789473684210            12
    0.26315789473684    0.21052631578947    0.15789473684210            24
    0.31578947368421    0.21052631578947    0.15789473684210            24
    0.36842105263158    0.21052631578947    0.15789473684210            24
    0.26315789473684    0.26315789473684    0.15789473684210            12
    0.31578947368421    0.26315789473684    0.15789473684210            24
    0.36842105263158    0.26315789473684    0.15789473684210            12
    0.31578947368421    0.31578947368421    0.15789473684210            12
    0.00000000000000    0.00000000000000    0.21052631578947             2
    0.05263157894737    0.00000000000000    0.21052631578947            12
    0.10526315789474    0.00000000000000    0.21052631578947            12
    0.15789473684210    0.00000000000000    0.21052631578947            12
    0.21052631578947    0.00000000000000    0.21052631578947            12
    0.26315789473684    0.00000000000000    0.21052631578947            12
    0.31578947368421    0.00000000000000    0.21052631578947            12
    0.36842105263158    0.00000000000000    0.21052631578947            12
    0.42105263157895    0.00000000000000    0.21052631578947            12
    0.47368421052632    0.00000000000000    0.21052631578947            12
    0.05263157894737    0.05263157894737    0.21052631578947            12
    0.10526315789474    0.05263157894737    0.21052631578947            24
    0.15789473684210    0.05263157894737    0.21052631578947            24
    0.21052631578947    0.05263157894737    0.21052631578947            24
    0.26315789473684    0.05263157894737    0.21052631578947            24
    0.31578947368421    0.05263157894737    0.21052631578947            24
    0.36842105263158    0.05263157894737    0.21052631578947            24
    0.42105263157895    0.05263157894737    0.21052631578947            24
    0.47368421052632    0.05263157894737    0.21052631578947            12
    0.10526315789474    0.10526315789474    0.21052631578947            12
    0.15789473684210    0.10526315789474    0.21052631578947            24
    0.21052631578947    0.10526315789474    0.21052631578947            24
    0.26315789473684    0.10526315789474    0.21052631578947            24
    0.31578947368421    0.10526315789474    0.21052631578947            24
    0.36842105263158    0.10526315789474    0.21052631578947            24
    0.42105263157895    0.10526315789474    0.21052631578947            24
    0.15789473684210    0.15789473684210    0.21052631578947            12
    0.21052631578947    0.15789473684210    0.21052631578947            24
    0.26315789473684    0.15789473684210    0.21052631578947            24
    0.31578947368421    0.15789473684210    0.21052631578947            24
    0.36842105263158    0.15789473684210    0.21052631578947            24
    0.42105263157895    0.15789473684210    0.21052631578947            12
    0.21052631578947    0.21052631578947    0.21052631578947            12
    0.26315789473684    0.21052631578947    0.21052631578947            24
    0.31578947368421    0.21052631578947    0.21052631578947            24
    0.36842105263158    0.21052631578947    0.21052631578947            24
    0.26315789473684    0.26315789473684    0.21052631578947            12
    0.31578947368421    0.26315789473684    0.21052631578947            24
    0.36842105263158    0.26315789473684    0.21052631578947            12
    0.31578947368421    0.31578947368421    0.21052631578947            12
    0.00000000000000    0.00000000000000    0.26315789473684             2
    0.05263157894737    0.00000000000000    0.26315789473684            12
    0.10526315789474    0.00000000000000    0.26315789473684            12
    0.15789473684210    0.00000000000000    0.26315789473684            12
    0.21052631578947    0.00000000000000    0.26315789473684            12
    0.26315789473684    0.00000000000000    0.26315789473684            12
    0.31578947368421    0.00000000000000    0.26315789473684            12
    0.36842105263158    0.00000000000000    0.26315789473684            12
    0.42105263157895    0.00000000000000    0.26315789473684            12
    0.47368421052632    0.00000000000000    0.26315789473684            12
    0.05263157894737    0.05263157894737    0.26315789473684            12
    0.10526315789474    0.05263157894737    0.26315789473684            24
    0.15789473684210    0.05263157894737    0.26315789473684            24
    0.21052631578947    0.05263157894737    0.26315789473684            24
    0.26315789473684    0.05263157894737    0.26315789473684            24
    0.31578947368421    0.05263157894737    0.26315789473684            24
    0.36842105263158    0.05263157894737    0.26315789473684            24
    0.42105263157895    0.05263157894737    0.26315789473684            24
    0.47368421052632    0.05263157894737    0.26315789473684            12
    0.10526315789474    0.10526315789474    0.26315789473684            12
    0.15789473684210    0.10526315789474    0.26315789473684            24
    0.21052631578947    0.10526315789474    0.26315789473684            24
    0.26315789473684    0.10526315789474    0.26315789473684            24
    0.31578947368421    0.10526315789474    0.26315789473684            24
    0.36842105263158    0.10526315789474    0.26315789473684            24
    0.42105263157895    0.10526315789474    0.26315789473684            24
    0.15789473684210    0.15789473684210    0.26315789473684            12
    0.21052631578947    0.15789473684210    0.26315789473684            24
    0.26315789473684    0.15789473684210    0.26315789473684            24
    0.31578947368421    0.15789473684210    0.26315789473684            24
    0.36842105263158    0.15789473684210    0.26315789473684            24
    0.42105263157895    0.15789473684210    0.26315789473684            12
    0.21052631578947    0.21052631578947    0.26315789473684            12
    0.26315789473684    0.21052631578947    0.26315789473684            24
    0.31578947368421    0.21052631578947    0.26315789473684            24
    0.36842105263158    0.21052631578947    0.26315789473684            24
    0.26315789473684    0.26315789473684    0.26315789473684            12
    0.31578947368421    0.26315789473684    0.26315789473684            24
    0.36842105263158    0.26315789473684    0.26315789473684            12
    0.31578947368421    0.31578947368421    0.26315789473684            12
    0.00000000000000    0.00000000000000    0.31578947368421             2
    0.05263157894737    0.00000000000000    0.31578947368421            12
    0.10526315789474    0.00000000000000    0.31578947368421            12
    0.15789473684210    0.00000000000000    0.31578947368421            12
    0.21052631578947    0.00000000000000    0.31578947368421            12
    0.26315789473684    0.00000000000000    0.31578947368421            12
    0.31578947368421    0.00000000000000    0.31578947368421            12
    0.36842105263158    0.00000000000000    0.31578947368421            12
    0.42105263157895    0.00000000000000    0.31578947368421            12
    0.47368421052632    0.00000000000000    0.31578947368421            12
    0.05263157894737    0.05263157894737    0.31578947368421            12
    0.10526315789474    0.05263157894737    0.31578947368421            24
    0.15789473684210    0.05263157894737    0.31578947368421            24
    0.21052631578947    0.05263157894737    0.31578947368421            24
    0.26315789473684    0.05263157894737    0.31578947368421            24
    0.31578947368421    0.05263157894737    0.31578947368421            24
    0.36842105263158    0.05263157894737    0.31578947368421            24
    0.42105263157895    0.05263157894737    0.31578947368421            24
    0.47368421052632    0.05263157894737    0.31578947368421            12
    0.10526315789474    0.10526315789474    0.31578947368421            12
    0.15789473684210    0.10526315789474    0.31578947368421            24
    0.21052631578947    0.10526315789474    0.31578947368421            24
    0.26315789473684    0.10526315789474    0.31578947368421            24
    0.31578947368421    0.10526315789474    0.31578947368421            24
    0.36842105263158    0.10526315789474    0.31578947368421            24
    0.42105263157895    0.10526315789474    0.31578947368421            24
    0.15789473684210    0.15789473684210    0.31578947368421            12
    0.21052631578947    0.15789473684210    0.31578947368421            24
    0.26315789473684    0.15789473684210    0.31578947368421            24
    0.31578947368421    0.15789473684210    0.31578947368421            24
    0.36842105263158    0.15789473684210    0.31578947368421            24
    0.42105263157895    0.15789473684210    0.31578947368421            12
    0.21052631578947    0.21052631578947    0.31578947368421            12
    0.26315789473684    0.21052631578947    0.31578947368421            24
    0.31578947368421    0.21052631578947    0.31578947368421            24
    0.36842105263158    0.21052631578947    0.31578947368421            24
    0.26315789473684    0.26315789473684    0.31578947368421            12
    0.31578947368421    0.26315789473684    0.31578947368421            24
    0.36842105263158    0.26315789473684    0.31578947368421            12
    0.31578947368421    0.31578947368421    0.31578947368421            12
    0.00000000000000    0.00000000000000    0.36842105263158             2
    0.05263157894737    0.00000000000000    0.36842105263158            12
    0.10526315789474    0.00000000000000    0.36842105263158            12
    0.15789473684210    0.00000000000000    0.36842105263158            12
    0.21052631578947    0.00000000000000    0.36842105263158            12
    0.26315789473684    0.00000000000000    0.36842105263158            12
    0.31578947368421    0.00000000000000    0.36842105263158            12
    0.36842105263158    0.00000000000000    0.36842105263158            12
    0.42105263157895    0.00000000000000    0.36842105263158            12
    0.47368421052632    0.00000000000000    0.36842105263158            12
    0.05263157894737    0.05263157894737    0.36842105263158            12
    0.10526315789474    0.05263157894737    0.36842105263158            24
    0.15789473684210    0.05263157894737    0.36842105263158            24
    0.21052631578947    0.05263157894737    0.36842105263158            24
    0.26315789473684    0.05263157894737    0.36842105263158            24
    0.31578947368421    0.05263157894737    0.36842105263158            24
    0.36842105263158    0.05263157894737    0.36842105263158            24
    0.42105263157895    0.05263157894737    0.36842105263158            24
    0.47368421052632    0.05263157894737    0.36842105263158            12
    0.10526315789474    0.10526315789474    0.36842105263158            12
    0.15789473684210    0.10526315789474    0.36842105263158            24
    0.21052631578947    0.10526315789474    0.36842105263158            24
    0.26315789473684    0.10526315789474    0.36842105263158            24
    0.31578947368421    0.10526315789474    0.36842105263158            24
    0.36842105263158    0.10526315789474    0.36842105263158            24
    0.42105263157895    0.10526315789474    0.36842105263158            24
    0.15789473684210    0.15789473684210    0.36842105263158            12
    0.21052631578947    0.15789473684210    0.36842105263158            24
    0.26315789473684    0.15789473684210    0.36842105263158            24
    0.31578947368421    0.15789473684210    0.36842105263158            24
    0.36842105263158    0.15789473684210    0.36842105263158            24
    0.42105263157895    0.15789473684210    0.36842105263158            12
    0.21052631578947    0.21052631578947    0.36842105263158            12
    0.26315789473684    0.21052631578947    0.36842105263158            24
    0.31578947368421    0.21052631578947    0.36842105263158            24
    0.36842105263158    0.21052631578947    0.36842105263158            24
    0.26315789473684    0.26315789473684    0.36842105263158            12
    0.31578947368421    0.26315789473684    0.36842105263158            24
    0.36842105263158    0.26315789473684    0.36842105263158            12
    0.31578947368421    0.31578947368421    0.36842105263158            12
    0.00000000000000    0.00000000000000    0.42105263157895             2
    0.05263157894737    0.00000000000000    0.42105263157895            12
    0.10526315789474    0.00000000000000    0.42105263157895            12
    0.15789473684210    0.00000000000000    0.42105263157895            12
    0.21052631578947    0.00000000000000    0.42105263157895            12
    0.26315789473684    0.00000000000000    0.42105263157895            12
    0.31578947368421    0.00000000000000    0.42105263157895            12
    0.36842105263158    0.00000000000000    0.42105263157895            12
    0.42105263157895    0.00000000000000    0.42105263157895            12
    0.47368421052632    0.00000000000000    0.42105263157895            12
    0.05263157894737    0.05263157894737    0.42105263157895            12
    0.10526315789474    0.05263157894737    0.42105263157895            24
    0.15789473684210    0.05263157894737    0.42105263157895            24
    0.21052631578947    0.05263157894737    0.42105263157895            24
    0.26315789473684    0.05263157894737    0.42105263157895            24
    0.31578947368421    0.05263157894737    0.42105263157895            24
    0.36842105263158    0.05263157894737    0.42105263157895            24
    0.42105263157895    0.05263157894737    0.42105263157895            24
    0.47368421052632    0.05263157894737    0.42105263157895            12
    0.10526315789474    0.10526315789474    0.42105263157895            12
    0.15789473684210    0.10526315789474    0.42105263157895            24
    0.21052631578947    0.10526315789474    0.42105263157895            24
    0.26315789473684    0.10526315789474    0.42105263157895            24
    0.31578947368421    0.10526315789474    0.42105263157895            24
    0.36842105263158    0.10526315789474    0.42105263157895            24
    0.42105263157895    0.10526315789474    0.42105263157895            24
    0.15789473684210    0.15789473684210    0.42105263157895            12
    0.21052631578947    0.15789473684210    0.42105263157895            24
    0.26315789473684    0.15789473684210    0.42105263157895            24
    0.31578947368421    0.15789473684210    0.42105263157895            24
    0.36842105263158    0.15789473684210    0.42105263157895            24
    0.42105263157895    0.15789473684210    0.42105263157895            12
    0.21052631578947    0.21052631578947    0.42105263157895            12
    0.26315789473684    0.21052631578947    0.42105263157895            24
    0.31578947368421    0.21052631578947    0.42105263157895            24
    0.36842105263158    0.21052631578947    0.42105263157895            24
    0.26315789473684    0.26315789473684    0.42105263157895            12
    0.31578947368421    0.26315789473684    0.42105263157895            24
    0.36842105263158    0.26315789473684    0.42105263157895            12
    0.31578947368421    0.31578947368421    0.42105263157895            12
    0.00000000000000    0.00000000000000    0.47368421052632             2
    0.05263157894737    0.00000000000000    0.47368421052632            12
    0.10526315789474    0.00000000000000    0.47368421052632            12
    0.15789473684210    0.00000000000000    0.47368421052632            12
    0.21052631578947    0.00000000000000    0.47368421052632            12
    0.26315789473684    0.00000000000000    0.47368421052632            12
    0.31578947368421    0.00000000000000    0.47368421052632            12
    0.36842105263158    0.00000000000000    0.47368421052632            12
    0.42105263157895    0.00000000000000    0.47368421052632            12
    0.47368421052632    0.00000000000000    0.47368421052632            12
    0.05263157894737    0.05263157894737    0.47368421052632            12
    0.10526315789474    0.05263157894737    0.47368421052632            24
    0.15789473684210    0.05263157894737    0.47368421052632            24
    0.21052631578947    0.05263157894737    0.47368421052632            24
    0.26315789473684    0.05263157894737    0.47368421052632            24
    0.31578947368421    0.05263157894737    0.47368421052632            24
    0.36842105263158    0.05263157894737    0.47368421052632            24
    0.42105263157895    0.05263157894737    0.47368421052632            24
    0.47368421052632    0.05263157894737    0.47368421052632            12
    0.10526315789474    0.10526315789474    0.47368421052632            12
    0.15789473684210    0.10526315789474    0.47368421052632            24
    0.21052631578947    0.10526315789474    0.47368421052632            24
    0.26315789473684    0.10526315789474    0.47368421052632            24
    0.31578947368421    0.10526315789474    0.47368421052632            24
    0.36842105263158    0.10526315789474    0.47368421052632            24
    0.42105263157895    0.10526315789474    0.47368421052632            24
    0.15789473684210    0.15789473684210    0.47368421052632            12
    0.21052631578947    0.15789473684210    0.47368421052632            24
    0.26315789473684    0.15789473684210    0.47368421052632            24
    0.31578947368421    0.15789473684210    0.47368421052632            24
    0.36842105263158    0.15789473684210    0.47368421052632            24
    0.42105263157895    0.15789473684210    0.47368421052632            12
    0.21052631578947    0.21052631578947    0.47368421052632            12
    0.26315789473684    0.21052631578947    0.47368421052632            24
    0.31578947368421    0.21052631578947    0.47368421052632            24
    0.36842105263158    0.21052631578947    0.47368421052632            24
    0.26315789473684    0.26315789473684    0.47368421052632            12
    0.31578947368421    0.26315789473684    0.47368421052632            24
    0.36842105263158    0.26315789473684    0.47368421052632            12
    0.31578947368421    0.31578947368421    0.47368421052632            12
