Automatically generated mesh
     140
Reciprocal lattice
    0.00000000000000    0.00000000000000    0.00000000000000             1
    0.02631578947369    0.00000000000000    0.00000000000000             6
    0.05263157894737    0.00000000000000    0.00000000000000             6
    0.07894736842106    0.00000000000000    0.00000000000000             6
    0.10526315789474    0.00000000000000    0.00000000000000             6
    0.13157894736842    0.00000000000000    0.00000000000000             6
    0.15789473684210    0.00000000000000    0.00000000000000             6
    0.18421052631579    0.00000000000000    0.00000000000000             6
    0.21052631578947    0.00000000000000    0.00000000000000             6
    0.23684210526316    0.00000000000000    0.00000000000000             6
    0.26315789473684    0.00000000000000    0.00000000000000             6
    0.28947368421053    0.00000000000000    0.00000000000000             6
    0.31578947368421    0.00000000000000    0.00000000000000             6
    0.34210526315790    0.00000000000000    0.00000000000000             6
    0.36842105263158    0.00000000000000    0.00000000000000             6
    0.39473684210526    0.00000000000000    0.00000000000000             6
    0.42105263157895    0.00000000000000    0.00000000000000             6
    0.44736842105263    0.00000000000000    0.00000000000000             6
    0.47368421052632    0.00000000000000    0.00000000000000             6
    0.50000000000000    0.00000000000000    0.00000000000000             3
    0.02631578947369    0.02631578947369    0.00000000000000             6
    0.05263157894737    0.02631578947369    0.00000000000000            12
    0.07894736842106    0.02631578947369    0.00000000000000            12
    0.10526315789474    0.02631578947369    0.00000000000000            12
    0.13157894736842    0.02631578947369    0.00000000000000            12
    0.15789473684210    0.02631578947369    0.00000000000000            12
    0.18421052631579    0.02631578947369    0.00000000000000            12
    0.21052631578947    0.02631578947369    0.00000000000000            12
    0.23684210526316    0.02631578947369    0.00000000000000            12
    0.26315789473684    0.02631578947369    0.00000000000000            12
    0.28947368421053    0.02631578947369    0.00000000000000            12
    0.31578947368421    0.02631578947369    0.00000000000000            12
    0.34210526315790    0.02631578947369    0.00000000000000            12
    0.36842105263158    0.02631578947369    0.00000000000000            12
    0.39473684210526    0.02631578947369    0.00000000000000            12
    0.42105263157895    0.02631578947369    0.00000000000000            12
    0.44736842105263    0.02631578947369    0.00000000000000            12
    0.47368421052632    0.02631578947369    0.00000000000000            12
    0.05263157894737    0.05263157894737    0.00000000000000             6
    0.07894736842106    0.05263157894737    0.00000000000000            12
    0.10526315789474    0.05263157894737    0.00000000000000            12
    0.13157894736842    0.05263157894737    0.00000000000000            12
    0.15789473684210    0.05263157894737    0.00000000000000            12
    0.18421052631579    0.05263157894737    0.00000000000000            12
    0.21052631578947    0.05263157894737    0.00000000000000            12
    0.23684210526316    0.05263157894737    0.00000000000000            12
    0.26315789473684    0.05263157894737    0.00000000000000            12
    0.28947368421053    0.05263157894737    0.00000000000000            12
    0.31578947368421    0.05263157894737    0.00000000000000            12
    0.34210526315790    0.05263157894737    0.00000000000000            12
    0.36842105263158    0.05263157894737    0.00000000000000            12
    0.39473684210526    0.05263157894737    0.00000000000000            12
    0.42105263157895    0.05263157894737    0.00000000000000            12
    0.44736842105263    0.05263157894737    0.00000000000000            12
    0.47368421052632    0.05263157894737    0.00000000000000             6
    0.07894736842106    0.07894736842106    0.00000000000000             6
    0.10526315789474    0.07894736842106    0.00000000000000            12
    0.13157894736842    0.07894736842106    0.00000000000000            12
    0.15789473684210    0.07894736842106    0.00000000000000            12
    0.18421052631579    0.07894736842106    0.00000000000000            12
    0.21052631578947    0.07894736842106    0.00000000000000            12
    0.23684210526316    0.07894736842106    0.00000000000000            12
    0.26315789473684    0.07894736842106    0.00000000000000            12
    0.28947368421053    0.07894736842106    0.00000000000000            12
    0.31578947368421    0.07894736842106    0.00000000000000            12
    0.34210526315790    0.07894736842106    0.00000000000000            12
    0.36842105263158    0.07894736842106    0.00000000000000            12
    0.39473684210526    0.07894736842106    0.00000000000000            12
    0.42105263157895    0.07894736842106    0.00000000000000            12
    0.44736842105263    0.07894736842106    0.00000000000000            12
    0.10526315789474    0.10526315789474    0.00000000000000             6
    0.13157894736842    0.10526315789474    0.00000000000000            12
    0.15789473684210    0.10526315789474    0.00000000000000            12
    0.18421052631579    0.10526315789474    0.00000000000000            12
    0.21052631578947    0.10526315789474    0.00000000000000            12
    0.23684210526316    0.10526315789474    0.00000000000000            12
    0.26315789473684    0.10526315789474    0.00000000000000            12
    0.28947368421053    0.10526315789474    0.00000000000000            12
    0.31578947368421    0.10526315789474    0.00000000000000            12
    0.34210526315790    0.10526315789474    0.00000000000000            12
    0.36842105263158    0.10526315789474    0.00000000000000            12
    0.39473684210526    0.10526315789474    0.00000000000000            12
    0.42105263157895    0.10526315789474    0.00000000000000            12
    0.44736842105263    0.10526315789474    0.00000000000000             6
    0.13157894736842    0.13157894736842    0.00000000000000             6
    0.15789473684210    0.13157894736842    0.00000000000000            12
    0.18421052631579    0.13157894736842    0.00000000000000            12
    0.21052631578947    0.13157894736842    0.00000000000000            12
    0.23684210526316    0.13157894736842    0.00000000000000            12
    0.26315789473684    0.13157894736842    0.00000000000000            12
    0.28947368421053    0.13157894736842    0.00000000000000            12
    0.31578947368421    0.13157894736842    0.00000000000000            12
    0.34210526315790    0.13157894736842    0.00000000000000            12
    0.36842105263158    0.13157894736842    0.00000000000000            12
    0.39473684210526    0.13157894736842    0.00000000000000            12
    0.42105263157895    0.13157894736842    0.00000000000000            12
    0.15789473684210    0.15789473684210    0.00000000000000             6
    0.18421052631579    0.15789473684210    0.00000000000000            12
    0.21052631578947    0.15789473684210    0.00000000000000            12
    0.23684210526316    0.15789473684210    0.00000000000000            12
    0.26315789473684    0.15789473684210    0.00000000000000            12
    0.28947368421053    0.15789473684210    0.00000000000000            12
    0.31578947368421    0.15789473684210    0.00000000000000            12
    0.34210526315790    0.15789473684210    0.00000000000000            12
    0.36842105263158    0.15789473684210    0.00000000000000            12
    0.39473684210526    0.15789473684210    0.00000000000000            12
    0.42105263157895    0.15789473684210    0.00000000000000             6
    0.18421052631579    0.18421052631579    0.00000000000000             6
    0.21052631578947    0.18421052631579    0.00000000000000            12
    0.23684210526316    0.18421052631579    0.00000000000000            12
    0.26315789473684    0.18421052631579    0.00000000000000            12
    0.28947368421053    0.18421052631579    0.00000000000000            12
    0.31578947368421    0.18421052631579    0.00000000000000            12
    0.34210526315790    0.18421052631579    0.00000000000000            12
    0.36842105263158    0.18421052631579    0.00000000000000            12
    0.39473684210526    0.18421052631579    0.00000000000000            12
    0.21052631578947    0.21052631578947    0.00000000000000             6
    0.23684210526316    0.21052631578947    0.00000000000000            12
    0.26315789473684    0.21052631578947    0.00000000000000            12
    0.28947368421053    0.21052631578947    0.00000000000000            12
    0.31578947368421    0.21052631578947    0.00000000000000            12
    0.34210526315790    0.21052631578947    0.00000000000000            12
    0.36842105263158    0.21052631578947    0.00000000000000            12
    0.39473684210526    0.21052631578947    0.00000000000000             6
    0.23684210526316    0.23684210526316    0.00000000000000             6
    0.26315789473684    0.23684210526316    0.00000000000000            12
    0.28947368421053    0.23684210526316    0.00000000000000            12
    0.31578947368421    0.23684210526316    0.00000000000000            12
    0.34210526315790    0.23684210526316    0.00000000000000            12
    0.36842105263158    0.23684210526316    0.00000000000000            12
    0.26315789473684    0.26315789473684    0.00000000000000             6
    0.28947368421053    0.26315789473684    0.00000000000000            12
    0.31578947368421    0.26315789473684    0.00000000000000            12
    0.34210526315790    0.26315789473684    0.00000000000000            12
    0.36842105263158    0.26315789473684    0.00000000000000             6
    0.28947368421053    0.28947368421053    0.00000000000000             6
    0.31578947368421    0.28947368421053    0.00000000000000            12
    0.34210526315790    0.28947368421053    0.00000000000000            12
    0.31578947368421    0.31578947368421    0.00000000000000             6
    0.34210526315790    0.31578947368421    0.00000000000000             6
