    1   50    2
  9.013
    1    1  0.0150  0.0000  0.0000
 -0.055580238820  -0.000000000000   0.000000000000
 -0.003278712220   0.004457965845   0.000000000000
  0.001364918036  -0.001369858017   0.000000000000
  0.001331375597   0.003341430107   0.000000000000
 -0.003266185387  -0.001843010246   0.000000000000
 -0.003266185387   0.001843010246   0.000000000000
 -0.000981281523  -0.003169315147   0.000000000000
 -0.001228712666  -0.002278717291   0.000000000000
  0.004207601157  -0.000566842398   0.000000000000
  0.002577792955  -0.000000000000   0.000000000000
  0.001331375597  -0.003341430107   0.000000000000
 -0.001274061971   0.002275090345   0.000000000000
  0.003135033540   0.002362987801   0.000000000000
  0.003322943630  -0.000000000000   0.000000000000
  0.004207601157   0.000566842398   0.000000000000
  0.001364918036   0.001369858017   0.000000000000
  0.004208881830   0.000546573439   0.000000000000
  0.003219363045  -0.000000000000   0.000000000000
  0.003135033540  -0.002362987801   0.000000000000
 -0.001228712666   0.002278717291   0.000000000000
 -0.003278712220  -0.004457965845   0.000000000000
  0.002631285277  -0.000000000000   0.000000000000
  0.004208881830  -0.000546573439   0.000000000000
 -0.001274061971  -0.002275090345   0.000000000000
 -0.000981281523   0.003169315147   0.000000000000
  0.066701477504  -0.000000000000   0.000000000000
  0.002918952724  -0.036801485088   0.000000000000
 -0.003107979263   0.002966359691   0.000000000000
  0.001361955481  -0.001634777085   0.000000000000
 -0.004966110631   0.001934129791   0.000000000000
 -0.004966110631  -0.001934129791   0.000000000000
  0.002113876317  -0.003635272038   0.000000000000
  0.000257766482   0.001092902750   0.000000000000
 -0.005157136778  -0.001649723165   0.000000000000
 -0.002373514040  -0.000000000000   0.000000000000
  0.001361955481   0.001634777085   0.000000000000
 -0.000875800423  -0.000266076422   0.000000000000
  0.000915387625   0.000763476803   0.000000000000
 -0.001299045546  -0.000000000000   0.000000000000
 -0.005157136778   0.001649723165   0.000000000000
 -0.003107979263  -0.002966359691   0.000000000000
  0.000435903414  -0.000996947460   0.000000000000
 -0.011215315639  -0.000000000000   0.000000000000
  0.000915387625  -0.000763476803   0.000000000000
  0.000257766482  -0.001092902750   0.000000000000
  0.002918952724   0.036801485088   0.000000000000
 -0.004216091047  -0.000000000000   0.000000000000
  0.000435903414   0.000996947460   0.000000000000
 -0.000875800423   0.000266076422   0.000000000000
  0.002113876317   0.003635272038   0.000000000000
    1    2  0.0000  0.0000  0.0150
  0.000000000000  -0.000000000000   0.015689164708
  0.000004200642   0.000000269525  -0.005726627434
 -0.000002592783   0.000005586068   0.001067037809
  0.000006134069   0.000000547618   0.001067037809
 -0.000001866906   0.000003772625  -0.005726627434
 -0.000001866906  -0.000003772625  -0.005726627434
 -0.000002333736  -0.000003503100  -0.005726627434
 -0.000000568192   0.000000984138   0.004434068346
 -0.000000438129  -0.000000758861  -0.002185713781
  0.000001136384  -0.000000000000   0.004434068346
  0.000006134069  -0.000000547618   0.001067037809
  0.000004019166   0.000006961399   0.004429444951
 -0.000003541285   0.000005038450   0.001067037809
  0.000000876257  -0.000000000000  -0.002185713781
 -0.000000438129   0.000000758861  -0.002185713781
 -0.000002592783  -0.000005586068   0.001067037809
  0.000014598923  -0.000025286076  -0.002183074793
 -0.000029197845  -0.000000000000  -0.002183074793
 -0.000003541285  -0.000005038450   0.001067037809
 -0.000000568192  -0.000000984138   0.004434068346
  0.000004200642  -0.000000269525  -0.005726627434
 -0.000008038331  -0.000000000000   0.004429444951
  0.000014598923   0.000025286076  -0.002183074793
  0.000004019166  -0.000006961399   0.004429444951
 -0.000002333736   0.000003503100  -0.005726627434
 -0.000003182037  -0.000000000000   0.000413229218
  0.000001591018  -0.000002755725   0.000413229218
 -0.000004109679   0.000001492994   0.001610033871
 -0.000002574789  -0.000004459665  -0.001958612570
  0.000003347810  -0.000002812589   0.001610033871
  0.000003347810   0.000002812589   0.001610033871
  0.000008890928   0.000015399539  -0.001886495972
  0.000000761869   0.000004305583   0.001610033871
 -0.000005747580   0.000009955101   0.000216537489
  0.000011495160  -0.000000000000   0.000216537489
 -0.000002574789   0.000004459665  -0.001958612570
 -0.000004766047  -0.000015468484  -0.000655456452
 -0.000011013077  -0.000011861759  -0.000655456452
  0.000005149578   0.000000000000  -0.001958612570
 -0.000005747580  -0.000009955101   0.000216537489
 -0.000004109679  -0.000001492994   0.001610033871
  0.000015779123  -0.000003606724  -0.000655456452
 -0.000000000000  -0.000000000000   0.002702759864
 -0.000011013077   0.000011861759  -0.000655456452
  0.000000761869  -0.000004305583   0.001610033871
  0.000001591018   0.000002755725   0.000413229218
 -0.000017781856   0.000000000000  -0.001886495972
  0.000015779123   0.000003606724  -0.000655456452
 -0.000004766047   0.000015468484  -0.000655456452
  0.000008890928  -0.000015399539  -0.001886495972
