SG=164
 name=P-3m1 
 nsym= 12
 spinor=True
symmetries=
1 0 0   0 1 0   0 0 1     0.0 0.0 0.0      1.0  0.0  0.0  1.0    0.0  0.0  0.0  0.0
 time-reversal : False 

-1 0 0   0 -1 0   0 0 -1     0.0 0.0 0.2      1.0  0.0  0.0  1.0    0.0  0.0  0.0  0.0
 time-reversal : False 

0 -1 0   1 -1 0   0 0 1     0.0 0.0 0.0      1.0  0.0  0.0  1.0    -0.33333  0.0  0.0  0.33333
 time-reversal : False 

0 1 0   -1 1 0   0 0 -1     0.0 0.0 0.2      1.0  0.0  0.0  1.0    -0.33333  0.0  0.0  0.33333
 time-reversal : False 

-1 1 0   -1 0 0   0 0 1     0.0 0.0 0.0      1.0  0.0  0.0  1.0    0.33333  0.0  0.0  -0.33333
 time-reversal : False 

1 -1 0   1 0 0   0 0 -1     0.0 0.0 0.2      1.0  0.0  0.0  1.0    0.33333  0.0  0.0  -0.33333
 time-reversal : False 

0 1 0   1 0 0   0 0 -1     0.0 0.0 0.2      0.0  1.0  1.0  0.0    0.5  -0.0  -1.0  -0.5
 time-reversal : False 

0 -1 0   -1 0 0   0 0 1     0.0 0.0 0.0      0.0  1.0  1.0  0.0    0.5  1.0  0.0  -0.5
 time-reversal : False 

1 -1 0   0 -1 0   0 0 -1     0.0 0.0 0.2      0.0  1.0  1.0  0.0    0.03774  -0.66667  -0.33333  -0.5
 time-reversal : False 

-1 1 0   0 1 0   0 0 1     0.0 0.0 0.0      0.0  1.0  1.0  0.0    0.03774  0.33333  0.66667  -0.5
 time-reversal : False 

-1 0 0   -1 1 0   0 0 -1     0.0 0.0 0.2      0.0  1.0  1.0  0.0    0.5  -0.33333  -0.66667  0.5
 time-reversal : False 

1 0 0   1 -1 0   0 0 1     0.0 0.0 0.0      0.0  1.0  1.0  0.0    0.5  0.66667  0.33333  0.5
 time-reversal : False 


