Automatically generated mesh
      44
Reciprocal lattice
    0.00000000000000    0.00000000000000    0.00000000000000             1
    0.14285714285715    0.00000000000000    0.00000000000000             6
    0.00000000000000    0.14285714285715    0.00000000000001             6
    0.28571428571429    0.00000000000000    0.00000000000000             6
    0.00000000000000    0.28571428571429    0.00000000000001             6
    0.42857142857143    0.00000000000000    0.00000000000000             6
    0.00000000000000    0.42857142857143    0.00000000000000             6
    0.14285714285715    0.14285714285714    0.00000000000000            12
    0.00000000000000    0.14285714285715    0.14285714285714             6
    0.28571428571429   -0.00000000000001   -0.14285714285714             6
    0.28571428571429    0.14285714285714    0.00000000000000            12
    0.00000000000000    0.28571428571429    0.14285714285715            12
    0.14285714285714    0.00000000000001    0.28571428571429            12
    0.42857142857143   -0.00000000000001   -0.28571428571428            12
    0.42857142857143    0.14285714285714    0.00000000000000            12
    0.00000000000000    0.42857142857143    0.14285714285714             6
    0.14285714285714    0.00000000000000    0.42857142857143             6
    0.28571428571429    0.28571428571429    0.00000000000000            12
    0.00000000000000    0.28571428571429    0.28571428571429             6
   -0.42857142857142   -0.00000000000001   -0.28571428571428             6
    0.14285714285714    0.14285714285715    0.14285714285715             6
    0.42857142857144   -0.14285714285715   -0.14285714285714             2
    0.28571428571429    0.14285714285715    0.14285714285715             6
    0.14285714285715    0.28571428571429    0.14285714285715            12
   -0.42857142857142   -0.14285714285714   -0.28571428571428             6
   -0.14285714285714    0.14285714285715    0.14285714285715             6
    0.28571428571429    0.28571428571429    0.14285714285715             6
    0.14285714285715    0.28571428571429    0.28571428571429             2
   -0.28571428571428    0.28571428571429    0.14285714285715            12
    0.14285714285715   -0.28571428571428    0.28571428571429            12
   -0.42857142857143    0.42857142857143    0.14285714285714            12
    0.14285714285714   -0.42857142857143    0.42857142857143            12
   -0.28571428571428    0.42857142857143    0.14285714285714            12
    0.14285714285714   -0.28571428571428    0.42857142857143             6
    0.42857142857143    0.14285714285714   -0.28571428571428             6
   -0.42857142857142   -0.42857142857143    0.14285714285714            12
    0.14285714285714   -0.42857142857142   -0.42857142857142             6
    0.28571428571429   -0.14285714285714    0.42857142857142             6
   -0.28571428571428    0.28571428571429    0.28571428571429             6
   -0.42857142857142    0.42857142857142    0.28571428571429            12
    0.28571428571429   -0.42857142857142    0.42857142857142            12
   -0.42857142857143   -0.42857142857142    0.28571428571429             6
    0.28571428571429   -0.42857142857142   -0.42857142857142             2
   -0.42857142857143    0.42857142857143    0.42857142857143             6
