Automatically generated mesh
      35
Reciprocal lattice
    0.00000000000000    0.38750000000000    0.00000000000000             1
    0.02857142857143    0.38750000000000    0.00000000000000             1
    0.05714285714286    0.38750000000000    0.00000000000000             1
    0.08571428571429    0.38750000000000    0.00000000000000             1
    0.11428571428572    0.38750000000000    0.00000000000000             1
    0.14285714285715    0.38750000000000    0.00000000000000             1
    0.17142857142857    0.38750000000000    0.00000000000000             1
    0.20000000000000    0.38750000000000    0.00000000000000             1
    0.22857142857143    0.38750000000000    0.00000000000000             1
    0.25714285714286    0.38750000000000    0.00000000000000             1
    0.28571428571429    0.38750000000000    0.00000000000000             1
    0.31428571428572    0.38750000000000    0.00000000000000             1
    0.34285714285714    0.38750000000000    0.00000000000000             1
    0.37142857142857    0.38750000000000    0.00000000000000             1
    0.40000000000000    0.38750000000000    0.00000000000000             1
    0.42857142857143    0.38750000000000    0.00000000000000             1
    0.45714285714286    0.38750000000000    0.00000000000000             1
    0.48571428571429    0.38750000000000    0.00000000000000             1
   -0.48571428571429    0.38750000000000    0.00000000000000             1
   -0.45714285714285    0.38750000000000    0.00000000000000             1
   -0.42857142857143    0.38750000000000    0.00000000000000             1
   -0.40000000000000    0.38750000000000    0.00000000000000             1
   -0.37142857142857    0.38750000000000    0.00000000000000             1
   -0.34285714285714    0.38750000000000    0.00000000000000             1
   -0.31428571428572    0.38750000000000    0.00000000000000             1
   -0.28571428571428    0.38750000000000    0.00000000000000             1
   -0.25714285714286    0.38750000000000    0.00000000000000             1
   -0.22857142857143    0.38750000000000    0.00000000000000             1
   -0.20000000000000    0.38750000000000    0.00000000000000             1
   -0.17142857142857    0.38750000000000    0.00000000000000             1
   -0.14285714285714    0.38750000000000    0.00000000000000             1
   -0.11428571428571    0.38750000000000    0.00000000000000             1
   -0.08571428571429    0.38750000000000    0.00000000000000             1
   -0.05714285714286    0.38750000000000    0.00000000000000             1
   -0.02857142857143    0.38750000000000    0.00000000000000             1
