Automatically generated mesh
     343
Reciprocal lattice
    0.00000000000000    0.00000000000000    0.00000000000000             1
    0.02777777777778    0.00000000000000    0.00000000000000             4
    0.05555555555556    0.00000000000000    0.00000000000000             4
    0.08333333333334    0.00000000000000    0.00000000000000             4
    0.11111111111112    0.00000000000000    0.00000000000000             4
    0.13888888888889    0.00000000000000    0.00000000000000             4
    0.16666666666667    0.00000000000000    0.00000000000000             4
    0.19444444444444    0.00000000000000    0.00000000000000             4
    0.22222222222222    0.00000000000000    0.00000000000000             4
    0.25000000000000    0.00000000000000    0.00000000000000             4
    0.27777777777778    0.00000000000000    0.00000000000000             4
    0.30555555555556    0.00000000000000    0.00000000000000             4
    0.33333333333334    0.00000000000000    0.00000000000000             4
    0.36111111111112    0.00000000000000    0.00000000000000             4
    0.38888888888889    0.00000000000000    0.00000000000000             4
    0.41666666666667    0.00000000000000    0.00000000000000             4
    0.44444444444444    0.00000000000000    0.00000000000000             4
    0.47222222222222    0.00000000000000    0.00000000000000             4
    0.50000000000000    0.00000000000000    0.00000000000000             2
    0.00000000000000    0.02777777777778    0.00000000000000             2
    0.05555555555556    0.02777777777778    0.00000000000000             2
    0.08333333333334    0.02777777777778    0.00000000000000             4
    0.11111111111112    0.02777777777778    0.00000000000000             4
    0.13888888888889    0.02777777777778    0.00000000000000             4
    0.16666666666667    0.02777777777778    0.00000000000000             4
    0.19444444444444    0.02777777777778    0.00000000000000             4
    0.22222222222222    0.02777777777778    0.00000000000000             4
    0.25000000000000    0.02777777777778    0.00000000000000             4
    0.27777777777778    0.02777777777778    0.00000000000000             4
    0.30555555555556    0.02777777777778    0.00000000000000             4
    0.33333333333334    0.02777777777778    0.00000000000000             4
    0.36111111111112    0.02777777777778    0.00000000000000             4
    0.38888888888889    0.02777777777778    0.00000000000000             4
    0.41666666666667    0.02777777777778    0.00000000000000             4
    0.44444444444444    0.02777777777778    0.00000000000000             4
    0.47222222222222    0.02777777777778    0.00000000000000             4
    0.50000000000000    0.02777777777778    0.00000000000000             4
   -0.47222222222222    0.02777777777778    0.00000000000000             4
   -0.44444444444444    0.02777777777778    0.00000000000000             4
   -0.41666666666666    0.02777777777778    0.00000000000000             4
   -0.38888888888888    0.02777777777778    0.00000000000000             4
   -0.36111111111111    0.02777777777778    0.00000000000000             4
   -0.33333333333333    0.02777777777778    0.00000000000000             4
   -0.30555555555556    0.02777777777778    0.00000000000000             4
   -0.27777777777778    0.02777777777778    0.00000000000000             4
   -0.25000000000000    0.02777777777778    0.00000000000000             4
   -0.22222222222222    0.02777777777778    0.00000000000000             4
   -0.19444444444444    0.02777777777778    0.00000000000000             4
   -0.16666666666666    0.02777777777778    0.00000000000000             4
   -0.13888888888888    0.02777777777778    0.00000000000000             4
   -0.11111111111111    0.02777777777778    0.00000000000000             4
   -0.08333333333333    0.02777777777778    0.00000000000000             4
   -0.05555555555556    0.02777777777778    0.00000000000000             4
   -0.02777777777778    0.02777777777778    0.00000000000000             4
    0.00000000000000    0.05555555555556    0.00000000000000             2
    0.11111111111112    0.05555555555556    0.00000000000000             2
    0.13888888888889    0.05555555555556    0.00000000000000             4
    0.16666666666667    0.05555555555556    0.00000000000000             4
    0.19444444444444    0.05555555555556    0.00000000000000             4
    0.22222222222222    0.05555555555556    0.00000000000000             4
    0.25000000000000    0.05555555555556    0.00000000000000             4
    0.27777777777778    0.05555555555556    0.00000000000000             4
    0.30555555555556    0.05555555555556    0.00000000000000             4
    0.33333333333334    0.05555555555556    0.00000000000000             4
    0.36111111111112    0.05555555555556    0.00000000000000             4
    0.38888888888889    0.05555555555556    0.00000000000000             4
    0.41666666666667    0.05555555555556    0.00000000000000             4
    0.44444444444444    0.05555555555556    0.00000000000000             4
    0.47222222222222    0.05555555555556    0.00000000000000             4
    0.50000000000000    0.05555555555556    0.00000000000000             4
   -0.47222222222222    0.05555555555556    0.00000000000000             4
   -0.44444444444444    0.05555555555556    0.00000000000000             4
   -0.41666666666666    0.05555555555556    0.00000000000000             4
   -0.38888888888888    0.05555555555556    0.00000000000000             4
   -0.36111111111111    0.05555555555556    0.00000000000000             4
   -0.33333333333333    0.05555555555556    0.00000000000000             4
   -0.30555555555556    0.05555555555556    0.00000000000000             4
   -0.27777777777778    0.05555555555556    0.00000000000000             4
   -0.25000000000000    0.05555555555556    0.00000000000000             4
   -0.22222222222222    0.05555555555556    0.00000000000000             4
   -0.19444444444444    0.05555555555556    0.00000000000000             4
   -0.16666666666666    0.05555555555556    0.00000000000000             4
   -0.13888888888888    0.05555555555556    0.00000000000000             4
   -0.11111111111111    0.05555555555556    0.00000000000000             4
   -0.08333333333333    0.05555555555556    0.00000000000000             4
   -0.05555555555556    0.05555555555556    0.00000000000000             4
   -0.02777777777778    0.05555555555556    0.00000000000000             4
    0.00000000000000    0.08333333333334    0.00000000000000             2
    0.16666666666667    0.08333333333334    0.00000000000000             2
    0.19444444444444    0.08333333333334    0.00000000000000             4
    0.22222222222222    0.08333333333334    0.00000000000000             4
    0.25000000000000    0.08333333333334    0.00000000000000             4
    0.27777777777778    0.08333333333334    0.00000000000000             4
    0.30555555555556    0.08333333333334    0.00000000000000             4
    0.33333333333334    0.08333333333334    0.00000000000000             4
    0.36111111111112    0.08333333333334    0.00000000000000             4
    0.38888888888889    0.08333333333334    0.00000000000000             4
    0.41666666666667    0.08333333333334    0.00000000000000             4
    0.44444444444444    0.08333333333334    0.00000000000000             4
    0.47222222222222    0.08333333333334    0.00000000000000             4
    0.50000000000000    0.08333333333334    0.00000000000000             4
   -0.47222222222222    0.08333333333334    0.00000000000000             4
   -0.44444444444444    0.08333333333334    0.00000000000000             4
   -0.41666666666666    0.08333333333334    0.00000000000000             4
   -0.38888888888888    0.08333333333334    0.00000000000000             4
   -0.36111111111111    0.08333333333334    0.00000000000000             4
   -0.33333333333333    0.08333333333334    0.00000000000000             4
   -0.30555555555556    0.08333333333334    0.00000000000000             4
   -0.27777777777778    0.08333333333334    0.00000000000000             4
   -0.25000000000000    0.08333333333334    0.00000000000000             4
   -0.22222222222222    0.08333333333334    0.00000000000000             4
   -0.19444444444444    0.08333333333334    0.00000000000000             4
   -0.16666666666666    0.08333333333334    0.00000000000000             4
   -0.13888888888888    0.08333333333334    0.00000000000000             4
   -0.11111111111111    0.08333333333334    0.00000000000000             4
   -0.08333333333333    0.08333333333334    0.00000000000000             4
   -0.05555555555556    0.08333333333334    0.00000000000000             4
   -0.02777777777778    0.08333333333334    0.00000000000000             4
    0.00000000000000    0.11111111111112    0.00000000000000             2
    0.22222222222222    0.11111111111112    0.00000000000000             2
    0.25000000000000    0.11111111111112    0.00000000000000             4
    0.27777777777778    0.11111111111112    0.00000000000000             4
    0.30555555555556    0.11111111111112    0.00000000000000             4
    0.33333333333334    0.11111111111112    0.00000000000000             4
    0.36111111111112    0.11111111111112    0.00000000000000             4
    0.38888888888889    0.11111111111112    0.00000000000000             4
    0.41666666666667    0.11111111111112    0.00000000000000             4
    0.44444444444444    0.11111111111112    0.00000000000000             4
    0.47222222222222    0.11111111111112    0.00000000000000             4
    0.50000000000000    0.11111111111112    0.00000000000000             4
   -0.47222222222222    0.11111111111112    0.00000000000000             4
   -0.44444444444444    0.11111111111112    0.00000000000000             4
   -0.41666666666666    0.11111111111112    0.00000000000000             4
   -0.38888888888888    0.11111111111112    0.00000000000000             4
   -0.36111111111111    0.11111111111112    0.00000000000000             4
   -0.33333333333333    0.11111111111112    0.00000000000000             4
   -0.30555555555556    0.11111111111112    0.00000000000000             4
   -0.27777777777778    0.11111111111112    0.00000000000000             4
   -0.25000000000000    0.11111111111112    0.00000000000000             4
   -0.22222222222222    0.11111111111112    0.00000000000000             4
   -0.19444444444444    0.11111111111112    0.00000000000000             4
   -0.16666666666666    0.11111111111112    0.00000000000000             4
   -0.13888888888888    0.11111111111112    0.00000000000000             4
   -0.11111111111111    0.11111111111112    0.00000000000000             4
   -0.08333333333333    0.11111111111112    0.00000000000000             4
   -0.05555555555556    0.11111111111112    0.00000000000000             4
   -0.02777777777778    0.11111111111112    0.00000000000000             4
    0.00000000000000    0.13888888888889    0.00000000000000             2
    0.27777777777778    0.13888888888889    0.00000000000000             2
    0.30555555555556    0.13888888888889    0.00000000000000             4
    0.33333333333334    0.13888888888889    0.00000000000000             4
    0.36111111111112    0.13888888888889    0.00000000000000             4
    0.38888888888889    0.13888888888889    0.00000000000000             4
    0.41666666666667    0.13888888888889    0.00000000000000             4
    0.44444444444444    0.13888888888889    0.00000000000000             4
    0.47222222222222    0.13888888888889    0.00000000000000             4
    0.50000000000000    0.13888888888889    0.00000000000000             4
   -0.47222222222222    0.13888888888889    0.00000000000000             4
   -0.44444444444444    0.13888888888889    0.00000000000000             4
   -0.41666666666666    0.13888888888889    0.00000000000000             4
   -0.38888888888888    0.13888888888889    0.00000000000000             4
   -0.36111111111111    0.13888888888889    0.00000000000000             4
   -0.33333333333333    0.13888888888889    0.00000000000000             4
   -0.30555555555556    0.13888888888889    0.00000000000000             4
   -0.27777777777778    0.13888888888889    0.00000000000000             4
   -0.25000000000000    0.13888888888889    0.00000000000000             4
   -0.22222222222222    0.13888888888889    0.00000000000000             4
   -0.19444444444444    0.13888888888889    0.00000000000000             4
   -0.16666666666666    0.13888888888889    0.00000000000000             4
   -0.13888888888888    0.13888888888889    0.00000000000000             4
   -0.11111111111111    0.13888888888889    0.00000000000000             4
   -0.08333333333333    0.13888888888889    0.00000000000000             4
   -0.05555555555556    0.13888888888889    0.00000000000000             4
   -0.02777777777778    0.13888888888889    0.00000000000000             4
    0.00000000000000    0.16666666666667    0.00000000000000             2
    0.33333333333334    0.16666666666667    0.00000000000000             2
    0.36111111111112    0.16666666666667    0.00000000000000             4
    0.38888888888889    0.16666666666667    0.00000000000000             4
    0.41666666666667    0.16666666666667    0.00000000000000             4
    0.44444444444444    0.16666666666667    0.00000000000000             4
    0.47222222222222    0.16666666666667    0.00000000000000             4
    0.50000000000000    0.16666666666667    0.00000000000000             4
   -0.47222222222222    0.16666666666667    0.00000000000000             4
   -0.44444444444444    0.16666666666667    0.00000000000000             4
   -0.41666666666666    0.16666666666667    0.00000000000000             4
   -0.38888888888888    0.16666666666667    0.00000000000000             4
   -0.36111111111111    0.16666666666667    0.00000000000000             4
   -0.33333333333333    0.16666666666667    0.00000000000000             4
   -0.30555555555556    0.16666666666667    0.00000000000000             4
   -0.27777777777778    0.16666666666667    0.00000000000000             4
   -0.25000000000000    0.16666666666667    0.00000000000000             4
   -0.22222222222222    0.16666666666667    0.00000000000000             4
   -0.19444444444444    0.16666666666667    0.00000000000000             4
   -0.16666666666666    0.16666666666667    0.00000000000000             4
   -0.13888888888888    0.16666666666667    0.00000000000000             4
   -0.11111111111111    0.16666666666667    0.00000000000000             4
   -0.08333333333333    0.16666666666667    0.00000000000000             4
   -0.05555555555556    0.16666666666667    0.00000000000000             4
   -0.02777777777778    0.16666666666667    0.00000000000000             4
    0.00000000000000    0.19444444444444    0.00000000000000             2
    0.38888888888889    0.19444444444444    0.00000000000000             2
    0.41666666666667    0.19444444444444    0.00000000000000             4
    0.44444444444444    0.19444444444444    0.00000000000000             4
    0.47222222222222    0.19444444444444    0.00000000000000             4
    0.50000000000000    0.19444444444444    0.00000000000000             4
   -0.47222222222222    0.19444444444444    0.00000000000000             4
   -0.44444444444444    0.19444444444444    0.00000000000000             4
   -0.41666666666666    0.19444444444444    0.00000000000000             4
   -0.38888888888888    0.19444444444444    0.00000000000000             4
   -0.36111111111111    0.19444444444444    0.00000000000000             4
   -0.33333333333333    0.19444444444444    0.00000000000000             4
   -0.30555555555556    0.19444444444444    0.00000000000000             4
   -0.27777777777778    0.19444444444444    0.00000000000000             4
   -0.25000000000000    0.19444444444444    0.00000000000000             4
   -0.22222222222222    0.19444444444444    0.00000000000000             4
   -0.19444444444444    0.19444444444444    0.00000000000000             4
   -0.16666666666666    0.19444444444444    0.00000000000000             4
   -0.13888888888888    0.19444444444444    0.00000000000000             4
   -0.11111111111111    0.19444444444444    0.00000000000000             4
   -0.08333333333333    0.19444444444444    0.00000000000000             4
   -0.05555555555556    0.19444444444444    0.00000000000000             4
   -0.02777777777778    0.19444444444444    0.00000000000000             4
    0.00000000000000    0.22222222222222    0.00000000000000             2
    0.44444444444444    0.22222222222222    0.00000000000000             2
    0.47222222222222    0.22222222222222    0.00000000000000             4
    0.50000000000000    0.22222222222222    0.00000000000000             4
   -0.47222222222222    0.22222222222222    0.00000000000000             4
   -0.44444444444444    0.22222222222222    0.00000000000000             4
   -0.41666666666666    0.22222222222222    0.00000000000000             4
   -0.38888888888888    0.22222222222222    0.00000000000000             4
   -0.36111111111111    0.22222222222222    0.00000000000000             4
   -0.33333333333333    0.22222222222222    0.00000000000000             4
   -0.30555555555556    0.22222222222222    0.00000000000000             4
   -0.27777777777778    0.22222222222222    0.00000000000000             4
   -0.25000000000000    0.22222222222222    0.00000000000000             4
   -0.22222222222222    0.22222222222222    0.00000000000000             4
   -0.19444444444444    0.22222222222222    0.00000000000000             4
   -0.16666666666666    0.22222222222222    0.00000000000000             4
   -0.13888888888888    0.22222222222222    0.00000000000000             4
   -0.11111111111111    0.22222222222222    0.00000000000000             4
   -0.08333333333333    0.22222222222222    0.00000000000000             4
   -0.05555555555556    0.22222222222222    0.00000000000000             4
   -0.02777777777778    0.22222222222222    0.00000000000000             4
    0.00000000000000    0.25000000000000    0.00000000000000             2
    0.50000000000000    0.25000000000000    0.00000000000000             2
   -0.47222222222222    0.25000000000000    0.00000000000000             4
   -0.44444444444444    0.25000000000000    0.00000000000000             4
   -0.41666666666666    0.25000000000000    0.00000000000000             4
   -0.38888888888888    0.25000000000000    0.00000000000000             4
   -0.36111111111111    0.25000000000000    0.00000000000000             4
   -0.33333333333333    0.25000000000000    0.00000000000000             4
   -0.30555555555556    0.25000000000000    0.00000000000000             4
   -0.27777777777778    0.25000000000000    0.00000000000000             4
   -0.25000000000000    0.25000000000000    0.00000000000000             4
   -0.22222222222222    0.25000000000000    0.00000000000000             4
   -0.19444444444444    0.25000000000000    0.00000000000000             4
   -0.16666666666666    0.25000000000000    0.00000000000000             4
   -0.13888888888888    0.25000000000000    0.00000000000000             4
   -0.11111111111111    0.25000000000000    0.00000000000000             4
   -0.08333333333333    0.25000000000000    0.00000000000000             4
   -0.05555555555556    0.25000000000000    0.00000000000000             4
   -0.02777777777778    0.25000000000000    0.00000000000000             4
    0.00000000000000    0.27777777777778    0.00000000000000             2
   -0.44444444444444    0.27777777777778    0.00000000000000             2
   -0.41666666666666    0.27777777777778    0.00000000000000             4
   -0.38888888888888    0.27777777777778    0.00000000000000             4
   -0.36111111111111    0.27777777777778    0.00000000000000             4
   -0.33333333333333    0.27777777777778    0.00000000000000             4
   -0.30555555555556    0.27777777777778    0.00000000000000             4
   -0.27777777777778    0.27777777777778    0.00000000000000             4
   -0.25000000000000    0.27777777777778    0.00000000000000             4
   -0.22222222222222    0.27777777777778    0.00000000000000             4
   -0.19444444444444    0.27777777777778    0.00000000000000             4
   -0.16666666666666    0.27777777777778    0.00000000000000             4
   -0.13888888888888    0.27777777777778    0.00000000000000             4
   -0.11111111111111    0.27777777777778    0.00000000000000             4
   -0.08333333333333    0.27777777777778    0.00000000000000             4
   -0.05555555555556    0.27777777777778    0.00000000000000             4
   -0.02777777777778    0.27777777777778    0.00000000000000             4
    0.00000000000000    0.30555555555556    0.00000000000000             2
   -0.38888888888888    0.30555555555556    0.00000000000000             2
   -0.36111111111111    0.30555555555556    0.00000000000000             4
   -0.33333333333333    0.30555555555556    0.00000000000000             4
   -0.30555555555556    0.30555555555556    0.00000000000000             4
   -0.27777777777778    0.30555555555556    0.00000000000000             4
   -0.25000000000000    0.30555555555556    0.00000000000000             4
   -0.22222222222222    0.30555555555556    0.00000000000000             4
   -0.19444444444444    0.30555555555556    0.00000000000000             4
   -0.16666666666666    0.30555555555556    0.00000000000000             4
   -0.13888888888888    0.30555555555556    0.00000000000000             4
   -0.11111111111111    0.30555555555556    0.00000000000000             4
   -0.08333333333333    0.30555555555556    0.00000000000000             4
   -0.05555555555556    0.30555555555556    0.00000000000000             4
   -0.02777777777778    0.30555555555556    0.00000000000000             4
    0.00000000000000    0.33333333333334    0.00000000000000             2
   -0.33333333333333    0.33333333333334    0.00000000000000             2
   -0.30555555555556    0.33333333333334    0.00000000000000             4
   -0.27777777777778    0.33333333333334    0.00000000000000             4
   -0.25000000000000    0.33333333333334    0.00000000000000             4
   -0.22222222222222    0.33333333333334    0.00000000000000             4
   -0.19444444444444    0.33333333333334    0.00000000000000             4
   -0.16666666666666    0.33333333333334    0.00000000000000             4
   -0.13888888888888    0.33333333333334    0.00000000000000             4
   -0.11111111111111    0.33333333333334    0.00000000000000             4
   -0.08333333333333    0.33333333333334    0.00000000000000             4
   -0.05555555555556    0.33333333333334    0.00000000000000             4
   -0.02777777777778    0.33333333333334    0.00000000000000             4
    0.00000000000000    0.36111111111112    0.00000000000000             2
   -0.27777777777778    0.36111111111112    0.00000000000000             2
   -0.25000000000000    0.36111111111112    0.00000000000000             4
   -0.22222222222222    0.36111111111112    0.00000000000000             4
   -0.19444444444444    0.36111111111112    0.00000000000000             4
   -0.16666666666666    0.36111111111112    0.00000000000000             4
   -0.13888888888888    0.36111111111112    0.00000000000000             4
   -0.11111111111111    0.36111111111112    0.00000000000000             4
   -0.08333333333333    0.36111111111112    0.00000000000000             4
   -0.05555555555556    0.36111111111112    0.00000000000000             4
   -0.02777777777778    0.36111111111112    0.00000000000000             4
    0.00000000000000    0.38888888888889    0.00000000000000             2
   -0.22222222222222    0.38888888888889    0.00000000000000             2
   -0.19444444444444    0.38888888888889    0.00000000000000             4
   -0.16666666666666    0.38888888888889    0.00000000000000             4
   -0.13888888888888    0.38888888888889    0.00000000000000             4
   -0.11111111111111    0.38888888888889    0.00000000000000             4
   -0.08333333333333    0.38888888888889    0.00000000000000             4
   -0.05555555555556    0.38888888888889    0.00000000000000             4
   -0.02777777777778    0.38888888888889    0.00000000000000             4
    0.00000000000000    0.41666666666667    0.00000000000000             2
   -0.16666666666666    0.41666666666667    0.00000000000000             2
   -0.13888888888888    0.41666666666667    0.00000000000000             4
   -0.11111111111111    0.41666666666667    0.00000000000000             4
   -0.08333333333333    0.41666666666667    0.00000000000000             4
   -0.05555555555556    0.41666666666667    0.00000000000000             4
   -0.02777777777778    0.41666666666667    0.00000000000000             4
    0.00000000000000    0.44444444444444    0.00000000000000             2
   -0.11111111111111    0.44444444444444    0.00000000000000             2
   -0.08333333333333    0.44444444444444    0.00000000000000             4
   -0.05555555555556    0.44444444444444    0.00000000000000             4
   -0.02777777777778    0.44444444444444    0.00000000000000             4
    0.00000000000000    0.47222222222222    0.00000000000000             2
   -0.05555555555556    0.47222222222222    0.00000000000000             2
   -0.02777777777778    0.47222222222222    0.00000000000000             4
    0.00000000000000    0.50000000000000    0.00000000000000             1
