    1   25    3
  9.013
    1    1  0.0150  0.0000  0.0000
 -0.169709951254   0.000000000000   0.000000000000
  0.016759603347   0.017450062655  -0.000000000000
 -0.002723681644  -0.000235352771   0.000000000000
 -0.002727501318  -0.000237377865  -0.000000000000
  0.016759076106   0.017448917775   0.000000000000
  0.047040643807   0.000000000000   0.000000000000
  0.001016921442  -0.001262320019   0.000000000000
  0.001288100222   0.002168488469  -0.000000000000
  0.003215506041  -0.000002520557   0.000000000000
  0.016759603318  -0.017450062655   0.000000000000
 -0.003130115362   0.000000000000   0.000000000000
  0.005055052666   0.000002291325  -0.000000000000
  0.001288118286  -0.002170305533   0.000000000000
 -0.002723681644   0.000235352771   0.000000000000
  0.001016921444   0.001262320019   0.000000000000
 -0.003129016950   0.000000000000   0.000000000000
  0.001013043795   0.001266630324   0.000000000000
 -0.002727501318   0.000237377865   0.000000000000
  0.001288100218  -0.002168488469  -0.000000000000
  0.005055052665  -0.000002291325  -0.000000000000
  0.047039961932   0.000000000000   0.000000000000
  0.016759076077  -0.017448917775   0.000000000000
  0.003215506041   0.000002520557  -0.000000000000
  0.001288118289   0.002170305533   0.000000000000
  0.001013043793  -0.001266630324   0.000000000000
    1    2  0.0000  0.0150  0.0000
 -0.000000000140  -0.169525503290   0.000000000000
  0.017432755339   0.036866787314  -0.000000000000
 -0.000267094219  -0.002940177368   0.000000000000
 -0.000266999149  -0.002941509245  -0.000000000000
  0.017432098124   0.036866579698  -0.000000000000
  0.000002776770   0.006667381040   0.000000000000
 -0.001203180278   0.002458701594   0.000000000000
  0.002161943301   0.003735758146   0.000000000000
  0.000000000000   0.000383862393   0.000000000000
 -0.017432098063   0.036866579698   0.000000000000
  0.000001347001  -0.002505135684   0.000000000000
 -0.000000000000  -0.000027520372   0.000000000000
 -0.002161943295   0.003735758146   0.000000000000
  0.000266999144  -0.002941509245   0.000000000000
  0.001206851837   0.002458842351   0.000000000000
 -0.000001347005  -0.002505135684   0.000000000000
  0.001203180282   0.002458701594   0.000000000000
  0.000267094214  -0.002940177368   0.000000000000
 -0.002159221176   0.003736662541   0.000000000000
 -0.000000000000  -0.000026900479   0.000000000000
 -0.000002776759   0.006667381040   0.000000000000
 -0.017432755279   0.036866787314   0.000000000000
  0.000000000000   0.000388280973   0.000000000000
  0.002159221182   0.003736662541   0.000000000000
 -0.001206851833   0.002458842351   0.000000000000
    1    3  0.0000  0.0000  0.0150
  0.000000000000   0.000000000000  -0.023126624476
  0.000001827351  -0.000006290419   0.006260470878
  0.000002369980   0.000002806617  -0.002556167114
 -0.000002369980  -0.000002806617  -0.002556167114
 -0.000001827351   0.000006290419   0.006260470878
 -0.000004962100   0.000000000000   0.006257059960
  0.000004703970   0.000002380790  -0.001107198185
  0.000004027090  -0.000003166878   0.001258890551
 -0.000000000000  -0.000009001900  -0.001107321826
  0.000001827351   0.000006290419   0.006260470878
  0.000000485769   0.000000000000  -0.002556994181
  0.000000000000   0.000006423137   0.001258576024
 -0.000004027090  -0.000003166878   0.001258890551
  0.000002369980  -0.000002806617  -0.002556167114
  0.000004703970  -0.000002380790  -0.001107198185
 -0.000000485769   0.000000000000  -0.002556994181
 -0.000004703970   0.000002380790  -0.001107198185
 -0.000002369980   0.000002806617  -0.002556167114
  0.000004027090   0.000003166878   0.001258890551
 -0.000000000000  -0.000006423137   0.001258576024
  0.000004962100   0.000000000000   0.006257059960
 -0.000001827351  -0.000006290419   0.006260470878
  0.000000000000   0.000009001900  -0.001107321826
 -0.000004027090   0.000003166878   0.001258890551
 -0.000004703970  -0.000002380790  -0.001107198185
