Automatically generated mesh
     196
Reciprocal lattice
    0.00000000000000    0.00000000000000    0.00000000000000             1
    0.03703703703704    0.00000000000000    0.00000000000000             4
    0.07407407407408    0.00000000000000    0.00000000000000             4
    0.11111111111112    0.00000000000000    0.00000000000000             4
    0.14814814814815    0.00000000000000    0.00000000000000             4
    0.18518518518518    0.00000000000000    0.00000000000000             4
    0.22222222222222    0.00000000000000    0.00000000000000             4
    0.25925925925926    0.00000000000000    0.00000000000000             4
    0.29629629629630    0.00000000000000    0.00000000000000             4
    0.33333333333334    0.00000000000000    0.00000000000000             4
    0.37037037037038    0.00000000000000    0.00000000000000             4
    0.40740740740741    0.00000000000000    0.00000000000000             4
    0.44444444444444    0.00000000000000    0.00000000000000             4
    0.48148148148148    0.00000000000000    0.00000000000000             4
    0.00000000000000    0.03703703703704    0.00000000000000             2
    0.07407407407408    0.03703703703704    0.00000000000000             2
    0.11111111111112    0.03703703703704    0.00000000000000             4
    0.14814814814815    0.03703703703704    0.00000000000000             4
    0.18518518518518    0.03703703703704    0.00000000000000             4
    0.22222222222222    0.03703703703704    0.00000000000000             4
    0.25925925925926    0.03703703703704    0.00000000000000             4
    0.29629629629630    0.03703703703704    0.00000000000000             4
    0.33333333333334    0.03703703703704    0.00000000000000             4
    0.37037037037038    0.03703703703704    0.00000000000000             4
    0.40740740740741    0.03703703703704    0.00000000000000             4
    0.44444444444444    0.03703703703704    0.00000000000000             4
    0.48148148148148    0.03703703703704    0.00000000000000             4
   -0.48148148148148    0.03703703703704    0.00000000000000             4
   -0.44444444444444    0.03703703703704    0.00000000000000             4
   -0.40740740740740    0.03703703703704    0.00000000000000             4
   -0.37037037037037    0.03703703703704    0.00000000000000             4
   -0.33333333333333    0.03703703703704    0.00000000000000             4
   -0.29629629629630    0.03703703703704    0.00000000000000             4
   -0.25925925925926    0.03703703703704    0.00000000000000             4
   -0.22222222222222    0.03703703703704    0.00000000000000             4
   -0.18518518518518    0.03703703703704    0.00000000000000             4
   -0.14814814814814    0.03703703703704    0.00000000000000             4
   -0.11111111111111    0.03703703703704    0.00000000000000             4
   -0.07407407407407    0.03703703703704    0.00000000000000             4
   -0.03703703703704    0.03703703703704    0.00000000000000             4
    0.00000000000000    0.07407407407408    0.00000000000000             2
    0.14814814814815    0.07407407407408    0.00000000000000             2
    0.18518518518518    0.07407407407408    0.00000000000000             4
    0.22222222222222    0.07407407407408    0.00000000000000             4
    0.25925925925926    0.07407407407408    0.00000000000000             4
    0.29629629629630    0.07407407407408    0.00000000000000             4
    0.33333333333334    0.07407407407408    0.00000000000000             4
    0.37037037037038    0.07407407407408    0.00000000000000             4
    0.40740740740741    0.07407407407408    0.00000000000000             4
    0.44444444444444    0.07407407407408    0.00000000000000             4
    0.48148148148148    0.07407407407408    0.00000000000000             4
   -0.48148148148148    0.07407407407408    0.00000000000000             4
   -0.44444444444444    0.07407407407408    0.00000000000000             4
   -0.40740740740740    0.07407407407408    0.00000000000000             4
   -0.37037037037037    0.07407407407408    0.00000000000000             4
   -0.33333333333333    0.07407407407408    0.00000000000000             4
   -0.29629629629630    0.07407407407408    0.00000000000000             4
   -0.25925925925926    0.07407407407408    0.00000000000000             4
   -0.22222222222222    0.07407407407408    0.00000000000000             4
   -0.18518518518518    0.07407407407408    0.00000000000000             4
   -0.14814814814814    0.07407407407408    0.00000000000000             4
   -0.11111111111111    0.07407407407408    0.00000000000000             4
   -0.07407407407407    0.07407407407408    0.00000000000000             4
   -0.03703703703704    0.07407407407408    0.00000000000000             4
    0.00000000000000    0.11111111111112    0.00000000000000             2
    0.22222222222222    0.11111111111112    0.00000000000000             2
    0.25925925925926    0.11111111111112    0.00000000000000             4
    0.29629629629630    0.11111111111112    0.00000000000000             4
    0.33333333333334    0.11111111111112    0.00000000000000             4
    0.37037037037038    0.11111111111112    0.00000000000000             4
    0.40740740740741    0.11111111111112    0.00000000000000             4
    0.44444444444444    0.11111111111112    0.00000000000000             4
    0.48148148148148    0.11111111111112    0.00000000000000             4
   -0.48148148148148    0.11111111111112    0.00000000000000             4
   -0.44444444444444    0.11111111111112    0.00000000000000             4
   -0.40740740740740    0.11111111111112    0.00000000000000             4
   -0.37037037037037    0.11111111111112    0.00000000000000             4
   -0.33333333333333    0.11111111111112    0.00000000000000             4
   -0.29629629629630    0.11111111111112    0.00000000000000             4
   -0.25925925925926    0.11111111111112    0.00000000000000             4
   -0.22222222222222    0.11111111111112    0.00000000000000             4
   -0.18518518518518    0.11111111111112    0.00000000000000             4
   -0.14814814814814    0.11111111111112    0.00000000000000             4
   -0.11111111111111    0.11111111111112    0.00000000000000             4
   -0.07407407407407    0.11111111111112    0.00000000000000             4
   -0.03703703703704    0.11111111111112    0.00000000000000             4
    0.00000000000000    0.14814814814815    0.00000000000000             2
    0.29629629629630    0.14814814814815    0.00000000000000             2
    0.33333333333334    0.14814814814815    0.00000000000000             4
    0.37037037037038    0.14814814814815    0.00000000000000             4
    0.40740740740741    0.14814814814815    0.00000000000000             4
    0.44444444444444    0.14814814814815    0.00000000000000             4
    0.48148148148148    0.14814814814815    0.00000000000000             4
   -0.48148148148148    0.14814814814815    0.00000000000000             4
   -0.44444444444444    0.14814814814815    0.00000000000000             4
   -0.40740740740740    0.14814814814815    0.00000000000000             4
   -0.37037037037037    0.14814814814815    0.00000000000000             4
   -0.33333333333333    0.14814814814815    0.00000000000000             4
   -0.29629629629630    0.14814814814815    0.00000000000000             4
   -0.25925925925926    0.14814814814815    0.00000000000000             4
   -0.22222222222222    0.14814814814815    0.00000000000000             4
   -0.18518518518518    0.14814814814815    0.00000000000000             4
   -0.14814814814814    0.14814814814815    0.00000000000000             4
   -0.11111111111111    0.14814814814815    0.00000000000000             4
   -0.07407407407407    0.14814814814815    0.00000000000000             4
   -0.03703703703704    0.14814814814815    0.00000000000000             4
    0.00000000000000    0.18518518518518    0.00000000000000             2
    0.37037037037038    0.18518518518518    0.00000000000000             2
    0.40740740740741    0.18518518518518    0.00000000000000             4
    0.44444444444444    0.18518518518518    0.00000000000000             4
    0.48148148148148    0.18518518518518    0.00000000000000             4
   -0.48148148148148    0.18518518518518    0.00000000000000             4
   -0.44444444444444    0.18518518518518    0.00000000000000             4
   -0.40740740740740    0.18518518518518    0.00000000000000             4
   -0.37037037037037    0.18518518518518    0.00000000000000             4
   -0.33333333333333    0.18518518518518    0.00000000000000             4
   -0.29629629629630    0.18518518518518    0.00000000000000             4
   -0.25925925925926    0.18518518518518    0.00000000000000             4
   -0.22222222222222    0.18518518518518    0.00000000000000             4
   -0.18518518518518    0.18518518518518    0.00000000000000             4
   -0.14814814814814    0.18518518518518    0.00000000000000             4
   -0.11111111111111    0.18518518518518    0.00000000000000             4
   -0.07407407407407    0.18518518518518    0.00000000000000             4
   -0.03703703703704    0.18518518518518    0.00000000000000             4
    0.00000000000000    0.22222222222222    0.00000000000000             2
    0.44444444444444    0.22222222222222    0.00000000000000             2
    0.48148148148148    0.22222222222222    0.00000000000000             4
   -0.48148148148148    0.22222222222222    0.00000000000000             4
   -0.44444444444444    0.22222222222222    0.00000000000000             4
   -0.40740740740740    0.22222222222222    0.00000000000000             4
   -0.37037037037037    0.22222222222222    0.00000000000000             4
   -0.33333333333333    0.22222222222222    0.00000000000000             4
   -0.29629629629630    0.22222222222222    0.00000000000000             4
   -0.25925925925926    0.22222222222222    0.00000000000000             4
   -0.22222222222222    0.22222222222222    0.00000000000000             4
   -0.18518518518518    0.22222222222222    0.00000000000000             4
   -0.14814814814814    0.22222222222222    0.00000000000000             4
   -0.11111111111111    0.22222222222222    0.00000000000000             4
   -0.07407407407407    0.22222222222222    0.00000000000000             4
   -0.03703703703704    0.22222222222222    0.00000000000000             4
    0.00000000000000    0.25925925925926    0.00000000000000             2
   -0.48148148148148    0.25925925925926    0.00000000000000             2
   -0.44444444444444    0.25925925925926    0.00000000000000             4
   -0.40740740740740    0.25925925925926    0.00000000000000             4
   -0.37037037037037    0.25925925925926    0.00000000000000             4
   -0.33333333333333    0.25925925925926    0.00000000000000             4
   -0.29629629629630    0.25925925925926    0.00000000000000             4
   -0.25925925925926    0.25925925925926    0.00000000000000             4
   -0.22222222222222    0.25925925925926    0.00000000000000             4
   -0.18518518518518    0.25925925925926    0.00000000000000             4
   -0.14814814814814    0.25925925925926    0.00000000000000             4
   -0.11111111111111    0.25925925925926    0.00000000000000             4
   -0.07407407407407    0.25925925925926    0.00000000000000             4
   -0.03703703703704    0.25925925925926    0.00000000000000             4
    0.00000000000000    0.29629629629630    0.00000000000000             2
   -0.40740740740740    0.29629629629630    0.00000000000000             2
   -0.37037037037037    0.29629629629630    0.00000000000000             4
   -0.33333333333333    0.29629629629630    0.00000000000000             4
   -0.29629629629630    0.29629629629630    0.00000000000000             4
   -0.25925925925926    0.29629629629630    0.00000000000000             4
   -0.22222222222222    0.29629629629630    0.00000000000000             4
   -0.18518518518518    0.29629629629630    0.00000000000000             4
   -0.14814814814814    0.29629629629630    0.00000000000000             4
   -0.11111111111111    0.29629629629630    0.00000000000000             4
   -0.07407407407407    0.29629629629630    0.00000000000000             4
   -0.03703703703704    0.29629629629630    0.00000000000000             4
    0.00000000000000    0.33333333333334    0.00000000000000             2
   -0.33333333333333    0.33333333333334    0.00000000000000             2
   -0.29629629629630    0.33333333333334    0.00000000000000             4
   -0.25925925925926    0.33333333333334    0.00000000000000             4
   -0.22222222222222    0.33333333333334    0.00000000000000             4
   -0.18518518518518    0.33333333333334    0.00000000000000             4
   -0.14814814814814    0.33333333333334    0.00000000000000             4
   -0.11111111111111    0.33333333333334    0.00000000000000             4
   -0.07407407407407    0.33333333333334    0.00000000000000             4
   -0.03703703703704    0.33333333333334    0.00000000000000             4
    0.00000000000000    0.37037037037038    0.00000000000000             2
   -0.25925925925926    0.37037037037038    0.00000000000000             2
   -0.22222222222222    0.37037037037038    0.00000000000000             4
   -0.18518518518518    0.37037037037038    0.00000000000000             4
   -0.14814814814814    0.37037037037038    0.00000000000000             4
   -0.11111111111111    0.37037037037038    0.00000000000000             4
   -0.07407407407407    0.37037037037037    0.00000000000000             4
   -0.03703703703704    0.37037037037038    0.00000000000000             4
    0.00000000000000    0.40740740740741    0.00000000000000             2
   -0.18518518518518    0.40740740740741    0.00000000000000             2
   -0.14814814814814    0.40740740740741    0.00000000000000             4
   -0.11111111111111    0.40740740740741    0.00000000000000             4
   -0.07407407407407    0.40740740740741    0.00000000000000             4
   -0.03703703703704    0.40740740740741    0.00000000000000             4
    0.00000000000000    0.44444444444444    0.00000000000000             2
   -0.11111111111111    0.44444444444444    0.00000000000000             2
   -0.07407407407407    0.44444444444444    0.00000000000000             4
   -0.03703703703704    0.44444444444444    0.00000000000000             4
    0.00000000000000    0.48148148148148    0.00000000000000             2
   -0.03703703703704    0.48148148148148    0.00000000000000             2
