64   
2    

1    
 -0.0057735026918963  -0.0057735026918963   0.0057735026918963
   0.0472076900    0.0472076900   -0.0472076900
  -0.0159701700   -0.0159701700    0.0159701700
   0.0032490300    0.0032490300   -0.0032490300
  -0.0152824100   -0.0152824100    0.0152824100
   0.0048168900   -0.0054143400    0.0054143400
   0.0037013500   -0.0008330500    0.0008330500
   0.0006860700   -0.0000650300    0.0000650300
   0.0003104600   -0.0032915000    0.0032915000
  -0.0019907900    0.0006291000   -0.0006291000
   0.0000004000   -0.0004030100    0.0004030100
  -0.0008628300   -0.0002272700    0.0002272700
   0.0000156400   -0.0004089800    0.0004089800
   0.0048327700   -0.0053818600    0.0053818600
   0.0003134800   -0.0032929600    0.0032929600
   0.0007152900   -0.0000542700    0.0000542700
   0.0037388100   -0.0007985700    0.0007985700
  -0.0054143400    0.0048168900    0.0054143400
  -0.0008330500    0.0037013500    0.0008330500
  -0.0000650300    0.0006860700    0.0000650300
  -0.0032915000    0.0003104600    0.0032915000
  -0.0007985700   -0.0007985700   -0.0037388100
  -0.0053818600   -0.0053818600   -0.0048327700
  -0.0032929600   -0.0032929600   -0.0003134800
  -0.0000542700   -0.0000542700   -0.0007152900
  -0.0001444500    0.0002040200   -0.0003557800
   0.0002622400    0.0003119900   -0.0002567100
   0.0003530600    0.0002039200    0.0001403200
   0.0005108800   -0.0008870300   -0.0005141200
   0.0002567100    0.0002622400   -0.0003119900
  -0.0001403200    0.0003530600   -0.0002039200
   0.0005141200    0.0005108800    0.0008870300
   0.0003557800   -0.0001444500   -0.0002040200
   0.0006291000   -0.0019907900   -0.0006291000
  -0.0004030100    0.0000004000    0.0004030100
  -0.0002272700   -0.0008628300    0.0002272700
  -0.0004089800    0.0000156400    0.0004089800
   0.0002040200   -0.0001444500   -0.0003557800
   0.0003119900    0.0002622400   -0.0002567100
   0.0002039200    0.0003530600    0.0001403200
  -0.0008870300    0.0005108800   -0.0005141200
  -0.0002272700   -0.0002272700    0.0008628300
  -0.0004089800   -0.0004089800   -0.0000156400
   0.0006291000    0.0006291000    0.0019907900
  -0.0004030100   -0.0004030100   -0.0000004000
   0.0002039200   -0.0001403200   -0.0003530600
  -0.0008870300    0.0005141200   -0.0005108800
   0.0002040200    0.0003557800    0.0001444500
   0.0003119900    0.0002567100   -0.0002622400
  -0.0053818600    0.0048327700    0.0053818600
  -0.0032929600    0.0003134800    0.0032929600
  -0.0000542700    0.0007152900    0.0000542700
  -0.0007985700    0.0037388100    0.0007985700
   0.0002622400    0.0002567100   -0.0003119900
   0.0003530600   -0.0001403200   -0.0002039200
   0.0005108800    0.0005141200    0.0008870300
  -0.0001444500    0.0003557800   -0.0002040200
  -0.0001403200    0.0002039200   -0.0003530600
   0.0005141200   -0.0008870300   -0.0005108800
   0.0003557800    0.0002040200    0.0001444500
   0.0002567100    0.0003119900   -0.0002622400
  -0.0008330500   -0.0008330500   -0.0037013500
  -0.0000650300   -0.0000650300   -0.0006860700
  -0.0032915000   -0.0032915000   -0.0003104600
  -0.0054143400   -0.0054143400   -0.0048168900

1    
  0.0057735026918963   0.0057735026918963  -0.0057735026918963
  -0.0472077000   -0.0472077000    0.0472077000
   0.0152824200    0.0152824200   -0.0152824200
  -0.0032490300   -0.0032490300    0.0032490300
   0.0159701800    0.0159701800   -0.0159701800
  -0.0048327700    0.0053818700   -0.0053818700
  -0.0037387900    0.0007985800   -0.0007985800
  -0.0007153200    0.0000542700   -0.0000542700
  -0.0003134800    0.0032929500   -0.0032929500
   0.0019908000   -0.0006291100    0.0006291100
  -0.0000156400    0.0004089800   -0.0004089800
   0.0008628200    0.0002272600   -0.0002272600
  -0.0000004000    0.0004030100   -0.0004030100
  -0.0048168900    0.0054143400   -0.0054143400
  -0.0003104600    0.0032914900   -0.0032914900
  -0.0006861000    0.0000650300   -0.0000650300
  -0.0037013400    0.0008330600   -0.0008330600
   0.0053818700   -0.0048327700   -0.0053818700
   0.0007985800   -0.0037387900   -0.0007985800
   0.0000542700   -0.0007153200   -0.0000542700
   0.0032929500   -0.0003134800   -0.0032929500
   0.0008330600    0.0008330600    0.0037013400
   0.0054143400    0.0054143400    0.0048168900
   0.0032914900    0.0032914900    0.0003104600
   0.0000650300    0.0000650300    0.0006861000
   0.0001403100   -0.0002039200    0.0003530700
  -0.0002567100   -0.0003119700    0.0002622400
  -0.0003557900   -0.0002040200   -0.0001444500
  -0.0005141100    0.0008870400    0.0005108600
  -0.0002622400   -0.0002567100    0.0003119700
   0.0001444500   -0.0003557900    0.0002040200
  -0.0005108600   -0.0005141100   -0.0008870400
  -0.0003530700    0.0001403100    0.0002039200
  -0.0006291100    0.0019908000    0.0006291100
   0.0004089800   -0.0000156400   -0.0004089800
   0.0002272600    0.0008628200   -0.0002272600
   0.0004030100   -0.0000004000   -0.0004030100
  -0.0002039200    0.0001403100    0.0003530700
  -0.0003119700   -0.0002567100    0.0002622400
  -0.0002040200   -0.0003557900   -0.0001444500
   0.0008870400   -0.0005141100    0.0005108600
   0.0002272600    0.0002272600   -0.0008628200
   0.0004030100    0.0004030100    0.0000004000
  -0.0006291100   -0.0006291100   -0.0019908000
   0.0004089800    0.0004089800    0.0000156400
  -0.0002040200    0.0001444500    0.0003557900
   0.0008870400   -0.0005108600    0.0005141100
  -0.0002039200   -0.0003530700   -0.0001403100
  -0.0003119700   -0.0002622400    0.0002567100
   0.0054143400   -0.0048168900   -0.0054143400
   0.0032914900   -0.0003104600   -0.0032914900
   0.0000650300   -0.0006861000   -0.0000650300
   0.0008330600   -0.0037013400   -0.0008330600
  -0.0002567100   -0.0002622400    0.0003119700
  -0.0003557900    0.0001444500    0.0002040200
  -0.0005141100   -0.0005108600   -0.0008870400
   0.0001403100   -0.0003530700    0.0002039200
   0.0001444500   -0.0002040200    0.0003557900
  -0.0005108600    0.0008870400    0.0005141100
  -0.0003530700   -0.0002039200   -0.0001403100
  -0.0002622400   -0.0003119700    0.0002567100
   0.0007985800    0.0007985800    0.0037387900
   0.0000542700    0.0000542700    0.0007153200
   0.0032929500    0.0032929500    0.0003134800
   0.0053818700    0.0053818700    0.0048327700
