Automatically generated mesh
     288
Reciprocal lattice
    0.00000000000000    0.00000000000000    0.00000000000000             1
    0.07142857142857    0.00000000000000    0.00000000000000             4
    0.14285714285715    0.00000000000000    0.00000000000000             4
    0.21428571428572    0.00000000000000    0.00000000000000             4
    0.28571428571429    0.00000000000000    0.00000000000000             4
    0.35714285714286    0.00000000000000    0.00000000000000             4
    0.42857142857143    0.00000000000000    0.00000000000000             4
    0.50000000000000    0.00000000000000    0.00000000000000             2
    0.07142857142857    0.07142857142857    0.00000000000000             4
    0.14285714285715    0.07142857142857    0.00000000000000             8
    0.21428571428572    0.07142857142857    0.00000000000000             8
    0.28571428571429    0.07142857142857    0.00000000000000             8
    0.35714285714286    0.07142857142857    0.00000000000000             8
    0.42857142857143    0.07142857142857    0.00000000000000             8
    0.50000000000000    0.07142857142857    0.00000000000000             4
    0.14285714285715    0.14285714285715    0.00000000000000             4
    0.21428571428572    0.14285714285715    0.00000000000000             8
    0.28571428571429    0.14285714285715    0.00000000000000             8
    0.35714285714286    0.14285714285715    0.00000000000000             8
    0.42857142857143    0.14285714285715    0.00000000000000             8
    0.50000000000000    0.14285714285715    0.00000000000000             4
    0.21428571428572    0.21428571428572    0.00000000000000             4
    0.28571428571429    0.21428571428572    0.00000000000000             8
    0.35714285714286    0.21428571428572    0.00000000000000             8
    0.42857142857143    0.21428571428572    0.00000000000000             8
    0.50000000000000    0.21428571428572    0.00000000000000             4
    0.28571428571429    0.28571428571429    0.00000000000000             4
    0.35714285714286    0.28571428571429    0.00000000000000             8
    0.42857142857143    0.28571428571429    0.00000000000000             8
    0.50000000000000    0.28571428571429    0.00000000000000             4
    0.35714285714286    0.35714285714286    0.00000000000000             4
    0.42857142857143    0.35714285714286    0.00000000000000             8
    0.50000000000000    0.35714285714286    0.00000000000000             4
    0.42857142857143    0.42857142857143    0.00000000000000             4
    0.50000000000000    0.42857142857143    0.00000000000000             4
    0.50000000000000    0.50000000000000    0.00000000000000             1
    0.00000000000000    0.00000000000000    0.07142857142857             2
    0.07142857142857    0.00000000000000    0.07142857142857             8
    0.14285714285715    0.00000000000000    0.07142857142857             8
    0.21428571428572    0.00000000000000    0.07142857142857             8
    0.28571428571429    0.00000000000000    0.07142857142857             8
    0.35714285714286    0.00000000000000    0.07142857142857             8
    0.42857142857143    0.00000000000000    0.07142857142857             8
    0.50000000000000    0.00000000000000    0.07142857142857             4
    0.07142857142857    0.07142857142857    0.07142857142857             8
    0.14285714285715    0.07142857142857    0.07142857142857            16
    0.21428571428572    0.07142857142857    0.07142857142857            16
    0.28571428571429    0.07142857142857    0.07142857142857            16
    0.35714285714286    0.07142857142857    0.07142857142857            16
    0.42857142857143    0.07142857142857    0.07142857142857            16
    0.50000000000000    0.07142857142857    0.07142857142857             8
    0.14285714285715    0.14285714285715    0.07142857142857             8
    0.21428571428572    0.14285714285715    0.07142857142857            16
    0.28571428571429    0.14285714285715    0.07142857142857            16
    0.35714285714286    0.14285714285715    0.07142857142857            16
    0.42857142857143    0.14285714285715    0.07142857142857            16
    0.50000000000000    0.14285714285715    0.07142857142857             8
    0.21428571428572    0.21428571428572    0.07142857142857             8
    0.28571428571429    0.21428571428572    0.07142857142857            16
    0.35714285714286    0.21428571428572    0.07142857142857            16
    0.42857142857143    0.21428571428572    0.07142857142857            16
    0.50000000000000    0.21428571428572    0.07142857142857             8
    0.28571428571429    0.28571428571429    0.07142857142857             8
    0.35714285714286    0.28571428571429    0.07142857142857            16
    0.42857142857143    0.28571428571429    0.07142857142857            16
    0.50000000000000    0.28571428571429    0.07142857142857             8
    0.35714285714286    0.35714285714286    0.07142857142857             8
    0.42857142857143    0.35714285714286    0.07142857142857            16
    0.50000000000000    0.35714285714286    0.07142857142857             8
    0.42857142857143    0.42857142857143    0.07142857142857             8
    0.50000000000000    0.42857142857143    0.07142857142857             8
    0.50000000000000    0.50000000000000    0.07142857142857             2
    0.00000000000000    0.00000000000000    0.14285714285715             2
    0.07142857142857    0.00000000000000    0.14285714285715             8
    0.14285714285715    0.00000000000000    0.14285714285715             8
    0.21428571428572    0.00000000000000    0.14285714285715             8
    0.28571428571429    0.00000000000000    0.14285714285715             8
    0.35714285714286    0.00000000000000    0.14285714285715             8
    0.42857142857143    0.00000000000000    0.14285714285715             8
    0.50000000000000    0.00000000000000    0.14285714285715             4
    0.07142857142857    0.07142857142857    0.14285714285715             8
    0.14285714285715    0.07142857142857    0.14285714285715            16
    0.21428571428572    0.07142857142857    0.14285714285715            16
    0.28571428571429    0.07142857142857    0.14285714285715            16
    0.35714285714286    0.07142857142857    0.14285714285715            16
    0.42857142857143    0.07142857142857    0.14285714285715            16
    0.50000000000000    0.07142857142857    0.14285714285715             8
    0.14285714285715    0.14285714285715    0.14285714285715             8
    0.21428571428572    0.14285714285715    0.14285714285715            16
    0.28571428571429    0.14285714285715    0.14285714285715            16
    0.35714285714286    0.14285714285715    0.14285714285715            16
    0.42857142857143    0.14285714285715    0.14285714285715            16
    0.50000000000000    0.14285714285715    0.14285714285715             8
    0.21428571428572    0.21428571428572    0.14285714285715             8
    0.28571428571429    0.21428571428572    0.14285714285715            16
    0.35714285714286    0.21428571428572    0.14285714285715            16
    0.42857142857143    0.21428571428572    0.14285714285715            16
    0.50000000000000    0.21428571428572    0.14285714285715             8
    0.28571428571429    0.28571428571429    0.14285714285715             8
    0.35714285714286    0.28571428571429    0.14285714285715            16
    0.42857142857143    0.28571428571429    0.14285714285715            16
    0.50000000000000    0.28571428571429    0.14285714285715             8
    0.35714285714286    0.35714285714286    0.14285714285715             8
    0.42857142857143    0.35714285714286    0.14285714285715            16
    0.50000000000000    0.35714285714286    0.14285714285715             8
    0.42857142857143    0.42857142857143    0.14285714285715             8
    0.50000000000000    0.42857142857143    0.14285714285715             8
    0.50000000000000    0.50000000000000    0.14285714285715             2
    0.00000000000000    0.00000000000000    0.21428571428572             2
    0.07142857142857    0.00000000000000    0.21428571428572             8
    0.14285714285715    0.00000000000000    0.21428571428572             8
    0.21428571428572    0.00000000000000    0.21428571428572             8
    0.28571428571429    0.00000000000000    0.21428571428572             8
    0.35714285714286    0.00000000000000    0.21428571428572             8
    0.42857142857143    0.00000000000000    0.21428571428572             8
    0.50000000000000    0.00000000000000    0.21428571428572             4
    0.07142857142857    0.07142857142857    0.21428571428572             8
    0.14285714285715    0.07142857142857    0.21428571428572            16
    0.21428571428572    0.07142857142857    0.21428571428572            16
    0.28571428571429    0.07142857142857    0.21428571428572            16
    0.35714285714286    0.07142857142857    0.21428571428572            16
    0.42857142857143    0.07142857142857    0.21428571428572            16
    0.50000000000000    0.07142857142857    0.21428571428572             8
    0.14285714285715    0.14285714285715    0.21428571428572             8
    0.21428571428572    0.14285714285715    0.21428571428572            16
    0.28571428571429    0.14285714285715    0.21428571428572            16
    0.35714285714286    0.14285714285715    0.21428571428572            16
    0.42857142857143    0.14285714285715    0.21428571428572            16
    0.50000000000000    0.14285714285715    0.21428571428572             8
    0.21428571428572    0.21428571428572    0.21428571428572             8
    0.28571428571429    0.21428571428572    0.21428571428572            16
    0.35714285714286    0.21428571428572    0.21428571428572            16
    0.42857142857143    0.21428571428572    0.21428571428572            16
    0.50000000000000    0.21428571428572    0.21428571428572             8
    0.28571428571429    0.28571428571429    0.21428571428572             8
    0.35714285714286    0.28571428571429    0.21428571428572            16
    0.42857142857143    0.28571428571429    0.21428571428572            16
    0.50000000000000    0.28571428571429    0.21428571428572             8
    0.35714285714286    0.35714285714286    0.21428571428572             8
    0.42857142857143    0.35714285714286    0.21428571428572            16
    0.50000000000000    0.35714285714286    0.21428571428572             8
    0.42857142857143    0.42857142857143    0.21428571428572             8
    0.50000000000000    0.42857142857143    0.21428571428572             8
    0.50000000000000    0.50000000000000    0.21428571428572             2
    0.00000000000000    0.00000000000000    0.28571428571429             2
    0.07142857142857    0.00000000000000    0.28571428571429             8
    0.14285714285715    0.00000000000000    0.28571428571429             8
    0.21428571428572    0.00000000000000    0.28571428571429             8
    0.28571428571429    0.00000000000000    0.28571428571429             8
    0.35714285714286    0.00000000000000    0.28571428571429             8
    0.42857142857143    0.00000000000000    0.28571428571429             8
    0.50000000000000    0.00000000000000    0.28571428571429             4
    0.07142857142857    0.07142857142857    0.28571428571429             8
    0.14285714285715    0.07142857142857    0.28571428571429            16
    0.21428571428572    0.07142857142857    0.28571428571429            16
    0.28571428571429    0.07142857142857    0.28571428571429            16
    0.35714285714286    0.07142857142857    0.28571428571429            16
    0.42857142857143    0.07142857142857    0.28571428571429            16
    0.50000000000000    0.07142857142857    0.28571428571429             8
    0.14285714285715    0.14285714285715    0.28571428571429             8
    0.21428571428572    0.14285714285715    0.28571428571429            16
    0.28571428571429    0.14285714285715    0.28571428571429            16
    0.35714285714286    0.14285714285715    0.28571428571429            16
    0.42857142857143    0.14285714285715    0.28571428571429            16
    0.50000000000000    0.14285714285715    0.28571428571429             8
    0.21428571428572    0.21428571428572    0.28571428571429             8
    0.28571428571429    0.21428571428572    0.28571428571429            16
    0.35714285714286    0.21428571428572    0.28571428571429            16
    0.42857142857143    0.21428571428572    0.28571428571429            16
    0.50000000000000    0.21428571428572    0.28571428571429             8
    0.28571428571429    0.28571428571429    0.28571428571429             8
    0.35714285714286    0.28571428571429    0.28571428571429            16
    0.42857142857143    0.28571428571429    0.28571428571429            16
    0.50000000000000    0.28571428571429    0.28571428571429             8
    0.35714285714286    0.35714285714286    0.28571428571429             8
    0.42857142857143    0.35714285714286    0.28571428571429            16
    0.50000000000000    0.35714285714286    0.28571428571429             8
    0.42857142857143    0.42857142857143    0.28571428571429             8
    0.50000000000000    0.42857142857143    0.28571428571429             8
    0.50000000000000    0.50000000000000    0.28571428571429             2
    0.00000000000000    0.00000000000000    0.35714285714286             2
    0.07142857142857    0.00000000000000    0.35714285714286             8
    0.14285714285715    0.00000000000000    0.35714285714286             8
    0.21428571428572    0.00000000000000    0.35714285714286             8
    0.28571428571429    0.00000000000000    0.35714285714286             8
    0.35714285714286    0.00000000000000    0.35714285714286             8
    0.42857142857143    0.00000000000000    0.35714285714286             8
    0.50000000000000    0.00000000000000    0.35714285714286             4
    0.07142857142857    0.07142857142857    0.35714285714286             8
    0.14285714285715    0.07142857142857    0.35714285714286            16
    0.21428571428572    0.07142857142857    0.35714285714286            16
    0.28571428571429    0.07142857142857    0.35714285714286            16
    0.35714285714286    0.07142857142857    0.35714285714286            16
    0.42857142857143    0.07142857142857    0.35714285714286            16
    0.50000000000000    0.07142857142857    0.35714285714286             8
    0.14285714285715    0.14285714285715    0.35714285714286             8
    0.21428571428572    0.14285714285715    0.35714285714286            16
    0.28571428571429    0.14285714285715    0.35714285714286            16
    0.35714285714286    0.14285714285715    0.35714285714286            16
    0.42857142857143    0.14285714285715    0.35714285714286            16
    0.50000000000000    0.14285714285715    0.35714285714286             8
    0.21428571428572    0.21428571428572    0.35714285714286             8
    0.28571428571429    0.21428571428572    0.35714285714286            16
    0.35714285714286    0.21428571428572    0.35714285714286            16
    0.42857142857143    0.21428571428572    0.35714285714286            16
    0.50000000000000    0.21428571428572    0.35714285714286             8
    0.28571428571429    0.28571428571429    0.35714285714286             8
    0.35714285714286    0.28571428571429    0.35714285714286            16
    0.42857142857143    0.28571428571429    0.35714285714286            16
    0.50000000000000    0.28571428571429    0.35714285714286             8
    0.35714285714286    0.35714285714286    0.35714285714286             8
    0.42857142857143    0.35714285714286    0.35714285714286            16
    0.50000000000000    0.35714285714286    0.35714285714286             8
    0.42857142857143    0.42857142857143    0.35714285714286             8
    0.50000000000000    0.42857142857143    0.35714285714286             8
    0.50000000000000    0.50000000000000    0.35714285714286             2
    0.00000000000000    0.00000000000000    0.42857142857143             2
    0.07142857142857    0.00000000000000    0.42857142857143             8
    0.14285714285715    0.00000000000000    0.42857142857143             8
    0.21428571428572    0.00000000000000    0.42857142857143             8
    0.28571428571429    0.00000000000000    0.42857142857143             8
    0.35714285714286    0.00000000000000    0.42857142857143             8
    0.42857142857143    0.00000000000000    0.42857142857143             8
    0.50000000000000    0.00000000000000    0.42857142857143             4
    0.07142857142857    0.07142857142857    0.42857142857143             8
    0.14285714285715    0.07142857142857    0.42857142857143            16
    0.21428571428572    0.07142857142857    0.42857142857143            16
    0.28571428571429    0.07142857142857    0.42857142857143            16
    0.35714285714286    0.07142857142857    0.42857142857143            16
    0.42857142857143    0.07142857142857    0.42857142857143            16
    0.50000000000000    0.07142857142857    0.42857142857143             8
    0.14285714285715    0.14285714285715    0.42857142857143             8
    0.21428571428572    0.14285714285715    0.42857142857143            16
    0.28571428571429    0.14285714285715    0.42857142857143            16
    0.35714285714286    0.14285714285715    0.42857142857143            16
    0.42857142857143    0.14285714285715    0.42857142857143            16
    0.50000000000000    0.14285714285715    0.42857142857143             8
    0.21428571428572    0.21428571428572    0.42857142857143             8
    0.28571428571429    0.21428571428572    0.42857142857143            16
    0.35714285714286    0.21428571428572    0.42857142857143            16
    0.42857142857143    0.21428571428572    0.42857142857143            16
    0.50000000000000    0.21428571428572    0.42857142857143             8
    0.28571428571429    0.28571428571429    0.42857142857143             8
    0.35714285714286    0.28571428571429    0.42857142857143            16
    0.42857142857143    0.28571428571429    0.42857142857143            16
    0.50000000000000    0.28571428571429    0.42857142857143             8
    0.35714285714286    0.35714285714286    0.42857142857143             8
    0.42857142857143    0.35714285714286    0.42857142857143            16
    0.50000000000000    0.35714285714286    0.42857142857143             8
    0.42857142857143    0.42857142857143    0.42857142857143             8
    0.50000000000000    0.42857142857143    0.42857142857143             8
    0.50000000000000    0.50000000000000    0.42857142857143             2
    0.00000000000000    0.00000000000000    0.50000000000000             1
    0.07142857142857    0.00000000000000    0.50000000000000             4
    0.14285714285715    0.00000000000000    0.50000000000000             4
    0.21428571428572    0.00000000000000    0.50000000000000             4
    0.28571428571429    0.00000000000000    0.50000000000000             4
    0.35714285714286    0.00000000000000    0.50000000000000             4
    0.42857142857143    0.00000000000000    0.50000000000000             4
    0.50000000000000    0.00000000000000    0.50000000000000             2
    0.07142857142857    0.07142857142857    0.50000000000000             4
    0.14285714285715    0.07142857142857    0.50000000000000             8
    0.21428571428572    0.07142857142857    0.50000000000000             8
    0.28571428571429    0.07142857142857    0.50000000000000             8
    0.35714285714286    0.07142857142857    0.50000000000000             8
    0.42857142857143    0.07142857142857    0.50000000000000             8
    0.50000000000000    0.07142857142857    0.50000000000000             4
    0.14285714285715    0.14285714285715    0.50000000000000             4
    0.21428571428572    0.14285714285715    0.50000000000000             8
    0.28571428571429    0.14285714285715    0.50000000000000             8
    0.35714285714286    0.14285714285715    0.50000000000000             8
    0.42857142857143    0.14285714285715    0.50000000000000             8
    0.50000000000000    0.14285714285715    0.50000000000000             4
    0.21428571428572    0.21428571428572    0.50000000000000             4
    0.28571428571429    0.21428571428572    0.50000000000000             8
    0.35714285714286    0.21428571428572    0.50000000000000             8
    0.42857142857143    0.21428571428572    0.50000000000000             8
    0.50000000000000    0.21428571428572    0.50000000000000             4
    0.28571428571429    0.28571428571429    0.50000000000000             4
    0.35714285714286    0.28571428571429    0.50000000000000             8
    0.42857142857143    0.28571428571429    0.50000000000000             8
    0.50000000000000    0.28571428571429    0.50000000000000             4
    0.35714285714286    0.35714285714286    0.50000000000000             4
    0.42857142857143    0.35714285714286    0.50000000000000             8
    0.50000000000000    0.35714285714286    0.50000000000000             4
    0.42857142857143    0.42857142857143    0.50000000000000             4
    0.50000000000000    0.42857142857143    0.50000000000000             4
    0.50000000000000    0.50000000000000    0.50000000000000             1
