Automatically generated mesh
     144
Reciprocal lattice
    0.00000000000000    0.00000000000000    0.00000000000000             1
    0.04347826086956    0.00000000000000    0.00000000000000             4
    0.08695652173913    0.00000000000000    0.00000000000000             4
    0.13043478260870    0.00000000000000    0.00000000000000             4
    0.17391304347826    0.00000000000000    0.00000000000000             4
    0.21739130434783    0.00000000000000    0.00000000000000             4
    0.26086956521739    0.00000000000000    0.00000000000000             4
    0.30434782608695    0.00000000000000    0.00000000000000             4
    0.34782608695652    0.00000000000000    0.00000000000000             4
    0.39130434782609    0.00000000000000    0.00000000000000             4
    0.43478260869566    0.00000000000000    0.00000000000000             4
    0.47826086956522    0.00000000000000    0.00000000000000             4
    0.00000000000000    0.04347826086956    0.00000000000000             2
    0.08695652173913    0.04347826086956    0.00000000000000             2
    0.13043478260870    0.04347826086956    0.00000000000000             4
    0.17391304347826    0.04347826086956    0.00000000000000             4
    0.21739130434783    0.04347826086956    0.00000000000000             4
    0.26086956521739    0.04347826086956    0.00000000000000             4
    0.30434782608695    0.04347826086956    0.00000000000000             4
    0.34782608695652    0.04347826086956    0.00000000000000             4
    0.39130434782609    0.04347826086956    0.00000000000000             4
    0.43478260869566    0.04347826086956    0.00000000000000             4
    0.47826086956522    0.04347826086956    0.00000000000000             4
   -0.47826086956522    0.04347826086956    0.00000000000000             4
   -0.43478260869565    0.04347826086956    0.00000000000000             4
   -0.39130434782608    0.04347826086956    0.00000000000000             4
   -0.34782608695652    0.04347826086956    0.00000000000000             4
   -0.30434782608695    0.04347826086956    0.00000000000000             4
   -0.26086956521739    0.04347826086956    0.00000000000000             4
   -0.21739130434783    0.04347826086956    0.00000000000000             4
   -0.17391304347826    0.04347826086956    0.00000000000000             4
   -0.13043478260869    0.04347826086956    0.00000000000000             4
   -0.08695652173913    0.04347826086956    0.00000000000000             4
   -0.04347826086956    0.04347826086956    0.00000000000000             4
    0.00000000000000    0.08695652173913    0.00000000000000             2
    0.17391304347826    0.08695652173913    0.00000000000000             2
    0.21739130434783    0.08695652173913    0.00000000000000             4
    0.26086956521739    0.08695652173913    0.00000000000000             4
    0.30434782608695    0.08695652173913    0.00000000000000             4
    0.34782608695652    0.08695652173913    0.00000000000000             4
    0.39130434782609    0.08695652173913    0.00000000000000             4
    0.43478260869566    0.08695652173913    0.00000000000000             4
    0.47826086956522    0.08695652173913    0.00000000000000             4
   -0.47826086956522    0.08695652173913    0.00000000000000             4
   -0.43478260869565    0.08695652173913    0.00000000000000             4
   -0.39130434782608    0.08695652173913    0.00000000000000             4
   -0.34782608695652    0.08695652173913    0.00000000000000             4
   -0.30434782608695    0.08695652173913    0.00000000000000             4
   -0.26086956521739    0.08695652173913    0.00000000000000             4
   -0.21739130434783    0.08695652173913    0.00000000000000             4
   -0.17391304347826    0.08695652173913    0.00000000000000             4
   -0.13043478260869    0.08695652173913    0.00000000000000             4
   -0.08695652173913    0.08695652173913    0.00000000000000             4
   -0.04347826086956    0.08695652173913    0.00000000000000             4
    0.00000000000000    0.13043478260870    0.00000000000000             2
    0.26086956521739    0.13043478260870    0.00000000000000             2
    0.30434782608695    0.13043478260870    0.00000000000000             4
    0.34782608695652    0.13043478260870    0.00000000000000             4
    0.39130434782609    0.13043478260870    0.00000000000000             4
    0.43478260869566    0.13043478260870    0.00000000000000             4
    0.47826086956522    0.13043478260870    0.00000000000000             4
   -0.47826086956522    0.13043478260870    0.00000000000000             4
   -0.43478260869565    0.13043478260870    0.00000000000000             4
   -0.39130434782608    0.13043478260870    0.00000000000000             4
   -0.34782608695652    0.13043478260870    0.00000000000000             4
   -0.30434782608695    0.13043478260870    0.00000000000000             4
   -0.26086956521739    0.13043478260870    0.00000000000000             4
   -0.21739130434783    0.13043478260870    0.00000000000000             4
   -0.17391304347826    0.13043478260870    0.00000000000000             4
   -0.13043478260869    0.13043478260870    0.00000000000000             4
   -0.08695652173913    0.13043478260870    0.00000000000000             4
   -0.04347826086956    0.13043478260870    0.00000000000000             4
    0.00000000000000    0.17391304347826    0.00000000000000             2
    0.34782608695652    0.17391304347826    0.00000000000000             2
    0.39130434782609    0.17391304347826    0.00000000000000             4
    0.43478260869566    0.17391304347826    0.00000000000000             4
    0.47826086956522    0.17391304347826    0.00000000000000             4
   -0.47826086956522    0.17391304347826    0.00000000000000             4
   -0.43478260869565    0.17391304347826    0.00000000000000             4
   -0.39130434782608    0.17391304347826    0.00000000000000             4
   -0.34782608695652    0.17391304347826    0.00000000000000             4
   -0.30434782608695    0.17391304347826    0.00000000000000             4
   -0.26086956521739    0.17391304347826    0.00000000000000             4
   -0.21739130434783    0.17391304347826    0.00000000000000             4
   -0.17391304347826    0.17391304347826    0.00000000000000             4
   -0.13043478260869    0.17391304347826    0.00000000000000             4
   -0.08695652173913    0.17391304347826    0.00000000000000             4
   -0.04347826086956    0.17391304347826    0.00000000000000             4
    0.00000000000000    0.21739130434783    0.00000000000000             2
    0.43478260869566    0.21739130434783    0.00000000000000             2
    0.47826086956522    0.21739130434783    0.00000000000000             4
   -0.47826086956522    0.21739130434783    0.00000000000000             4
   -0.43478260869565    0.21739130434783    0.00000000000000             4
   -0.39130434782608    0.21739130434783    0.00000000000000             4
   -0.34782608695652    0.21739130434783    0.00000000000000             4
   -0.30434782608695    0.21739130434783    0.00000000000000             4
   -0.26086956521739    0.21739130434783    0.00000000000000             4
   -0.21739130434783    0.21739130434783    0.00000000000000             4
   -0.17391304347826    0.21739130434783    0.00000000000000             4
   -0.13043478260869    0.21739130434783    0.00000000000000             4
   -0.08695652173913    0.21739130434783    0.00000000000000             4
   -0.04347826086956    0.21739130434783    0.00000000000000             4
    0.00000000000000    0.26086956521739    0.00000000000000             2
   -0.47826086956522    0.26086956521739    0.00000000000000             2
   -0.43478260869565    0.26086956521739    0.00000000000000             4
   -0.39130434782608    0.26086956521739    0.00000000000000             4
   -0.34782608695652    0.26086956521739    0.00000000000000             4
   -0.30434782608695    0.26086956521739    0.00000000000000             4
   -0.26086956521739    0.26086956521739    0.00000000000000             4
   -0.21739130434783    0.26086956521739    0.00000000000000             4
   -0.17391304347826    0.26086956521739    0.00000000000000             4
   -0.13043478260869    0.26086956521739    0.00000000000000             4
   -0.08695652173913    0.26086956521739    0.00000000000000             4
   -0.04347826086956    0.26086956521739    0.00000000000000             4
    0.00000000000000    0.30434782608695    0.00000000000000             2
   -0.39130434782608    0.30434782608695    0.00000000000000             2
   -0.34782608695652    0.30434782608695    0.00000000000000             4
   -0.30434782608695    0.30434782608695    0.00000000000000             4
   -0.26086956521739    0.30434782608695    0.00000000000000             4
   -0.21739130434783    0.30434782608695    0.00000000000000             4
   -0.17391304347826    0.30434782608695    0.00000000000000             4
   -0.13043478260869    0.30434782608695    0.00000000000000             4
   -0.08695652173913    0.30434782608695    0.00000000000000             4
   -0.04347826086956    0.30434782608695    0.00000000000000             4
    0.00000000000000    0.34782608695652    0.00000000000000             2
   -0.30434782608695    0.34782608695652    0.00000000000000             2
   -0.26086956521739    0.34782608695652    0.00000000000000             4
   -0.21739130434783    0.34782608695652    0.00000000000000             4
   -0.17391304347826    0.34782608695652    0.00000000000000             4
   -0.13043478260869    0.34782608695652    0.00000000000000             4
   -0.08695652173913    0.34782608695652    0.00000000000000             4
   -0.04347826086956    0.34782608695652    0.00000000000000             4
    0.00000000000000    0.39130434782609    0.00000000000000             2
   -0.21739130434783    0.39130434782609    0.00000000000000             2
   -0.17391304347826    0.39130434782609    0.00000000000000             4
   -0.13043478260869    0.39130434782609    0.00000000000000             4
   -0.08695652173913    0.39130434782609    0.00000000000000             4
   -0.04347826086956    0.39130434782609    0.00000000000000             4
    0.00000000000000    0.43478260869565    0.00000000000000             2
   -0.13043478260869    0.43478260869566    0.00000000000000             2
   -0.08695652173913    0.43478260869566    0.00000000000000             4
   -0.04347826086956    0.43478260869566    0.00000000000000             4
    0.00000000000000    0.47826086956522    0.00000000000000             2
   -0.04347826086956    0.47826086956522    0.00000000000000             2
