Automatically generated mesh
     161
Reciprocal lattice
    0.00000000000000    0.00000000000000    0.00000000000000             1
    0.02439024390244    0.00000000000000    0.00000000000000             6
    0.04878048780488    0.00000000000000    0.00000000000000             6
    0.07317073170732    0.00000000000000    0.00000000000000             6
    0.09756097560975    0.00000000000000    0.00000000000000             6
    0.12195121951220    0.00000000000000    0.00000000000000             6
    0.14634146341464    0.00000000000000    0.00000000000000             6
    0.17073170731708    0.00000000000000    0.00000000000000             6
    0.19512195121951    0.00000000000000    0.00000000000000             6
    0.21951219512195    0.00000000000000    0.00000000000000             6
    0.24390243902439    0.00000000000000    0.00000000000000             6
    0.26829268292683    0.00000000000000    0.00000000000000             6
    0.29268292682927    0.00000000000000    0.00000000000000             6
    0.31707317073171    0.00000000000000    0.00000000000000             6
    0.34146341463415    0.00000000000000    0.00000000000000             6
    0.36585365853659    0.00000000000000    0.00000000000000             6
    0.39024390243903    0.00000000000000    0.00000000000000             6
    0.41463414634146    0.00000000000000    0.00000000000000             6
    0.43902439024390    0.00000000000000    0.00000000000000             6
    0.46341463414634    0.00000000000000    0.00000000000000             6
    0.48780487804878    0.00000000000000    0.00000000000000             6
    0.02439024390244    0.02439024390244    0.00000000000000             6
    0.04878048780488    0.02439024390244    0.00000000000000            12
    0.07317073170732    0.02439024390244    0.00000000000000            12
    0.09756097560975    0.02439024390244    0.00000000000000            12
    0.12195121951220    0.02439024390244    0.00000000000000            12
    0.14634146341464    0.02439024390244    0.00000000000000            12
    0.17073170731708    0.02439024390244    0.00000000000000            12
    0.19512195121951    0.02439024390244    0.00000000000000            12
    0.21951219512195    0.02439024390244    0.00000000000000            12
    0.24390243902439    0.02439024390244    0.00000000000000            12
    0.26829268292683    0.02439024390244    0.00000000000000            12
    0.29268292682927    0.02439024390244    0.00000000000000            12
    0.31707317073171    0.02439024390244    0.00000000000000            12
    0.34146341463415    0.02439024390244    0.00000000000000            12
    0.36585365853659    0.02439024390244    0.00000000000000            12
    0.39024390243903    0.02439024390244    0.00000000000000            12
    0.41463414634146    0.02439024390244    0.00000000000000            12
    0.43902439024390    0.02439024390244    0.00000000000000            12
    0.46341463414634    0.02439024390244    0.00000000000000            12
    0.48780487804878    0.02439024390244    0.00000000000000             6
    0.04878048780488    0.04878048780488    0.00000000000000             6
    0.07317073170732    0.04878048780488    0.00000000000000            12
    0.09756097560975    0.04878048780488    0.00000000000000            12
    0.12195121951220    0.04878048780488    0.00000000000000            12
    0.14634146341464    0.04878048780488    0.00000000000000            12
    0.17073170731708    0.04878048780488    0.00000000000000            12
    0.19512195121951    0.04878048780488    0.00000000000000            12
    0.21951219512195    0.04878048780488    0.00000000000000            12
    0.24390243902439    0.04878048780488    0.00000000000000            12
    0.26829268292683    0.04878048780488    0.00000000000000            12
    0.29268292682927    0.04878048780488    0.00000000000000            12
    0.31707317073171    0.04878048780488    0.00000000000000            12
    0.34146341463415    0.04878048780488    0.00000000000000            12
    0.36585365853659    0.04878048780488    0.00000000000000            12
    0.39024390243903    0.04878048780488    0.00000000000000            12
    0.41463414634146    0.04878048780488    0.00000000000000            12
    0.43902439024390    0.04878048780488    0.00000000000000            12
    0.46341463414634    0.04878048780488    0.00000000000000            12
    0.07317073170732    0.07317073170732    0.00000000000000             6
    0.09756097560975    0.07317073170732    0.00000000000000            12
    0.12195121951220    0.07317073170732    0.00000000000000            12
    0.14634146341464    0.07317073170732    0.00000000000000            12
    0.17073170731708    0.07317073170732    0.00000000000000            12
    0.19512195121951    0.07317073170732    0.00000000000000            12
    0.21951219512195    0.07317073170732    0.00000000000000            12
    0.24390243902439    0.07317073170732    0.00000000000000            12
    0.26829268292683    0.07317073170732    0.00000000000000            12
    0.29268292682927    0.07317073170732    0.00000000000000            12
    0.31707317073171    0.07317073170732    0.00000000000000            12
    0.34146341463415    0.07317073170732    0.00000000000000            12
    0.36585365853659    0.07317073170732    0.00000000000000            12
    0.39024390243903    0.07317073170732    0.00000000000000            12
    0.41463414634146    0.07317073170732    0.00000000000000            12
    0.43902439024390    0.07317073170732    0.00000000000000            12
    0.46341463414634    0.07317073170732    0.00000000000000             6
    0.09756097560975    0.09756097560975    0.00000000000000             6
    0.12195121951220    0.09756097560975    0.00000000000000            12
    0.14634146341464    0.09756097560975    0.00000000000000            12
    0.17073170731708    0.09756097560975    0.00000000000000            12
    0.19512195121951    0.09756097560975    0.00000000000000            12
    0.21951219512195    0.09756097560975    0.00000000000000            12
    0.24390243902439    0.09756097560975    0.00000000000000            12
    0.26829268292683    0.09756097560975    0.00000000000000            12
    0.29268292682927    0.09756097560975    0.00000000000000            12
    0.31707317073171    0.09756097560975    0.00000000000000            12
    0.34146341463415    0.09756097560975    0.00000000000000            12
    0.36585365853659    0.09756097560975    0.00000000000000            12
    0.39024390243903    0.09756097560975    0.00000000000000            12
    0.41463414634146    0.09756097560975    0.00000000000000            12
    0.43902439024390    0.09756097560975    0.00000000000000            12
    0.12195121951220    0.12195121951220    0.00000000000000             6
    0.14634146341464    0.12195121951220    0.00000000000000            12
    0.17073170731708    0.12195121951220    0.00000000000000            12
    0.19512195121951    0.12195121951220    0.00000000000000            12
    0.21951219512195    0.12195121951220    0.00000000000000            12
    0.24390243902439    0.12195121951220    0.00000000000000            12
    0.26829268292683    0.12195121951220    0.00000000000000            12
    0.29268292682927    0.12195121951220    0.00000000000000            12
    0.31707317073171    0.12195121951220    0.00000000000000            12
    0.34146341463415    0.12195121951220    0.00000000000000            12
    0.36585365853659    0.12195121951220    0.00000000000000            12
    0.39024390243903    0.12195121951220    0.00000000000000            12
    0.41463414634146    0.12195121951220    0.00000000000000            12
    0.43902439024390    0.12195121951220    0.00000000000000             6
    0.14634146341464    0.14634146341464    0.00000000000000             6
    0.17073170731708    0.14634146341464    0.00000000000000            12
    0.19512195121951    0.14634146341464    0.00000000000000            12
    0.21951219512195    0.14634146341464    0.00000000000000            12
    0.24390243902439    0.14634146341464    0.00000000000000            12
    0.26829268292683    0.14634146341464    0.00000000000000            12
    0.29268292682927    0.14634146341464    0.00000000000000            12
    0.31707317073171    0.14634146341464    0.00000000000000            12
    0.34146341463415    0.14634146341464    0.00000000000000            12
    0.36585365853659    0.14634146341464    0.00000000000000            12
    0.39024390243903    0.14634146341464    0.00000000000000            12
    0.41463414634146    0.14634146341464    0.00000000000000            12
    0.17073170731708    0.17073170731708    0.00000000000000             6
    0.19512195121951    0.17073170731708    0.00000000000000            12
    0.21951219512195    0.17073170731708    0.00000000000000            12
    0.24390243902439    0.17073170731708    0.00000000000000            12
    0.26829268292683    0.17073170731708    0.00000000000000            12
    0.29268292682927    0.17073170731708    0.00000000000000            12
    0.31707317073171    0.17073170731708    0.00000000000000            12
    0.34146341463415    0.17073170731708    0.00000000000000            12
    0.36585365853659    0.17073170731708    0.00000000000000            12
    0.39024390243903    0.17073170731708    0.00000000000000            12
    0.41463414634146    0.17073170731708    0.00000000000000             6
    0.19512195121951    0.19512195121951    0.00000000000000             6
    0.21951219512195    0.19512195121951    0.00000000000000            12
    0.24390243902439    0.19512195121951    0.00000000000000            12
    0.26829268292683    0.19512195121951    0.00000000000000            12
    0.29268292682927    0.19512195121951    0.00000000000000            12
    0.31707317073171    0.19512195121951    0.00000000000000            12
    0.34146341463415    0.19512195121951    0.00000000000000            12
    0.36585365853659    0.19512195121951    0.00000000000000            12
    0.39024390243903    0.19512195121951    0.00000000000000            12
    0.21951219512195    0.21951219512195    0.00000000000000             6
    0.24390243902439    0.21951219512195    0.00000000000000            12
    0.26829268292683    0.21951219512195    0.00000000000000            12
    0.29268292682927    0.21951219512195    0.00000000000000            12
    0.31707317073171    0.21951219512195    0.00000000000000            12
    0.34146341463415    0.21951219512195    0.00000000000000            12
    0.36585365853659    0.21951219512195    0.00000000000000            12
    0.39024390243903    0.21951219512195    0.00000000000000             6
    0.24390243902439    0.24390243902439    0.00000000000000             6
    0.26829268292683    0.24390243902439    0.00000000000000            12
    0.29268292682927    0.24390243902439    0.00000000000000            12
    0.31707317073171    0.24390243902439    0.00000000000000            12
    0.34146341463415    0.24390243902439    0.00000000000000            12
    0.36585365853659    0.24390243902439    0.00000000000000            12
    0.26829268292683    0.26829268292683    0.00000000000000             6
    0.29268292682927    0.26829268292683    0.00000000000000            12
    0.31707317073171    0.26829268292683    0.00000000000000            12
    0.34146341463415    0.26829268292683    0.00000000000000            12
    0.36585365853659    0.26829268292683    0.00000000000000             6
    0.29268292682927    0.29268292682927    0.00000000000000             6
    0.31707317073171    0.29268292682927    0.00000000000000            12
    0.34146341463415    0.29268292682927    0.00000000000000            12
    0.31707317073171    0.31707317073171    0.00000000000000             6
    0.34146341463415    0.31707317073171    0.00000000000000             6
