    1  125    1
  9.013
    1    1  0.0150  0.0000  0.0000
 -0.124176553091  -0.000000000000  -0.000000000000
  0.004657788790   0.006421500035  -0.011122371283
  0.000235926909  -0.000790389572   0.001368995754
  0.000235968710  -0.000790492790   0.001369174533
  0.004658068729   0.006422013473  -0.011123260584
  0.004657788790  -0.012843006099  -0.000000000000
 -0.000465647299   0.002804087808   0.004856821032
 -0.000209534595   0.000263165374   0.000860995816
 -0.000065474610  -0.000176379124   0.000058219202
 -0.000726972218  -0.000081301556  -0.000140297529
  0.000235926909   0.001580779887  -0.000000000000
 -0.000209534595   0.000614061741   0.000658405641
  0.000343476903  -0.000316473225  -0.000548147534
  0.000129928119  -0.000253024431  -0.000438187632
 -0.000065501218   0.000138728026  -0.000123913479
  0.000235968710   0.001580986323  -0.000000000000
 -0.000065474610   0.000138608836  -0.000123639238
  0.000129928119  -0.000252969524  -0.000438219332
  0.000343547396  -0.000316542925  -0.000548268258
 -0.000209484192   0.000614347465   0.000658612555
  0.004658068729  -0.012844032975  -0.000000000000
 -0.000726972218  -0.000080850485  -0.000140557955
 -0.000065501218  -0.000176676218   0.000058185303
 -0.000209484192   0.000263201705   0.000861346717
 -0.000465503452   0.002803671553   0.004856100058
  0.041010196090  -0.000000000000  -0.000000000000
 -0.000465505314   0.002803668921  -0.004856100058
 -0.000763366806   0.000063816132  -0.000110532852
  0.001086839647   0.000230083731  -0.000398516961
  0.005026460741   0.001953654029  -0.003383830158
 -0.000465505314  -0.005607340474  -0.000000000000
  0.004658072992   0.006422019503   0.011123260584
 -0.000726972164   0.000162151964  -0.000000260426
 -0.000065501171   0.000037948224   0.000182098782
 -0.000209484444  -0.000877548703   0.000202734162
 -0.000763366806  -0.000127632324  -0.000000000000
 -0.000726972164  -0.000081301480   0.000140297529
 -0.000763410848   0.000063649474   0.000110244089
 -0.000078369042  -0.000361406176   0.000489168362
 -0.000078229334  -0.000242518240   0.000557371388
  0.001086839647  -0.000460167678  -0.000000000000
 -0.000065501171   0.000138728093   0.000123913479
 -0.000078369042   0.000604335298  -0.000068402912
  0.000854783224   0.000003914894   0.000006780794
 -0.000149485856  -0.000310907788   0.000490659803
  0.005026460741  -0.003907309893  -0.000000000000
 -0.000209484444   0.000614347107  -0.000658612555
 -0.000078229334   0.000603956920   0.000068658573
 -0.000149485856   0.000580377741  -0.000023924298
 -0.001427876808   0.000183440533   0.000317728224
 -0.004228066580  -0.000000000000  -0.000000000000
 -0.001427876929   0.000183440361  -0.000317728224
  0.000343547606  -0.000316542628   0.000548268258
  0.000854813061   0.000003944983  -0.000006832915
  0.000489519850   0.000336148421  -0.000582226509
 -0.001427876929  -0.000366880894  -0.000000000000
  0.005026462038   0.001953655864   0.003383830158
 -0.000209484522   0.000263201238  -0.000861346717
 -0.000078229548  -0.000361438642  -0.000488712814
 -0.000149486045  -0.000269469967  -0.000514584101
  0.000343547606   0.000633085553  -0.000000000000
 -0.000209484522  -0.000877548813  -0.000202734162
  0.000235968185  -0.000790493533  -0.001369174533
 -0.000065474632   0.000037770220  -0.000181858440
  0.000129928287   0.000505993717  -0.000000031700
  0.000854813061  -0.000007889969  -0.000000000000
 -0.000078229548  -0.000242518542  -0.000557371388
 -0.000065474632  -0.000176379155  -0.000058219202
  0.001086634322   0.000230090871   0.000398528954
 -0.000149858338  -0.000269780416   0.000514459185
  0.000489519850  -0.000672297158  -0.000000000000
 -0.000149486045  -0.000310908054  -0.000490659803
  0.000129928287  -0.000253024193   0.000438187632
 -0.000149858338   0.000580424938   0.000023592742
  0.000489642668   0.000336001951   0.000581972269
 -0.004227087813  -0.000000000000  -0.000000000000
  0.000489642445   0.000336001636  -0.000581972269
  0.000854783222   0.000003914891  -0.000006780794
  0.000343477113  -0.000316472928   0.000548147534
 -0.001427540769   0.000183205525  -0.000317321477
  0.000489642445  -0.000672003587  -0.000000000000
  0.000489520073   0.000336148737   0.000582226509
 -0.000149485847   0.000580377754   0.000023924298
  0.000129928287  -0.000252969287   0.000438219332
 -0.000149858536  -0.000310644509  -0.000490866443
  0.000854783222  -0.000007829785  -0.000000000000
 -0.000149485847  -0.000269469688   0.000514584101
  0.001086839800   0.000230083947   0.000398516961
 -0.000065501241  -0.000176676250  -0.000058185303
 -0.000078369229  -0.000242929159  -0.000557571274
  0.000343477113   0.000632946153  -0.000000000000
  0.000129928287   0.000505993717   0.000000031700
 -0.000065501241   0.000037948125  -0.000182098782
  0.000235926384  -0.000790390314  -0.001368995754
 -0.000209534925  -0.000877226758  -0.000202590175
 -0.001427540769  -0.000366411223  -0.000000000000
 -0.000149858536  -0.000269780695  -0.000514459185
 -0.000078369229  -0.000361406441  -0.000489168362
 -0.000209534925   0.000263164908  -0.000860995816
  0.005025829195   0.001953426697   0.003383433230
  0.041011540500  -0.000000000000  -0.000000000000
  0.005025827898   0.001953424863  -0.003383433230
  0.001086634169   0.000230090655  -0.000398528954
 -0.000763410891   0.000063649414  -0.000110244089
 -0.000465649161   0.002804085175  -0.004856821032
  0.005025827898  -0.003906851561  -0.000000000000
 -0.001427540648   0.000183205697   0.000317321477
 -0.000149858347   0.000580424925  -0.000023592742
 -0.000078369015   0.000604335335   0.000068402912
 -0.000209534848   0.000614061384  -0.000658405641
  0.001086634169  -0.000460181526  -0.000000000000
 -0.000149858347  -0.000310644243   0.000490866443
  0.000854813064   0.000003944986   0.000006832915
 -0.000078229361   0.000603956882  -0.000068658573
 -0.000065474562   0.000138608903   0.000123639238
 -0.000763410891  -0.000127298889  -0.000000000000
 -0.000078369015  -0.000242928857   0.000557571274
 -0.000078229361  -0.000361438378   0.000488712814
 -0.000763366764   0.000063816192   0.000110532852
 -0.000726972164  -0.000080850408   0.000140557955
 -0.000465649161  -0.005608172983  -0.000000000000
 -0.000209534848  -0.000877226648   0.000202590175
 -0.000065474562   0.000037770319   0.000181858440
 -0.000726972164   0.000162151964   0.000000260426
  0.004657793053   0.006421506064   0.011122371283
