Automatically generated mesh
     253
Reciprocal lattice
    0.00000000000000    0.00000000000000    0.00000000000000             1
    0.02380952380953    0.00000000000000    0.00000000000000             4
    0.04761904761905    0.00000000000000    0.00000000000000             4
    0.07142857142857    0.00000000000000    0.00000000000000             4
    0.09523809523810    0.00000000000000    0.00000000000000             4
    0.11904761904762    0.00000000000000    0.00000000000000             4
    0.14285714285715    0.00000000000000    0.00000000000000             4
    0.16666666666667    0.00000000000000    0.00000000000000             4
    0.19047619047619    0.00000000000000    0.00000000000000             4
    0.21428571428572    0.00000000000000    0.00000000000000             4
    0.23809523809524    0.00000000000000    0.00000000000000             4
    0.26190476190476    0.00000000000000    0.00000000000000             4
    0.28571428571429    0.00000000000000    0.00000000000000             4
    0.30952380952381    0.00000000000000    0.00000000000000             4
    0.33333333333334    0.00000000000000    0.00000000000000             4
    0.35714285714286    0.00000000000000    0.00000000000000             4
    0.38095238095238    0.00000000000000    0.00000000000000             4
    0.40476190476191    0.00000000000000    0.00000000000000             4
    0.42857142857143    0.00000000000000    0.00000000000000             4
    0.45238095238095    0.00000000000000    0.00000000000000             4
    0.47619047619048    0.00000000000000    0.00000000000000             4
    0.50000000000000    0.00000000000000    0.00000000000000             2
    0.02380952380953    0.02380952380953    0.00000000000000             4
    0.04761904761905    0.02380952380953    0.00000000000000             8
    0.07142857142857    0.02380952380953    0.00000000000000             8
    0.09523809523810    0.02380952380953    0.00000000000000             8
    0.11904761904762    0.02380952380953    0.00000000000000             8
    0.14285714285715    0.02380952380953    0.00000000000000             8
    0.16666666666667    0.02380952380953    0.00000000000000             8
    0.19047619047619    0.02380952380953    0.00000000000000             8
    0.21428571428572    0.02380952380953    0.00000000000000             8
    0.23809523809524    0.02380952380953    0.00000000000000             8
    0.26190476190476    0.02380952380953    0.00000000000000             8
    0.28571428571429    0.02380952380953    0.00000000000000             8
    0.30952380952381    0.02380952380953    0.00000000000000             8
    0.33333333333334    0.02380952380953    0.00000000000000             8
    0.35714285714286    0.02380952380953    0.00000000000000             8
    0.38095238095238    0.02380952380953    0.00000000000000             8
    0.40476190476191    0.02380952380953    0.00000000000000             8
    0.42857142857143    0.02380952380953    0.00000000000000             8
    0.45238095238095    0.02380952380953    0.00000000000000             8
    0.47619047619048    0.02380952380953    0.00000000000000             8
    0.50000000000000    0.02380952380953    0.00000000000000             4
    0.04761904761905    0.04761904761905    0.00000000000000             4
    0.07142857142857    0.04761904761905    0.00000000000000             8
    0.09523809523810    0.04761904761905    0.00000000000000             8
    0.11904761904762    0.04761904761905    0.00000000000000             8
    0.14285714285715    0.04761904761905    0.00000000000000             8
    0.16666666666667    0.04761904761905    0.00000000000000             8
    0.19047619047619    0.04761904761905    0.00000000000000             8
    0.21428571428572    0.04761904761905    0.00000000000000             8
    0.23809523809524    0.04761904761905    0.00000000000000             8
    0.26190476190476    0.04761904761905    0.00000000000000             8
    0.28571428571429    0.04761904761905    0.00000000000000             8
    0.30952380952381    0.04761904761905    0.00000000000000             8
    0.33333333333334    0.04761904761905    0.00000000000000             8
    0.35714285714286    0.04761904761905    0.00000000000000             8
    0.38095238095238    0.04761904761905    0.00000000000000             8
    0.40476190476191    0.04761904761905    0.00000000000000             8
    0.42857142857143    0.04761904761905    0.00000000000000             8
    0.45238095238095    0.04761904761905    0.00000000000000             8
    0.47619047619048    0.04761904761905    0.00000000000000             8
    0.50000000000000    0.04761904761905    0.00000000000000             4
    0.07142857142857    0.07142857142857    0.00000000000000             4
    0.09523809523810    0.07142857142857    0.00000000000000             8
    0.11904761904762    0.07142857142857    0.00000000000000             8
    0.14285714285715    0.07142857142857    0.00000000000000             8
    0.16666666666667    0.07142857142857    0.00000000000000             8
    0.19047619047619    0.07142857142857    0.00000000000000             8
    0.21428571428572    0.07142857142857    0.00000000000000             8
    0.23809523809524    0.07142857142857    0.00000000000000             8
    0.26190476190476    0.07142857142857    0.00000000000000             8
    0.28571428571429    0.07142857142857    0.00000000000000             8
    0.30952380952381    0.07142857142857    0.00000000000000             8
    0.33333333333334    0.07142857142857    0.00000000000000             8
    0.35714285714286    0.07142857142857    0.00000000000000             8
    0.38095238095238    0.07142857142857    0.00000000000000             8
    0.40476190476191    0.07142857142857    0.00000000000000             8
    0.42857142857143    0.07142857142857    0.00000000000000             8
    0.45238095238095    0.07142857142857    0.00000000000000             8
    0.47619047619048    0.07142857142857    0.00000000000000             8
    0.50000000000000    0.07142857142857    0.00000000000000             4
    0.09523809523810    0.09523809523810    0.00000000000000             4
    0.11904761904762    0.09523809523810    0.00000000000000             8
    0.14285714285715    0.09523809523810    0.00000000000000             8
    0.16666666666667    0.09523809523810    0.00000000000000             8
    0.19047619047619    0.09523809523810    0.00000000000000             8
    0.21428571428572    0.09523809523810    0.00000000000000             8
    0.23809523809524    0.09523809523810    0.00000000000000             8
    0.26190476190476    0.09523809523810    0.00000000000000             8
    0.28571428571429    0.09523809523810    0.00000000000000             8
    0.30952380952381    0.09523809523810    0.00000000000000             8
    0.33333333333334    0.09523809523810    0.00000000000000             8
    0.35714285714286    0.09523809523810    0.00000000000000             8
    0.38095238095238    0.09523809523810    0.00000000000000             8
    0.40476190476191    0.09523809523810    0.00000000000000             8
    0.42857142857143    0.09523809523810    0.00000000000000             8
    0.45238095238095    0.09523809523810    0.00000000000000             8
    0.47619047619048    0.09523809523810    0.00000000000000             8
    0.50000000000000    0.09523809523810    0.00000000000000             4
    0.11904761904762    0.11904761904762    0.00000000000000             4
    0.14285714285715    0.11904761904762    0.00000000000000             8
    0.16666666666667    0.11904761904762    0.00000000000000             8
    0.19047619047619    0.11904761904762    0.00000000000000             8
    0.21428571428572    0.11904761904762    0.00000000000000             8
    0.23809523809524    0.11904761904762    0.00000000000000             8
    0.26190476190476    0.11904761904762    0.00000000000000             8
    0.28571428571429    0.11904761904762    0.00000000000000             8
    0.30952380952381    0.11904761904762    0.00000000000000             8
    0.33333333333334    0.11904761904762    0.00000000000000             8
    0.35714285714286    0.11904761904762    0.00000000000000             8
    0.38095238095238    0.11904761904762    0.00000000000000             8
    0.40476190476191    0.11904761904762    0.00000000000000             8
    0.42857142857143    0.11904761904762    0.00000000000000             8
    0.45238095238095    0.11904761904762    0.00000000000000             8
    0.47619047619048    0.11904761904762    0.00000000000000             8
    0.50000000000000    0.11904761904762    0.00000000000000             4
    0.14285714285715    0.14285714285715    0.00000000000000             4
    0.16666666666667    0.14285714285715    0.00000000000000             8
    0.19047619047619    0.14285714285715    0.00000000000000             8
    0.21428571428572    0.14285714285715    0.00000000000000             8
    0.23809523809524    0.14285714285715    0.00000000000000             8
    0.26190476190476    0.14285714285715    0.00000000000000             8
    0.28571428571429    0.14285714285715    0.00000000000000             8
    0.30952380952381    0.14285714285715    0.00000000000000             8
    0.33333333333334    0.14285714285715    0.00000000000000             8
    0.35714285714286    0.14285714285715    0.00000000000000             8
    0.38095238095238    0.14285714285715    0.00000000000000             8
    0.40476190476191    0.14285714285715    0.00000000000000             8
    0.42857142857143    0.14285714285715    0.00000000000000             8
    0.45238095238095    0.14285714285715    0.00000000000000             8
    0.47619047619048    0.14285714285715    0.00000000000000             8
    0.50000000000000    0.14285714285715    0.00000000000000             4
    0.16666666666667    0.16666666666667    0.00000000000000             4
    0.19047619047619    0.16666666666667    0.00000000000000             8
    0.21428571428572    0.16666666666667    0.00000000000000             8
    0.23809523809524    0.16666666666667    0.00000000000000             8
    0.26190476190476    0.16666666666667    0.00000000000000             8
    0.28571428571429    0.16666666666667    0.00000000000000             8
    0.30952380952381    0.16666666666667    0.00000000000000             8
    0.33333333333334    0.16666666666667    0.00000000000000             8
    0.35714285714286    0.16666666666667    0.00000000000000             8
    0.38095238095238    0.16666666666667    0.00000000000000             8
    0.40476190476191    0.16666666666667    0.00000000000000             8
    0.42857142857143    0.16666666666667    0.00000000000000             8
    0.45238095238095    0.16666666666667    0.00000000000000             8
    0.47619047619048    0.16666666666667    0.00000000000000             8
    0.50000000000000    0.16666666666667    0.00000000000000             4
    0.19047619047619    0.19047619047619    0.00000000000000             4
    0.21428571428572    0.19047619047619    0.00000000000000             8
    0.23809523809524    0.19047619047619    0.00000000000000             8
    0.26190476190476    0.19047619047619    0.00000000000000             8
    0.28571428571429    0.19047619047619    0.00000000000000             8
    0.30952380952381    0.19047619047619    0.00000000000000             8
    0.33333333333334    0.19047619047619    0.00000000000000             8
    0.35714285714286    0.19047619047619    0.00000000000000             8
    0.38095238095238    0.19047619047619    0.00000000000000             8
    0.40476190476191    0.19047619047619    0.00000000000000             8
    0.42857142857143    0.19047619047619    0.00000000000000             8
    0.45238095238095    0.19047619047619    0.00000000000000             8
    0.47619047619048    0.19047619047619    0.00000000000000             8
    0.50000000000000    0.19047619047619    0.00000000000000             4
    0.21428571428572    0.21428571428572    0.00000000000000             4
    0.23809523809524    0.21428571428572    0.00000000000000             8
    0.26190476190476    0.21428571428572    0.00000000000000             8
    0.28571428571429    0.21428571428572    0.00000000000000             8
    0.30952380952381    0.21428571428572    0.00000000000000             8
    0.33333333333334    0.21428571428572    0.00000000000000             8
    0.35714285714286    0.21428571428572    0.00000000000000             8
    0.38095238095238    0.21428571428572    0.00000000000000             8
    0.40476190476191    0.21428571428572    0.00000000000000             8
    0.42857142857143    0.21428571428572    0.00000000000000             8
    0.45238095238095    0.21428571428572    0.00000000000000             8
    0.47619047619048    0.21428571428572    0.00000000000000             8
    0.50000000000000    0.21428571428572    0.00000000000000             4
    0.23809523809524    0.23809523809524    0.00000000000000             4
    0.26190476190476    0.23809523809524    0.00000000000000             8
    0.28571428571429    0.23809523809524    0.00000000000000             8
    0.30952380952381    0.23809523809524    0.00000000000000             8
    0.33333333333334    0.23809523809524    0.00000000000000             8
    0.35714285714286    0.23809523809524    0.00000000000000             8
    0.38095238095238    0.23809523809524    0.00000000000000             8
    0.40476190476191    0.23809523809524    0.00000000000000             8
    0.42857142857143    0.23809523809524    0.00000000000000             8
    0.45238095238095    0.23809523809524    0.00000000000000             8
    0.47619047619048    0.23809523809524    0.00000000000000             8
    0.50000000000000    0.23809523809524    0.00000000000000             4
    0.26190476190476    0.26190476190476    0.00000000000000             4
    0.28571428571429    0.26190476190476    0.00000000000000             8
    0.30952380952381    0.26190476190476    0.00000000000000             8
    0.33333333333334    0.26190476190476    0.00000000000000             8
    0.35714285714286    0.26190476190476    0.00000000000000             8
    0.38095238095238    0.26190476190476    0.00000000000000             8
    0.40476190476191    0.26190476190476    0.00000000000000             8
    0.42857142857143    0.26190476190476    0.00000000000000             8
    0.45238095238095    0.26190476190476    0.00000000000000             8
    0.47619047619048    0.26190476190476    0.00000000000000             8
    0.50000000000000    0.26190476190476    0.00000000000000             4
    0.28571428571429    0.28571428571429    0.00000000000000             4
    0.30952380952381    0.28571428571429    0.00000000000000             8
    0.33333333333334    0.28571428571429    0.00000000000000             8
    0.35714285714286    0.28571428571429    0.00000000000000             8
    0.38095238095238    0.28571428571429    0.00000000000000             8
    0.40476190476191    0.28571428571429    0.00000000000000             8
    0.42857142857143    0.28571428571429    0.00000000000000             8
    0.45238095238095    0.28571428571429    0.00000000000000             8
    0.47619047619048    0.28571428571429    0.00000000000000             8
    0.50000000000000    0.28571428571429    0.00000000000000             4
    0.30952380952381    0.30952380952381    0.00000000000000             4
    0.33333333333334    0.30952380952381    0.00000000000000             8
    0.35714285714286    0.30952380952381    0.00000000000000             8
    0.38095238095238    0.30952380952381    0.00000000000000             8
    0.40476190476191    0.30952380952381    0.00000000000000             8
    0.42857142857143    0.30952380952381    0.00000000000000             8
    0.45238095238095    0.30952380952381    0.00000000000000             8
    0.47619047619048    0.30952380952381    0.00000000000000             8
    0.50000000000000    0.30952380952381    0.00000000000000             4
    0.33333333333334    0.33333333333334    0.00000000000000             4
    0.35714285714286    0.33333333333334    0.00000000000000             8
    0.38095238095238    0.33333333333334    0.00000000000000             8
    0.40476190476191    0.33333333333334    0.00000000000000             8
    0.42857142857143    0.33333333333334    0.00000000000000             8
    0.45238095238095    0.33333333333334    0.00000000000000             8
    0.47619047619048    0.33333333333334    0.00000000000000             8
    0.50000000000000    0.33333333333334    0.00000000000000             4
    0.35714285714286    0.35714285714286    0.00000000000000             4
    0.38095238095238    0.35714285714286    0.00000000000000             8
    0.40476190476191    0.35714285714286    0.00000000000000             8
    0.42857142857143    0.35714285714286    0.00000000000000             8
    0.45238095238095    0.35714285714286    0.00000000000000             8
    0.47619047619048    0.35714285714286    0.00000000000000             8
    0.50000000000000    0.35714285714286    0.00000000000000             4
    0.38095238095238    0.38095238095238    0.00000000000000             4
    0.40476190476191    0.38095238095238    0.00000000000000             8
    0.42857142857143    0.38095238095238    0.00000000000000             8
    0.45238095238095    0.38095238095238    0.00000000000000             8
    0.47619047619048    0.38095238095238    0.00000000000000             8
    0.50000000000000    0.38095238095238    0.00000000000000             4
    0.40476190476191    0.40476190476191    0.00000000000000             4
    0.42857142857143    0.40476190476191    0.00000000000000             8
    0.45238095238095    0.40476190476191    0.00000000000000             8
    0.47619047619048    0.40476190476191    0.00000000000000             8
    0.50000000000000    0.40476190476191    0.00000000000000             4
    0.42857142857143    0.42857142857143    0.00000000000000             4
    0.45238095238095    0.42857142857143    0.00000000000000             8
    0.47619047619048    0.42857142857143    0.00000000000000             8
    0.50000000000000    0.42857142857143    0.00000000000000             4
    0.45238095238095    0.45238095238095    0.00000000000000             4
    0.47619047619048    0.45238095238095    0.00000000000000             8
    0.50000000000000    0.45238095238095    0.00000000000000             4
    0.47619047619048    0.47619047619048    0.00000000000000             4
    0.50000000000000    0.47619047619048    0.00000000000000             4
    0.50000000000000    0.50000000000000    0.00000000000000             1
