Automatically generated mesh
     630
Reciprocal lattice
    0.00000000000000    0.00000000000000    0.00000000000000             1
    0.01449275362319    0.00000000000000    0.00000000000000             4
    0.02898550724638    0.00000000000000    0.00000000000000             4
    0.04347826086956    0.00000000000000    0.00000000000000             4
    0.05797101449275    0.00000000000000    0.00000000000000             4
    0.07246376811595    0.00000000000000    0.00000000000000             4
    0.08695652173913    0.00000000000000    0.00000000000000             4
    0.10144927536232    0.00000000000000    0.00000000000000             4
    0.11594202898551    0.00000000000000    0.00000000000000             4
    0.13043478260870    0.00000000000000    0.00000000000000             4
    0.14492753623188    0.00000000000000    0.00000000000000             4
    0.15942028985507    0.00000000000000    0.00000000000000             4
    0.17391304347826    0.00000000000000    0.00000000000000             4
    0.18840579710145    0.00000000000000    0.00000000000000             4
    0.20289855072464    0.00000000000000    0.00000000000000             4
    0.21739130434783    0.00000000000000    0.00000000000000             4
    0.23188405797102    0.00000000000000    0.00000000000000             4
    0.24637681159420    0.00000000000000    0.00000000000000             4
    0.26086956521739    0.00000000000000    0.00000000000000             4
    0.27536231884058    0.00000000000000    0.00000000000000             4
    0.28985507246377    0.00000000000000    0.00000000000000             4
    0.30434782608695    0.00000000000000    0.00000000000000             4
    0.31884057971015    0.00000000000000    0.00000000000000             4
    0.33333333333334    0.00000000000000    0.00000000000000             4
    0.34782608695652    0.00000000000000    0.00000000000000             4
    0.36231884057971    0.00000000000000    0.00000000000000             4
    0.37681159420290    0.00000000000000    0.00000000000000             4
    0.39130434782609    0.00000000000000    0.00000000000000             4
    0.40579710144927    0.00000000000000    0.00000000000000             4
    0.42028985507246    0.00000000000000    0.00000000000000             4
    0.43478260869565    0.00000000000000    0.00000000000000             4
    0.44927536231884    0.00000000000000    0.00000000000000             4
    0.46376811594203    0.00000000000000    0.00000000000000             4
    0.47826086956522    0.00000000000000    0.00000000000000             4
    0.49275362318841    0.00000000000000    0.00000000000000             4
    0.01449275362319    0.01449275362319    0.00000000000000             4
    0.02898550724638    0.01449275362319    0.00000000000000             8
    0.04347826086956    0.01449275362319    0.00000000000000             8
    0.05797101449275    0.01449275362319    0.00000000000000             8
    0.07246376811595    0.01449275362319    0.00000000000000             8
    0.08695652173913    0.01449275362319    0.00000000000000             8
    0.10144927536232    0.01449275362319    0.00000000000000             8
    0.11594202898551    0.01449275362319    0.00000000000000             8
    0.13043478260870    0.01449275362319    0.00000000000000             8
    0.14492753623188    0.01449275362319    0.00000000000000             8
    0.15942028985507    0.01449275362319    0.00000000000000             8
    0.17391304347826    0.01449275362319    0.00000000000000             8
    0.18840579710145    0.01449275362319    0.00000000000000             8
    0.20289855072464    0.01449275362319    0.00000000000000             8
    0.21739130434783    0.01449275362319    0.00000000000000             8
    0.23188405797102    0.01449275362319    0.00000000000000             8
    0.24637681159420    0.01449275362319    0.00000000000000             8
    0.26086956521739    0.01449275362319    0.00000000000000             8
    0.27536231884058    0.01449275362319    0.00000000000000             8
    0.28985507246377    0.01449275362319    0.00000000000000             8
    0.30434782608695    0.01449275362319    0.00000000000000             8
    0.31884057971015    0.01449275362319    0.00000000000000             8
    0.33333333333334    0.01449275362319    0.00000000000000             8
    0.34782608695652    0.01449275362319    0.00000000000000             8
    0.36231884057971    0.01449275362319    0.00000000000000             8
    0.37681159420290    0.01449275362319    0.00000000000000             8
    0.39130434782609    0.01449275362319    0.00000000000000             8
    0.40579710144927    0.01449275362319    0.00000000000000             8
    0.42028985507246    0.01449275362319    0.00000000000000             8
    0.43478260869565    0.01449275362319    0.00000000000000             8
    0.44927536231884    0.01449275362319    0.00000000000000             8
    0.46376811594203    0.01449275362319    0.00000000000000             8
    0.47826086956522    0.01449275362319    0.00000000000000             8
    0.49275362318841    0.01449275362319    0.00000000000000             8
    0.02898550724638    0.02898550724638    0.00000000000000             4
    0.04347826086956    0.02898550724638    0.00000000000000             8
    0.05797101449275    0.02898550724638    0.00000000000000             8
    0.07246376811595    0.02898550724638    0.00000000000000             8
    0.08695652173913    0.02898550724638    0.00000000000000             8
    0.10144927536232    0.02898550724638    0.00000000000000             8
    0.11594202898551    0.02898550724638    0.00000000000000             8
    0.13043478260870    0.02898550724638    0.00000000000000             8
    0.14492753623188    0.02898550724638    0.00000000000000             8
    0.15942028985507    0.02898550724638    0.00000000000000             8
    0.17391304347826    0.02898550724638    0.00000000000000             8
    0.18840579710145    0.02898550724638    0.00000000000000             8
    0.20289855072464    0.02898550724638    0.00000000000000             8
    0.21739130434783    0.02898550724638    0.00000000000000             8
    0.23188405797102    0.02898550724638    0.00000000000000             8
    0.24637681159420    0.02898550724638    0.00000000000000             8
    0.26086956521739    0.02898550724638    0.00000000000000             8
    0.27536231884058    0.02898550724638    0.00000000000000             8
    0.28985507246377    0.02898550724638    0.00000000000000             8
    0.30434782608695    0.02898550724638    0.00000000000000             8
    0.31884057971015    0.02898550724638    0.00000000000000             8
    0.33333333333334    0.02898550724638    0.00000000000000             8
    0.34782608695652    0.02898550724638    0.00000000000000             8
    0.36231884057971    0.02898550724638    0.00000000000000             8
    0.37681159420290    0.02898550724638    0.00000000000000             8
    0.39130434782609    0.02898550724638    0.00000000000000             8
    0.40579710144927    0.02898550724638    0.00000000000000             8
    0.42028985507246    0.02898550724638    0.00000000000000             8
    0.43478260869565    0.02898550724638    0.00000000000000             8
    0.44927536231884    0.02898550724638    0.00000000000000             8
    0.46376811594203    0.02898550724638    0.00000000000000             8
    0.47826086956522    0.02898550724638    0.00000000000000             8
    0.49275362318841    0.02898550724638    0.00000000000000             8
    0.04347826086956    0.04347826086956    0.00000000000000             4
    0.05797101449275    0.04347826086956    0.00000000000000             8
    0.07246376811595    0.04347826086956    0.00000000000000             8
    0.08695652173913    0.04347826086956    0.00000000000000             8
    0.10144927536232    0.04347826086956    0.00000000000000             8
    0.11594202898551    0.04347826086956    0.00000000000000             8
    0.13043478260870    0.04347826086956    0.00000000000000             8
    0.14492753623188    0.04347826086956    0.00000000000000             8
    0.15942028985507    0.04347826086956    0.00000000000000             8
    0.17391304347826    0.04347826086956    0.00000000000000             8
    0.18840579710145    0.04347826086956    0.00000000000000             8
    0.20289855072464    0.04347826086956    0.00000000000000             8
    0.21739130434783    0.04347826086956    0.00000000000000             8
    0.23188405797102    0.04347826086956    0.00000000000000             8
    0.24637681159420    0.04347826086956    0.00000000000000             8
    0.26086956521739    0.04347826086956    0.00000000000000             8
    0.27536231884058    0.04347826086956    0.00000000000000             8
    0.28985507246377    0.04347826086956    0.00000000000000             8
    0.30434782608695    0.04347826086956    0.00000000000000             8
    0.31884057971015    0.04347826086956    0.00000000000000             8
    0.33333333333334    0.04347826086956    0.00000000000000             8
    0.34782608695652    0.04347826086956    0.00000000000000             8
    0.36231884057971    0.04347826086956    0.00000000000000             8
    0.37681159420290    0.04347826086956    0.00000000000000             8
    0.39130434782609    0.04347826086956    0.00000000000000             8
    0.40579710144927    0.04347826086956    0.00000000000000             8
    0.42028985507246    0.04347826086956    0.00000000000000             8
    0.43478260869565    0.04347826086956    0.00000000000000             8
    0.44927536231884    0.04347826086956    0.00000000000000             8
    0.46376811594203    0.04347826086956    0.00000000000000             8
    0.47826086956522    0.04347826086956    0.00000000000000             8
    0.49275362318841    0.04347826086956    0.00000000000000             8
    0.05797101449275    0.05797101449275    0.00000000000000             4
    0.07246376811595    0.05797101449275    0.00000000000000             8
    0.08695652173913    0.05797101449275    0.00000000000000             8
    0.10144927536232    0.05797101449275    0.00000000000000             8
    0.11594202898551    0.05797101449275    0.00000000000000             8
    0.13043478260870    0.05797101449275    0.00000000000000             8
    0.14492753623188    0.05797101449275    0.00000000000000             8
    0.15942028985507    0.05797101449275    0.00000000000000             8
    0.17391304347826    0.05797101449275    0.00000000000000             8
    0.18840579710145    0.05797101449275    0.00000000000000             8
    0.20289855072464    0.05797101449275    0.00000000000000             8
    0.21739130434783    0.05797101449275    0.00000000000000             8
    0.23188405797102    0.05797101449275    0.00000000000000             8
    0.24637681159420    0.05797101449275    0.00000000000000             8
    0.26086956521739    0.05797101449275    0.00000000000000             8
    0.27536231884058    0.05797101449275    0.00000000000000             8
    0.28985507246377    0.05797101449275    0.00000000000000             8
    0.30434782608695    0.05797101449275    0.00000000000000             8
    0.31884057971015    0.05797101449275    0.00000000000000             8
    0.33333333333334    0.05797101449275    0.00000000000000             8
    0.34782608695652    0.05797101449275    0.00000000000000             8
    0.36231884057971    0.05797101449275    0.00000000000000             8
    0.37681159420290    0.05797101449275    0.00000000000000             8
    0.39130434782609    0.05797101449275    0.00000000000000             8
    0.40579710144927    0.05797101449275    0.00000000000000             8
    0.42028985507246    0.05797101449275    0.00000000000000             8
    0.43478260869565    0.05797101449275    0.00000000000000             8
    0.44927536231884    0.05797101449275    0.00000000000000             8
    0.46376811594203    0.05797101449275    0.00000000000000             8
    0.47826086956522    0.05797101449275    0.00000000000000             8
    0.49275362318841    0.05797101449275    0.00000000000000             8
    0.07246376811595    0.07246376811595    0.00000000000000             4
    0.08695652173913    0.07246376811595    0.00000000000000             8
    0.10144927536232    0.07246376811595    0.00000000000000             8
    0.11594202898551    0.07246376811595    0.00000000000000             8
    0.13043478260870    0.07246376811595    0.00000000000000             8
    0.14492753623188    0.07246376811595    0.00000000000000             8
    0.15942028985507    0.07246376811595    0.00000000000000             8
    0.17391304347826    0.07246376811595    0.00000000000000             8
    0.18840579710145    0.07246376811595    0.00000000000000             8
    0.20289855072464    0.07246376811595    0.00000000000000             8
    0.21739130434783    0.07246376811595    0.00000000000000             8
    0.23188405797102    0.07246376811595    0.00000000000000             8
    0.24637681159420    0.07246376811595    0.00000000000000             8
    0.26086956521739    0.07246376811595    0.00000000000000             8
    0.27536231884058    0.07246376811595    0.00000000000000             8
    0.28985507246377    0.07246376811595    0.00000000000000             8
    0.30434782608695    0.07246376811595    0.00000000000000             8
    0.31884057971015    0.07246376811595    0.00000000000000             8
    0.33333333333334    0.07246376811595    0.00000000000000             8
    0.34782608695652    0.07246376811595    0.00000000000000             8
    0.36231884057971    0.07246376811595    0.00000000000000             8
    0.37681159420290    0.07246376811595    0.00000000000000             8
    0.39130434782609    0.07246376811595    0.00000000000000             8
    0.40579710144927    0.07246376811595    0.00000000000000             8
    0.42028985507246    0.07246376811595    0.00000000000000             8
    0.43478260869565    0.07246376811595    0.00000000000000             8
    0.44927536231884    0.07246376811595    0.00000000000000             8
    0.46376811594203    0.07246376811595    0.00000000000000             8
    0.47826086956522    0.07246376811595    0.00000000000000             8
    0.49275362318841    0.07246376811595    0.00000000000000             8
    0.08695652173913    0.08695652173913    0.00000000000000             4
    0.10144927536232    0.08695652173913    0.00000000000000             8
    0.11594202898551    0.08695652173913    0.00000000000000             8
    0.13043478260870    0.08695652173913    0.00000000000000             8
    0.14492753623188    0.08695652173913    0.00000000000000             8
    0.15942028985507    0.08695652173913    0.00000000000000             8
    0.17391304347826    0.08695652173913    0.00000000000000             8
    0.18840579710145    0.08695652173913    0.00000000000000             8
    0.20289855072464    0.08695652173913    0.00000000000000             8
    0.21739130434783    0.08695652173913    0.00000000000000             8
    0.23188405797102    0.08695652173913    0.00000000000000             8
    0.24637681159420    0.08695652173913    0.00000000000000             8
    0.26086956521739    0.08695652173913    0.00000000000000             8
    0.27536231884058    0.08695652173913    0.00000000000000             8
    0.28985507246377    0.08695652173913    0.00000000000000             8
    0.30434782608695    0.08695652173913    0.00000000000000             8
    0.31884057971015    0.08695652173913    0.00000000000000             8
    0.33333333333334    0.08695652173913    0.00000000000000             8
    0.34782608695652    0.08695652173913    0.00000000000000             8
    0.36231884057971    0.08695652173913    0.00000000000000             8
    0.37681159420290    0.08695652173913    0.00000000000000             8
    0.39130434782609    0.08695652173913    0.00000000000000             8
    0.40579710144927    0.08695652173913    0.00000000000000             8
    0.42028985507246    0.08695652173913    0.00000000000000             8
    0.43478260869565    0.08695652173913    0.00000000000000             8
    0.44927536231884    0.08695652173913    0.00000000000000             8
    0.46376811594203    0.08695652173913    0.00000000000000             8
    0.47826086956522    0.08695652173913    0.00000000000000             8
    0.49275362318841    0.08695652173913    0.00000000000000             8
    0.10144927536232    0.10144927536232    0.00000000000000             4
    0.11594202898551    0.10144927536232    0.00000000000000             8
    0.13043478260870    0.10144927536232    0.00000000000000             8
    0.14492753623188    0.10144927536232    0.00000000000000             8
    0.15942028985507    0.10144927536232    0.00000000000000             8
    0.17391304347826    0.10144927536232    0.00000000000000             8
    0.18840579710145    0.10144927536232    0.00000000000000             8
    0.20289855072464    0.10144927536232    0.00000000000000             8
    0.21739130434783    0.10144927536232    0.00000000000000             8
    0.23188405797102    0.10144927536232    0.00000000000000             8
    0.24637681159420    0.10144927536232    0.00000000000000             8
    0.26086956521739    0.10144927536232    0.00000000000000             8
    0.27536231884058    0.10144927536232    0.00000000000000             8
    0.28985507246377    0.10144927536232    0.00000000000000             8
    0.30434782608695    0.10144927536232    0.00000000000000             8
    0.31884057971015    0.10144927536232    0.00000000000000             8
    0.33333333333334    0.10144927536232    0.00000000000000             8
    0.34782608695652    0.10144927536232    0.00000000000000             8
    0.36231884057971    0.10144927536232    0.00000000000000             8
    0.37681159420290    0.10144927536232    0.00000000000000             8
    0.39130434782609    0.10144927536232    0.00000000000000             8
    0.40579710144927    0.10144927536232    0.00000000000000             8
    0.42028985507246    0.10144927536232    0.00000000000000             8
    0.43478260869565    0.10144927536232    0.00000000000000             8
    0.44927536231884    0.10144927536232    0.00000000000000             8
    0.46376811594203    0.10144927536232    0.00000000000000             8
    0.47826086956522    0.10144927536232    0.00000000000000             8
    0.49275362318841    0.10144927536232    0.00000000000000             8
    0.11594202898551    0.11594202898551    0.00000000000000             4
    0.13043478260870    0.11594202898551    0.00000000000000             8
    0.14492753623188    0.11594202898551    0.00000000000000             8
    0.15942028985507    0.11594202898551    0.00000000000000             8
    0.17391304347826    0.11594202898551    0.00000000000000             8
    0.18840579710145    0.11594202898551    0.00000000000000             8
    0.20289855072464    0.11594202898551    0.00000000000000             8
    0.21739130434783    0.11594202898551    0.00000000000000             8
    0.23188405797102    0.11594202898551    0.00000000000000             8
    0.24637681159420    0.11594202898551    0.00000000000000             8
    0.26086956521739    0.11594202898551    0.00000000000000             8
    0.27536231884058    0.11594202898551    0.00000000000000             8
    0.28985507246377    0.11594202898551    0.00000000000000             8
    0.30434782608695    0.11594202898551    0.00000000000000             8
    0.31884057971015    0.11594202898551    0.00000000000000             8
    0.33333333333334    0.11594202898551    0.00000000000000             8
    0.34782608695652    0.11594202898551    0.00000000000000             8
    0.36231884057971    0.11594202898551    0.00000000000000             8
    0.37681159420290    0.11594202898551    0.00000000000000             8
    0.39130434782609    0.11594202898551    0.00000000000000             8
    0.40579710144927    0.11594202898551    0.00000000000000             8
    0.42028985507246    0.11594202898551    0.00000000000000             8
    0.43478260869565    0.11594202898551    0.00000000000000             8
    0.44927536231884    0.11594202898551    0.00000000000000             8
    0.46376811594203    0.11594202898551    0.00000000000000             8
    0.47826086956522    0.11594202898551    0.00000000000000             8
    0.49275362318841    0.11594202898551    0.00000000000000             8
    0.13043478260870    0.13043478260870    0.00000000000000             4
    0.14492753623188    0.13043478260870    0.00000000000000             8
    0.15942028985507    0.13043478260870    0.00000000000000             8
    0.17391304347826    0.13043478260870    0.00000000000000             8
    0.18840579710145    0.13043478260870    0.00000000000000             8
    0.20289855072464    0.13043478260870    0.00000000000000             8
    0.21739130434783    0.13043478260870    0.00000000000000             8
    0.23188405797102    0.13043478260870    0.00000000000000             8
    0.24637681159420    0.13043478260870    0.00000000000000             8
    0.26086956521739    0.13043478260870    0.00000000000000             8
    0.27536231884058    0.13043478260870    0.00000000000000             8
    0.28985507246377    0.13043478260870    0.00000000000000             8
    0.30434782608695    0.13043478260870    0.00000000000000             8
    0.31884057971015    0.13043478260870    0.00000000000000             8
    0.33333333333334    0.13043478260870    0.00000000000000             8
    0.34782608695652    0.13043478260870    0.00000000000000             8
    0.36231884057971    0.13043478260870    0.00000000000000             8
    0.37681159420290    0.13043478260870    0.00000000000000             8
    0.39130434782609    0.13043478260870    0.00000000000000             8
    0.40579710144927    0.13043478260870    0.00000000000000             8
    0.42028985507246    0.13043478260870    0.00000000000000             8
    0.43478260869565    0.13043478260870    0.00000000000000             8
    0.44927536231884    0.13043478260870    0.00000000000000             8
    0.46376811594203    0.13043478260870    0.00000000000000             8
    0.47826086956522    0.13043478260870    0.00000000000000             8
    0.49275362318841    0.13043478260870    0.00000000000000             8
    0.14492753623188    0.14492753623188    0.00000000000000             4
    0.15942028985507    0.14492753623188    0.00000000000000             8
    0.17391304347826    0.14492753623188    0.00000000000000             8
    0.18840579710145    0.14492753623188    0.00000000000000             8
    0.20289855072464    0.14492753623188    0.00000000000000             8
    0.21739130434783    0.14492753623188    0.00000000000000             8
    0.23188405797102    0.14492753623188    0.00000000000000             8
    0.24637681159420    0.14492753623188    0.00000000000000             8
    0.26086956521739    0.14492753623188    0.00000000000000             8
    0.27536231884058    0.14492753623188    0.00000000000000             8
    0.28985507246377    0.14492753623188    0.00000000000000             8
    0.30434782608695    0.14492753623188    0.00000000000000             8
    0.31884057971015    0.14492753623188    0.00000000000000             8
    0.33333333333334    0.14492753623188    0.00000000000000             8
    0.34782608695652    0.14492753623188    0.00000000000000             8
    0.36231884057971    0.14492753623188    0.00000000000000             8
    0.37681159420290    0.14492753623188    0.00000000000000             8
    0.39130434782609    0.14492753623188    0.00000000000000             8
    0.40579710144927    0.14492753623188    0.00000000000000             8
    0.42028985507246    0.14492753623188    0.00000000000000             8
    0.43478260869565    0.14492753623188    0.00000000000000             8
    0.44927536231884    0.14492753623188    0.00000000000000             8
    0.46376811594203    0.14492753623188    0.00000000000000             8
    0.47826086956522    0.14492753623188    0.00000000000000             8
    0.49275362318841    0.14492753623188    0.00000000000000             8
    0.15942028985507    0.15942028985507    0.00000000000000             4
    0.17391304347826    0.15942028985507    0.00000000000000             8
    0.18840579710145    0.15942028985507    0.00000000000000             8
    0.20289855072464    0.15942028985507    0.00000000000000             8
    0.21739130434783    0.15942028985507    0.00000000000000             8
    0.23188405797102    0.15942028985507    0.00000000000000             8
    0.24637681159420    0.15942028985507    0.00000000000000             8
    0.26086956521739    0.15942028985507    0.00000000000000             8
    0.27536231884058    0.15942028985507    0.00000000000000             8
    0.28985507246377    0.15942028985507    0.00000000000000             8
    0.30434782608695    0.15942028985507    0.00000000000000             8
    0.31884057971015    0.15942028985507    0.00000000000000             8
    0.33333333333334    0.15942028985507    0.00000000000000             8
    0.34782608695652    0.15942028985507    0.00000000000000             8
    0.36231884057971    0.15942028985507    0.00000000000000             8
    0.37681159420290    0.15942028985507    0.00000000000000             8
    0.39130434782609    0.15942028985507    0.00000000000000             8
    0.40579710144927    0.15942028985507    0.00000000000000             8
    0.42028985507246    0.15942028985507    0.00000000000000             8
    0.43478260869565    0.15942028985507    0.00000000000000             8
    0.44927536231884    0.15942028985507    0.00000000000000             8
    0.46376811594203    0.15942028985507    0.00000000000000             8
    0.47826086956522    0.15942028985507    0.00000000000000             8
    0.49275362318841    0.15942028985507    0.00000000000000             8
    0.17391304347826    0.17391304347826    0.00000000000000             4
    0.18840579710145    0.17391304347826    0.00000000000000             8
    0.20289855072464    0.17391304347826    0.00000000000000             8
    0.21739130434783    0.17391304347826    0.00000000000000             8
    0.23188405797102    0.17391304347826    0.00000000000000             8
    0.24637681159420    0.17391304347826    0.00000000000000             8
    0.26086956521739    0.17391304347826    0.00000000000000             8
    0.27536231884058    0.17391304347826    0.00000000000000             8
    0.28985507246377    0.17391304347826    0.00000000000000             8
    0.30434782608695    0.17391304347826    0.00000000000000             8
    0.31884057971015    0.17391304347826    0.00000000000000             8
    0.33333333333334    0.17391304347826    0.00000000000000             8
    0.34782608695652    0.17391304347826    0.00000000000000             8
    0.36231884057971    0.17391304347826    0.00000000000000             8
    0.37681159420290    0.17391304347826    0.00000000000000             8
    0.39130434782609    0.17391304347826    0.00000000000000             8
    0.40579710144927    0.17391304347826    0.00000000000000             8
    0.42028985507246    0.17391304347826    0.00000000000000             8
    0.43478260869565    0.17391304347826    0.00000000000000             8
    0.44927536231884    0.17391304347826    0.00000000000000             8
    0.46376811594203    0.17391304347826    0.00000000000000             8
    0.47826086956522    0.17391304347826    0.00000000000000             8
    0.49275362318841    0.17391304347826    0.00000000000000             8
    0.18840579710145    0.18840579710145    0.00000000000000             4
    0.20289855072464    0.18840579710145    0.00000000000000             8
    0.21739130434783    0.18840579710145    0.00000000000000             8
    0.23188405797102    0.18840579710145    0.00000000000000             8
    0.24637681159420    0.18840579710145    0.00000000000000             8
    0.26086956521739    0.18840579710145    0.00000000000000             8
    0.27536231884058    0.18840579710145    0.00000000000000             8
    0.28985507246377    0.18840579710145    0.00000000000000             8
    0.30434782608695    0.18840579710145    0.00000000000000             8
    0.31884057971015    0.18840579710145    0.00000000000000             8
    0.33333333333334    0.18840579710145    0.00000000000000             8
    0.34782608695652    0.18840579710145    0.00000000000000             8
    0.36231884057971    0.18840579710145    0.00000000000000             8
    0.37681159420290    0.18840579710145    0.00000000000000             8
    0.39130434782609    0.18840579710145    0.00000000000000             8
    0.40579710144927    0.18840579710145    0.00000000000000             8
    0.42028985507246    0.18840579710145    0.00000000000000             8
    0.43478260869565    0.18840579710145    0.00000000000000             8
    0.44927536231884    0.18840579710145    0.00000000000000             8
    0.46376811594203    0.18840579710145    0.00000000000000             8
    0.47826086956522    0.18840579710145    0.00000000000000             8
    0.49275362318841    0.18840579710145    0.00000000000000             8
    0.20289855072464    0.20289855072464    0.00000000000000             4
    0.21739130434783    0.20289855072464    0.00000000000000             8
    0.23188405797102    0.20289855072464    0.00000000000000             8
    0.24637681159420    0.20289855072464    0.00000000000000             8
    0.26086956521739    0.20289855072464    0.00000000000000             8
    0.27536231884058    0.20289855072464    0.00000000000000             8
    0.28985507246377    0.20289855072464    0.00000000000000             8
    0.30434782608695    0.20289855072464    0.00000000000000             8
    0.31884057971015    0.20289855072464    0.00000000000000             8
    0.33333333333334    0.20289855072464    0.00000000000000             8
    0.34782608695652    0.20289855072464    0.00000000000000             8
    0.36231884057971    0.20289855072464    0.00000000000000             8
    0.37681159420290    0.20289855072464    0.00000000000000             8
    0.39130434782609    0.20289855072464    0.00000000000000             8
    0.40579710144927    0.20289855072464    0.00000000000000             8
    0.42028985507246    0.20289855072464    0.00000000000000             8
    0.43478260869565    0.20289855072464    0.00000000000000             8
    0.44927536231884    0.20289855072464    0.00000000000000             8
    0.46376811594203    0.20289855072464    0.00000000000000             8
    0.47826086956522    0.20289855072464    0.00000000000000             8
    0.49275362318841    0.20289855072464    0.00000000000000             8
    0.21739130434783    0.21739130434783    0.00000000000000             4
    0.23188405797102    0.21739130434783    0.00000000000000             8
    0.24637681159420    0.21739130434783    0.00000000000000             8
    0.26086956521739    0.21739130434783    0.00000000000000             8
    0.27536231884058    0.21739130434783    0.00000000000000             8
    0.28985507246377    0.21739130434783    0.00000000000000             8
    0.30434782608695    0.21739130434783    0.00000000000000             8
    0.31884057971015    0.21739130434783    0.00000000000000             8
    0.33333333333334    0.21739130434783    0.00000000000000             8
    0.34782608695652    0.21739130434783    0.00000000000000             8
    0.36231884057971    0.21739130434783    0.00000000000000             8
    0.37681159420290    0.21739130434783    0.00000000000000             8
    0.39130434782609    0.21739130434783    0.00000000000000             8
    0.40579710144927    0.21739130434783    0.00000000000000             8
    0.42028985507246    0.21739130434783    0.00000000000000             8
    0.43478260869565    0.21739130434783    0.00000000000000             8
    0.44927536231884    0.21739130434783    0.00000000000000             8
    0.46376811594203    0.21739130434783    0.00000000000000             8
    0.47826086956522    0.21739130434783    0.00000000000000             8
    0.49275362318841    0.21739130434783    0.00000000000000             8
    0.23188405797102    0.23188405797102    0.00000000000000             4
    0.24637681159420    0.23188405797102    0.00000000000000             8
    0.26086956521739    0.23188405797102    0.00000000000000             8
    0.27536231884058    0.23188405797102    0.00000000000000             8
    0.28985507246377    0.23188405797102    0.00000000000000             8
    0.30434782608695    0.23188405797102    0.00000000000000             8
    0.31884057971015    0.23188405797102    0.00000000000000             8
    0.33333333333334    0.23188405797102    0.00000000000000             8
    0.34782608695652    0.23188405797102    0.00000000000000             8
    0.36231884057971    0.23188405797102    0.00000000000000             8
    0.37681159420290    0.23188405797102    0.00000000000000             8
    0.39130434782609    0.23188405797102    0.00000000000000             8
    0.40579710144927    0.23188405797102    0.00000000000000             8
    0.42028985507246    0.23188405797102    0.00000000000000             8
    0.43478260869565    0.23188405797102    0.00000000000000             8
    0.44927536231884    0.23188405797102    0.00000000000000             8
    0.46376811594203    0.23188405797102    0.00000000000000             8
    0.47826086956522    0.23188405797102    0.00000000000000             8
    0.49275362318841    0.23188405797102    0.00000000000000             8
    0.24637681159420    0.24637681159420    0.00000000000000             4
    0.26086956521739    0.24637681159420    0.00000000000000             8
    0.27536231884058    0.24637681159420    0.00000000000000             8
    0.28985507246377    0.24637681159420    0.00000000000000             8
    0.30434782608695    0.24637681159420    0.00000000000000             8
    0.31884057971015    0.24637681159420    0.00000000000000             8
    0.33333333333334    0.24637681159420    0.00000000000000             8
    0.34782608695652    0.24637681159420    0.00000000000000             8
    0.36231884057971    0.24637681159420    0.00000000000000             8
    0.37681159420290    0.24637681159420    0.00000000000000             8
    0.39130434782609    0.24637681159420    0.00000000000000             8
    0.40579710144927    0.24637681159420    0.00000000000000             8
    0.42028985507246    0.24637681159420    0.00000000000000             8
    0.43478260869565    0.24637681159420    0.00000000000000             8
    0.44927536231884    0.24637681159420    0.00000000000000             8
    0.46376811594203    0.24637681159420    0.00000000000000             8
    0.47826086956522    0.24637681159420    0.00000000000000             8
    0.49275362318841    0.24637681159420    0.00000000000000             8
    0.26086956521739    0.26086956521739    0.00000000000000             4
    0.27536231884058    0.26086956521739    0.00000000000000             8
    0.28985507246377    0.26086956521739    0.00000000000000             8
    0.30434782608695    0.26086956521739    0.00000000000000             8
    0.31884057971015    0.26086956521739    0.00000000000000             8
    0.33333333333334    0.26086956521739    0.00000000000000             8
    0.34782608695652    0.26086956521739    0.00000000000000             8
    0.36231884057971    0.26086956521739    0.00000000000000             8
    0.37681159420290    0.26086956521739    0.00000000000000             8
    0.39130434782609    0.26086956521739    0.00000000000000             8
    0.40579710144927    0.26086956521739    0.00000000000000             8
    0.42028985507246    0.26086956521739    0.00000000000000             8
    0.43478260869565    0.26086956521739    0.00000000000000             8
    0.44927536231884    0.26086956521739    0.00000000000000             8
    0.46376811594203    0.26086956521739    0.00000000000000             8
    0.47826086956522    0.26086956521739    0.00000000000000             8
    0.49275362318841    0.26086956521739    0.00000000000000             8
    0.27536231884058    0.27536231884058    0.00000000000000             4
    0.28985507246377    0.27536231884058    0.00000000000000             8
    0.30434782608695    0.27536231884058    0.00000000000000             8
    0.31884057971015    0.27536231884058    0.00000000000000             8
    0.33333333333334    0.27536231884058    0.00000000000000             8
    0.34782608695652    0.27536231884058    0.00000000000000             8
    0.36231884057971    0.27536231884058    0.00000000000000             8
    0.37681159420290    0.27536231884058    0.00000000000000             8
    0.39130434782609    0.27536231884058    0.00000000000000             8
    0.40579710144927    0.27536231884058    0.00000000000000             8
    0.42028985507246    0.27536231884058    0.00000000000000             8
    0.43478260869565    0.27536231884058    0.00000000000000             8
    0.44927536231884    0.27536231884058    0.00000000000000             8
    0.46376811594203    0.27536231884058    0.00000000000000             8
    0.47826086956522    0.27536231884058    0.00000000000000             8
    0.49275362318841    0.27536231884058    0.00000000000000             8
    0.28985507246377    0.28985507246377    0.00000000000000             4
    0.30434782608695    0.28985507246377    0.00000000000000             8
    0.31884057971015    0.28985507246377    0.00000000000000             8
    0.33333333333334    0.28985507246377    0.00000000000000             8
    0.34782608695652    0.28985507246377    0.00000000000000             8
    0.36231884057971    0.28985507246377    0.00000000000000             8
    0.37681159420290    0.28985507246377    0.00000000000000             8
    0.39130434782609    0.28985507246377    0.00000000000000             8
    0.40579710144927    0.28985507246377    0.00000000000000             8
    0.42028985507246    0.28985507246377    0.00000000000000             8
    0.43478260869565    0.28985507246377    0.00000000000000             8
    0.44927536231884    0.28985507246377    0.00000000000000             8
    0.46376811594203    0.28985507246377    0.00000000000000             8
    0.47826086956522    0.28985507246377    0.00000000000000             8
    0.49275362318841    0.28985507246377    0.00000000000000             8
    0.30434782608695    0.30434782608695    0.00000000000000             4
    0.31884057971015    0.30434782608695    0.00000000000000             8
    0.33333333333334    0.30434782608695    0.00000000000000             8
    0.34782608695652    0.30434782608695    0.00000000000000             8
    0.36231884057971    0.30434782608695    0.00000000000000             8
    0.37681159420290    0.30434782608695    0.00000000000000             8
    0.39130434782609    0.30434782608695    0.00000000000000             8
    0.40579710144927    0.30434782608695    0.00000000000000             8
    0.42028985507246    0.30434782608695    0.00000000000000             8
    0.43478260869565    0.30434782608695    0.00000000000000             8
    0.44927536231884    0.30434782608695    0.00000000000000             8
    0.46376811594203    0.30434782608695    0.00000000000000             8
    0.47826086956522    0.30434782608695    0.00000000000000             8
    0.49275362318841    0.30434782608695    0.00000000000000             8
    0.31884057971015    0.31884057971015    0.00000000000000             4
    0.33333333333334    0.31884057971015    0.00000000000000             8
    0.34782608695652    0.31884057971015    0.00000000000000             8
    0.36231884057971    0.31884057971015    0.00000000000000             8
    0.37681159420290    0.31884057971015    0.00000000000000             8
    0.39130434782609    0.31884057971015    0.00000000000000             8
    0.40579710144927    0.31884057971015    0.00000000000000             8
    0.42028985507246    0.31884057971015    0.00000000000000             8
    0.43478260869565    0.31884057971015    0.00000000000000             8
    0.44927536231884    0.31884057971015    0.00000000000000             8
    0.46376811594203    0.31884057971015    0.00000000000000             8
    0.47826086956522    0.31884057971015    0.00000000000000             8
    0.49275362318841    0.31884057971015    0.00000000000000             8
    0.33333333333334    0.33333333333334    0.00000000000000             4
    0.34782608695652    0.33333333333334    0.00000000000000             8
    0.36231884057971    0.33333333333334    0.00000000000000             8
    0.37681159420290    0.33333333333334    0.00000000000000             8
    0.39130434782609    0.33333333333334    0.00000000000000             8
    0.40579710144927    0.33333333333334    0.00000000000000             8
    0.42028985507246    0.33333333333334    0.00000000000000             8
    0.43478260869565    0.33333333333334    0.00000000000000             8
    0.44927536231884    0.33333333333334    0.00000000000000             8
    0.46376811594203    0.33333333333334    0.00000000000000             8
    0.47826086956522    0.33333333333334    0.00000000000000             8
    0.49275362318841    0.33333333333334    0.00000000000000             8
    0.34782608695652    0.34782608695652    0.00000000000000             4
    0.36231884057971    0.34782608695652    0.00000000000000             8
    0.37681159420290    0.34782608695652    0.00000000000000             8
    0.39130434782609    0.34782608695652    0.00000000000000             8
    0.40579710144927    0.34782608695652    0.00000000000000             8
    0.42028985507246    0.34782608695652    0.00000000000000             8
    0.43478260869565    0.34782608695652    0.00000000000000             8
    0.44927536231884    0.34782608695652    0.00000000000000             8
    0.46376811594203    0.34782608695652    0.00000000000000             8
    0.47826086956522    0.34782608695652    0.00000000000000             8
    0.49275362318841    0.34782608695652    0.00000000000000             8
    0.36231884057971    0.36231884057971    0.00000000000000             4
    0.37681159420290    0.36231884057971    0.00000000000000             8
    0.39130434782609    0.36231884057971    0.00000000000000             8
    0.40579710144927    0.36231884057971    0.00000000000000             8
    0.42028985507246    0.36231884057971    0.00000000000000             8
    0.43478260869565    0.36231884057971    0.00000000000000             8
    0.44927536231884    0.36231884057971    0.00000000000000             8
    0.46376811594203    0.36231884057971    0.00000000000000             8
    0.47826086956522    0.36231884057971    0.00000000000000             8
    0.49275362318841    0.36231884057971    0.00000000000000             8
    0.37681159420290    0.37681159420290    0.00000000000000             4
    0.39130434782609    0.37681159420290    0.00000000000000             8
    0.40579710144927    0.37681159420290    0.00000000000000             8
    0.42028985507246    0.37681159420290    0.00000000000000             8
    0.43478260869565    0.37681159420290    0.00000000000000             8
    0.44927536231884    0.37681159420290    0.00000000000000             8
    0.46376811594203    0.37681159420290    0.00000000000000             8
    0.47826086956522    0.37681159420290    0.00000000000000             8
    0.49275362318841    0.37681159420290    0.00000000000000             8
    0.39130434782609    0.39130434782609    0.00000000000000             4
    0.40579710144927    0.39130434782609    0.00000000000000             8
    0.42028985507246    0.39130434782609    0.00000000000000             8
    0.43478260869565    0.39130434782609    0.00000000000000             8
    0.44927536231884    0.39130434782609    0.00000000000000             8
    0.46376811594203    0.39130434782609    0.00000000000000             8
    0.47826086956522    0.39130434782609    0.00000000000000             8
    0.49275362318841    0.39130434782609    0.00000000000000             8
    0.40579710144927    0.40579710144927    0.00000000000000             4
    0.42028985507246    0.40579710144927    0.00000000000000             8
    0.43478260869565    0.40579710144927    0.00000000000000             8
    0.44927536231884    0.40579710144927    0.00000000000000             8
    0.46376811594203    0.40579710144927    0.00000000000000             8
    0.47826086956522    0.40579710144927    0.00000000000000             8
    0.49275362318841    0.40579710144927    0.00000000000000             8
    0.42028985507246    0.42028985507246    0.00000000000000             4
    0.43478260869565    0.42028985507246    0.00000000000000             8
    0.44927536231884    0.42028985507246    0.00000000000000             8
    0.46376811594203    0.42028985507246    0.00000000000000             8
    0.47826086956522    0.42028985507246    0.00000000000000             8
    0.49275362318841    0.42028985507246    0.00000000000000             8
    0.43478260869565    0.43478260869565    0.00000000000000             4
    0.44927536231884    0.43478260869565    0.00000000000000             8
    0.46376811594203    0.43478260869565    0.00000000000000             8
    0.47826086956522    0.43478260869565    0.00000000000000             8
    0.49275362318841    0.43478260869565    0.00000000000000             8
    0.44927536231884    0.44927536231884    0.00000000000000             4
    0.46376811594203    0.44927536231884    0.00000000000000             8
    0.47826086956522    0.44927536231884    0.00000000000000             8
    0.49275362318841    0.44927536231884    0.00000000000000             8
    0.46376811594203    0.46376811594203    0.00000000000000             4
    0.47826086956522    0.46376811594203    0.00000000000000             8
    0.49275362318841    0.46376811594203    0.00000000000000             8
    0.47826086956522    0.47826086956522    0.00000000000000             4
    0.49275362318841    0.47826086956522    0.00000000000000             8
    0.49275362318841    0.49275362318841    0.00000000000000             4
