Automatically generated mesh
     208
Reciprocal lattice
    0.00000000000000    0.00000000000000    0.00000000000000             1
    0.02127659574468    0.00000000000000    0.00000000000000             6
    0.04255319148936    0.00000000000000    0.00000000000000             6
    0.06382978723404    0.00000000000000    0.00000000000000             6
    0.08510638297872    0.00000000000000    0.00000000000000             6
    0.10638297872340    0.00000000000000    0.00000000000000             6
    0.12765957446808    0.00000000000000    0.00000000000000             6
    0.14893617021277    0.00000000000000    0.00000000000000             6
    0.17021276595745    0.00000000000000    0.00000000000000             6
    0.19148936170213    0.00000000000000    0.00000000000000             6
    0.21276595744681    0.00000000000000    0.00000000000000             6
    0.23404255319149    0.00000000000000    0.00000000000000             6
    0.25531914893617    0.00000000000000    0.00000000000000             6
    0.27659574468086    0.00000000000000    0.00000000000000             6
    0.29787234042554    0.00000000000000    0.00000000000000             6
    0.31914893617022    0.00000000000000    0.00000000000000             6
    0.34042553191490    0.00000000000000    0.00000000000000             6
    0.36170212765958    0.00000000000000    0.00000000000000             6
    0.38297872340426    0.00000000000000    0.00000000000000             6
    0.40425531914894    0.00000000000000    0.00000000000000             6
    0.42553191489362    0.00000000000000    0.00000000000000             6
    0.44680851063830    0.00000000000000    0.00000000000000             6
    0.46808510638298    0.00000000000000    0.00000000000000             6
    0.48936170212766    0.00000000000000    0.00000000000000             6
    0.02127659574468    0.02127659574468    0.00000000000000             6
    0.04255319148936    0.02127659574468    0.00000000000000            12
    0.06382978723404    0.02127659574468    0.00000000000000            12
    0.08510638297872    0.02127659574468    0.00000000000000            12
    0.10638297872340    0.02127659574468    0.00000000000000            12
    0.12765957446808    0.02127659574468    0.00000000000000            12
    0.14893617021277    0.02127659574468    0.00000000000000            12
    0.17021276595745    0.02127659574468    0.00000000000000            12
    0.19148936170213    0.02127659574468    0.00000000000000            12
    0.21276595744681    0.02127659574468    0.00000000000000            12
    0.23404255319149    0.02127659574468    0.00000000000000            12
    0.25531914893617    0.02127659574468    0.00000000000000            12
    0.27659574468086    0.02127659574468    0.00000000000000            12
    0.29787234042554    0.02127659574468    0.00000000000000            12
    0.31914893617022    0.02127659574468    0.00000000000000            12
    0.34042553191490    0.02127659574468    0.00000000000000            12
    0.36170212765958    0.02127659574468    0.00000000000000            12
    0.38297872340426    0.02127659574468    0.00000000000000            12
    0.40425531914894    0.02127659574468    0.00000000000000            12
    0.42553191489362    0.02127659574468    0.00000000000000            12
    0.44680851063830    0.02127659574468    0.00000000000000            12
    0.46808510638298    0.02127659574468    0.00000000000000            12
    0.48936170212766    0.02127659574468    0.00000000000000             6
    0.04255319148936    0.04255319148936    0.00000000000000             6
    0.06382978723404    0.04255319148936    0.00000000000000            12
    0.08510638297872    0.04255319148936    0.00000000000000            12
    0.10638297872340    0.04255319148936    0.00000000000000            12
    0.12765957446808    0.04255319148936    0.00000000000000            12
    0.14893617021277    0.04255319148936    0.00000000000000            12
    0.17021276595745    0.04255319148936    0.00000000000000            12
    0.19148936170213    0.04255319148936    0.00000000000000            12
    0.21276595744681    0.04255319148936    0.00000000000000            12
    0.23404255319149    0.04255319148936    0.00000000000000            12
    0.25531914893617    0.04255319148936    0.00000000000000            12
    0.27659574468086    0.04255319148936    0.00000000000000            12
    0.29787234042554    0.04255319148936    0.00000000000000            12
    0.31914893617022    0.04255319148936    0.00000000000000            12
    0.34042553191490    0.04255319148936    0.00000000000000            12
    0.36170212765958    0.04255319148936    0.00000000000000            12
    0.38297872340426    0.04255319148936    0.00000000000000            12
    0.40425531914894    0.04255319148936    0.00000000000000            12
    0.42553191489362    0.04255319148936    0.00000000000000            12
    0.44680851063830    0.04255319148936    0.00000000000000            12
    0.46808510638298    0.04255319148936    0.00000000000000            12
    0.06382978723404    0.06382978723404    0.00000000000000             6
    0.08510638297872    0.06382978723404    0.00000000000000            12
    0.10638297872340    0.06382978723404    0.00000000000000            12
    0.12765957446808    0.06382978723404    0.00000000000000            12
    0.14893617021277    0.06382978723404    0.00000000000000            12
    0.17021276595745    0.06382978723404    0.00000000000000            12
    0.19148936170213    0.06382978723404    0.00000000000000            12
    0.21276595744681    0.06382978723404    0.00000000000000            12
    0.23404255319149    0.06382978723404    0.00000000000000            12
    0.25531914893617    0.06382978723404    0.00000000000000            12
    0.27659574468086    0.06382978723404    0.00000000000000            12
    0.29787234042554    0.06382978723404    0.00000000000000            12
    0.31914893617022    0.06382978723404    0.00000000000000            12
    0.34042553191490    0.06382978723404    0.00000000000000            12
    0.36170212765958    0.06382978723404    0.00000000000000            12
    0.38297872340426    0.06382978723404    0.00000000000000            12
    0.40425531914894    0.06382978723404    0.00000000000000            12
    0.42553191489362    0.06382978723404    0.00000000000000            12
    0.44680851063830    0.06382978723404    0.00000000000000            12
    0.46808510638298    0.06382978723404    0.00000000000000             6
    0.08510638297872    0.08510638297872    0.00000000000000             6
    0.10638297872340    0.08510638297872    0.00000000000000            12
    0.12765957446808    0.08510638297872    0.00000000000000            12
    0.14893617021277    0.08510638297872    0.00000000000000            12
    0.17021276595745    0.08510638297872    0.00000000000000            12
    0.19148936170213    0.08510638297872    0.00000000000000            12
    0.21276595744681    0.08510638297872    0.00000000000000            12
    0.23404255319149    0.08510638297872    0.00000000000000            12
    0.25531914893617    0.08510638297872    0.00000000000000            12
    0.27659574468086    0.08510638297872    0.00000000000000            12
    0.29787234042554    0.08510638297872    0.00000000000000            12
    0.31914893617022    0.08510638297872    0.00000000000000            12
    0.34042553191490    0.08510638297872    0.00000000000000            12
    0.36170212765958    0.08510638297872    0.00000000000000            12
    0.38297872340426    0.08510638297872    0.00000000000000            12
    0.40425531914894    0.08510638297872    0.00000000000000            12
    0.42553191489362    0.08510638297872    0.00000000000000            12
    0.44680851063830    0.08510638297872    0.00000000000000            12
    0.10638297872340    0.10638297872340    0.00000000000000             6
    0.12765957446808    0.10638297872340    0.00000000000000            12
    0.14893617021277    0.10638297872340    0.00000000000000            12
    0.17021276595745    0.10638297872340    0.00000000000000            12
    0.19148936170213    0.10638297872340    0.00000000000000            12
    0.21276595744681    0.10638297872340    0.00000000000000            12
    0.23404255319149    0.10638297872340    0.00000000000000            12
    0.25531914893618    0.10638297872340    0.00000000000000            12
    0.27659574468086    0.10638297872340    0.00000000000000            12
    0.29787234042554    0.10638297872340    0.00000000000000            12
    0.31914893617022    0.10638297872340    0.00000000000000            12
    0.34042553191490    0.10638297872340    0.00000000000000            12
    0.36170212765958    0.10638297872340    0.00000000000000            12
    0.38297872340426    0.10638297872340    0.00000000000000            12
    0.40425531914894    0.10638297872340    0.00000000000000            12
    0.42553191489362    0.10638297872340    0.00000000000000            12
    0.44680851063830    0.10638297872340    0.00000000000000             6
    0.12765957446808    0.12765957446808    0.00000000000000             6
    0.14893617021277    0.12765957446808    0.00000000000000            12
    0.17021276595745    0.12765957446808    0.00000000000000            12
    0.19148936170213    0.12765957446808    0.00000000000000            12
    0.21276595744681    0.12765957446808    0.00000000000000            12
    0.23404255319149    0.12765957446808    0.00000000000000            12
    0.25531914893617    0.12765957446808    0.00000000000000            12
    0.27659574468086    0.12765957446808    0.00000000000000            12
    0.29787234042554    0.12765957446808    0.00000000000000            12
    0.31914893617022    0.12765957446808    0.00000000000000            12
    0.34042553191490    0.12765957446808    0.00000000000000            12
    0.36170212765958    0.12765957446808    0.00000000000000            12
    0.38297872340426    0.12765957446808    0.00000000000000            12
    0.40425531914894    0.12765957446808    0.00000000000000            12
    0.42553191489362    0.12765957446808    0.00000000000000            12
    0.14893617021277    0.14893617021277    0.00000000000000             6
    0.17021276595745    0.14893617021277    0.00000000000000            12
    0.19148936170213    0.14893617021277    0.00000000000000            12
    0.21276595744681    0.14893617021277    0.00000000000000            12
    0.23404255319149    0.14893617021277    0.00000000000000            12
    0.25531914893617    0.14893617021277    0.00000000000000            12
    0.27659574468086    0.14893617021277    0.00000000000000            12
    0.29787234042554    0.14893617021277    0.00000000000000            12
    0.31914893617022    0.14893617021277    0.00000000000000            12
    0.34042553191490    0.14893617021277    0.00000000000000            12
    0.36170212765958    0.14893617021277    0.00000000000000            12
    0.38297872340426    0.14893617021277    0.00000000000000            12
    0.40425531914894    0.14893617021277    0.00000000000000            12
    0.42553191489362    0.14893617021277    0.00000000000000             6
    0.17021276595745    0.17021276595745    0.00000000000000             6
    0.19148936170213    0.17021276595745    0.00000000000000            12
    0.21276595744681    0.17021276595745    0.00000000000000            12
    0.23404255319149    0.17021276595745    0.00000000000000            12
    0.25531914893617    0.17021276595745    0.00000000000000            12
    0.27659574468086    0.17021276595745    0.00000000000000            12
    0.29787234042554    0.17021276595745    0.00000000000000            12
    0.31914893617022    0.17021276595745    0.00000000000000            12
    0.34042553191490    0.17021276595745    0.00000000000000            12
    0.36170212765958    0.17021276595745    0.00000000000000            12
    0.38297872340426    0.17021276595745    0.00000000000000            12
    0.40425531914894    0.17021276595745    0.00000000000000            12
    0.19148936170213    0.19148936170213    0.00000000000000             6
    0.21276595744681    0.19148936170213    0.00000000000000            12
    0.23404255319149    0.19148936170213    0.00000000000000            12
    0.25531914893617    0.19148936170213    0.00000000000000            12
    0.27659574468086    0.19148936170213    0.00000000000000            12
    0.29787234042554    0.19148936170213    0.00000000000000            12
    0.31914893617022    0.19148936170213    0.00000000000000            12
    0.34042553191490    0.19148936170213    0.00000000000000            12
    0.36170212765958    0.19148936170213    0.00000000000000            12
    0.38297872340426    0.19148936170213    0.00000000000000            12
    0.40425531914894    0.19148936170213    0.00000000000000             6
    0.21276595744681    0.21276595744681    0.00000000000000             6
    0.23404255319149    0.21276595744681    0.00000000000000            12
    0.25531914893617    0.21276595744681    0.00000000000000            12
    0.27659574468086    0.21276595744681    0.00000000000000            12
    0.29787234042554    0.21276595744681    0.00000000000000            12
    0.31914893617022    0.21276595744681    0.00000000000000            12
    0.34042553191490    0.21276595744681    0.00000000000000            12
    0.36170212765958    0.21276595744681    0.00000000000000            12
    0.38297872340426    0.21276595744681    0.00000000000000            12
    0.23404255319149    0.23404255319149    0.00000000000000             6
    0.25531914893617    0.23404255319149    0.00000000000000            12
    0.27659574468086    0.23404255319149    0.00000000000000            12
    0.29787234042554    0.23404255319149    0.00000000000000            12
    0.31914893617022    0.23404255319149    0.00000000000000            12
    0.34042553191490    0.23404255319149    0.00000000000000            12
    0.36170212765958    0.23404255319149    0.00000000000000            12
    0.38297872340426    0.23404255319149    0.00000000000000             6
    0.25531914893617    0.25531914893617    0.00000000000000             6
    0.27659574468086    0.25531914893617    0.00000000000000            12
    0.29787234042554    0.25531914893617    0.00000000000000            12
    0.31914893617022    0.25531914893617    0.00000000000000            12
    0.34042553191490    0.25531914893617    0.00000000000000            12
    0.36170212765958    0.25531914893617    0.00000000000000            12
    0.27659574468086    0.27659574468086    0.00000000000000             6
    0.29787234042554    0.27659574468086    0.00000000000000            12
    0.31914893617022    0.27659574468086    0.00000000000000            12
    0.34042553191490    0.27659574468086    0.00000000000000            12
    0.36170212765958    0.27659574468086    0.00000000000000             6
    0.29787234042554    0.29787234042554    0.00000000000000             6
    0.31914893617022    0.29787234042554    0.00000000000000            12
    0.34042553191490    0.29787234042554    0.00000000000000            12
    0.31914893617022    0.31914893617022    0.00000000000000             6
    0.34042553191490    0.31914893617022    0.00000000000000             6
