    2   36    8
  9.013  1.000
    1    1  0.0150  0.0000  0.0000
 -0.087257426759   0.000000000000   0.000066518500
 -0.002491981408  -0.000001665462   0.000064865667
 -0.002491981408   0.000001665462   0.000064865667
  0.041107936848   0.000000000000  -0.014904982264
 -0.005693271642  -0.002155727607   0.002510223514
 -0.005693271642   0.002155727607   0.002510223514
  0.041110601564   0.000000000000   0.015044626604
 -0.005696226439   0.002159487790  -0.002375236883
 -0.005696226439  -0.002159487790  -0.002375236883
  0.005338747038   0.002751374524  -0.003163748586
  0.001162055814   0.000000000000  -0.002111496405
  0.005338747038  -0.002751374524  -0.003163748586
  0.010007157897   0.000000256833   0.000104782977
 -0.000284664182   0.000000000000   0.000103463608
  0.010007157897  -0.000000256833   0.000104782977
  0.005342212356  -0.002750115404   0.003376465754
  0.001161834652   0.000000000000   0.002320325949
  0.005342212356   0.002750115404   0.003376465754
  0.002333470368   0.000000000000  -0.000048838819
  0.001214636215   0.000001278392  -0.000049703218
  0.001214636215  -0.000001278392  -0.000049703218
 -0.000500959508   0.000000000000  -0.001565462297
 -0.000273342687  -0.000326453837   0.000736427921
 -0.000273342687   0.000326453837   0.000736427921
 -0.000502332885   0.000000000000   0.001470117035
 -0.000272646155   0.000326002432  -0.000832535055
 -0.000272646155  -0.000326002432  -0.000832535055
 -0.010561191342   0.000000000000  -0.000121149281
  0.001015097965  -0.000000063854  -0.000123305697
  0.001015097965   0.000000063854  -0.000123305697
 -0.008035791322   0.000000000000  -0.002961607138
  0.002836634008   0.001358684863  -0.000914999715
  0.002836634008  -0.001358684863  -0.000914999715
 -0.008030386009   0.000000000000   0.002716242307
  0.002821409232  -0.001344080029   0.000662884421
  0.002821409232   0.001344080029   0.000662884421
    1    2  0.0000  0.0000  0.0150
  0.000000000000  -0.000000000000  -0.178562288910
  0.000000000000   0.014882955890  -0.004281524396
  0.000000000000  -0.014882955890  -0.004281524396
  0.014882955890  -0.000000000000  -0.004281524396
 -0.002426238368  -0.002426238368   0.000870793366
 -0.002426238368   0.002426238368   0.000870793366
 -0.014882955890  -0.000000000000  -0.004281524396
  0.002426238368  -0.002426238368   0.000870793366
  0.002426238368   0.002426238368   0.000870793366
 -0.011931173344  -0.011931173344   0.012849530372
 -0.000347781442  -0.000000000000   0.003294591438
 -0.011931173344   0.011931173344   0.012849530372
  0.000000000000  -0.000347781442   0.003294591438
  0.000000000000  -0.000000000000  -0.000948039270
  0.000000000000   0.000347781442   0.003294591438
  0.011931173344  -0.011931173344   0.012849530372
  0.000347781442  -0.000000000000   0.003294591438
  0.011931173344   0.011931173344   0.012849530372
  0.000000000000  -0.000000000000  -0.001573556069
  0.000000000000  -0.003039759119   0.001408825801
  0.000000000000   0.003039759119   0.001408825801
 -0.003039759119  -0.000000000000   0.001408825801
  0.002144250345   0.002144250345  -0.002789366376
  0.002144250345  -0.002144250345  -0.002789366376
  0.003039759119  -0.000000000000   0.001408825801
 -0.002144250345   0.002144250345  -0.002789366376
 -0.002144250345  -0.002144250345  -0.002789366376
  0.000000000000  -0.000000000000   0.142634184650
  0.000000000000  -0.000564443421  -0.002342254188
  0.000000000000   0.000564443421  -0.002342254188
 -0.000564443421  -0.000000000000  -0.002342254188
  0.001714150354   0.001714150354   0.000601828882
  0.001714150354  -0.001714150354   0.000601828882
  0.000564443421  -0.000000000000  -0.002342254188
 -0.001714150354   0.001714150354   0.000601828882
 -0.001714150354  -0.001714150354   0.000601828882
   10    1  0.0150  0.0000  0.0000
  0.005346898280   0.002775383312  -0.011913753164
  0.005346898280  -0.002775383312  -0.011913753164
  0.001174386921   0.000000000000  -0.000329777359
  0.005348850371  -0.002773526373   0.011905294364
  0.005348850371   0.002773526373   0.011905294364
  0.001166014784   0.000000000000   0.000309774081
  0.009973207073   0.000003061770  -0.000009079584
  0.009973207073  -0.000003061770  -0.000009079584
 -0.000310441813   0.000000000000  -0.000004691951
 -0.135505412187   0.000000000000  -0.000007458665
 -0.000138008263   0.000003055060  -0.000006717227
 -0.000138008263  -0.000003055060  -0.000006717227
  0.020234464968   0.000000000000  -0.002953556791
 -0.000168102403   0.000492931285   0.000238503367
 -0.000168102403  -0.000492931285   0.000238503367
  0.020239067996   0.000000000000   0.002941466445
 -0.000167628374  -0.000491395464  -0.000257513681
 -0.000167628374   0.000491395464  -0.000257513681
  0.008899981077   0.002482899598   0.008668731578
  0.008899981077  -0.002482899598   0.008668731578
  0.000186797737   0.000000000000   0.001043787920
  0.008898233497  -0.002479348606  -0.008658763914
  0.008898233497   0.002479348606  -0.008658763914
  0.000187243412   0.000000000000  -0.001030275351
  0.006170028241  -0.000000615650   0.000005531709
  0.006170028241   0.000000615650   0.000005531709
  0.001211278055   0.000000000000   0.000005356256
  0.001403640965  -0.000417001221  -0.000318841320
  0.001403640965   0.000417001221  -0.000318841320
 -0.000101495157   0.000000000000  -0.000235745951
  0.001404299084   0.000418555741   0.000334608100
  0.001404299084  -0.000418555741   0.000334608100
 -0.000097434633   0.000000000000   0.000254605157
 -0.000653153905  -0.000001187988   0.000009738081
 -0.000653153905   0.000001187988   0.000009738081
 -0.001020961370   0.000000000000   0.000011039591
   10    2  0.0000  0.0000  0.0150
 -0.003277402456  -0.003277402456   0.012755076189
 -0.003277402456   0.003277402456   0.012755076189
 -0.002193850493   0.000000000000   0.003249575812
  0.003277402456  -0.003277402456   0.012755076189
  0.003277402456   0.003277402456   0.012755076189
  0.002193850493   0.000000000000   0.003249575812
 -0.000000000000  -0.002193850493   0.003249575812
 -0.000000000000   0.002193850493   0.003249575812
 -0.000000000000   0.000000000000  -0.001014303335
 -0.000000000000   0.000000000000  -0.143746788202
 -0.000000000000   0.002941419224   0.007361746508
 -0.000000000000  -0.002941419224   0.007361746508
  0.002941419224   0.000000000000   0.007361746508
 -0.000256402507  -0.000256402507  -0.001556795332
 -0.000256402507   0.000256402507  -0.001556795332
 -0.002941419224   0.000000000000   0.007361746508
  0.000256402507  -0.000256402507  -0.001556795332
  0.000256402507   0.000256402507  -0.001556795332
  0.011051421208   0.011051421208   0.010844213211
  0.011051421208  -0.011051421208   0.010844213211
  0.000526451344   0.000000000000   0.002137609361
 -0.011051421208   0.011051421208   0.010844213211
 -0.011051421208  -0.011051421208   0.010844213211
 -0.000526451344   0.000000000000   0.002137609361
 -0.000000000000   0.000526451344   0.002137609361
 -0.000000000000  -0.000526451344   0.002137609361
 -0.000000000000   0.000000000000  -0.000626605975
 -0.001151712218  -0.001151712218   0.002018329520
 -0.001151712218   0.001151712218   0.002018329520
  0.000666293462   0.000000000000  -0.000302787674
  0.001151712218  -0.001151712218   0.002018329520
  0.001151712218   0.001151712218   0.002018329520
 -0.000666293462   0.000000000000  -0.000302787674
 -0.000000000000   0.000666293462  -0.000302787674
 -0.000000000000  -0.000666293462  -0.000302787674
 -0.000000000000   0.000000000000  -0.000640172871
   19    1  0.0150  0.0000  0.0000
  0.002358922587   0.000000000000  -0.000031469935
  0.001212665861  -0.000001919244  -0.000030395832
  0.001212665861   0.000001919244  -0.000030395832
 -0.000522609378   0.000000000000   0.003015435905
 -0.000271175360  -0.000352691890  -0.002164771592
 -0.000271175360   0.000352691890  -0.002164771592
 -0.000516762255   0.000000000000  -0.003075267434
 -0.000269374421   0.000350615010   0.002101059913
 -0.000269374421  -0.000350615010   0.002101059913
  0.008913654459   0.002480358510   0.011014134474
  0.000191067081   0.000000000000   0.000468911058
  0.008913654459  -0.002480358510   0.011014134474
  0.006156686132   0.000000908106  -0.000052171011
  0.001215543834   0.000000000000  -0.000052541210
  0.006156686132  -0.000000908106  -0.000052171011
  0.008909152543  -0.002478249344  -0.011113347076
  0.000189902323   0.000000000000  -0.000574508614
  0.008909152543   0.002478249344  -0.011113347076
 -0.109317389162   0.000000000000   0.000022665441
 -0.003100781551   0.000002824941   0.000022193501
 -0.003100781551  -0.000002824941   0.000022193501
  0.038090086216   0.000000000000   0.003230328728
 -0.003347660656  -0.004122091276  -0.002748956790
 -0.003347660656   0.004122091276  -0.002748956790
  0.038093477080   0.000000000000  -0.003185746424
 -0.003349532923   0.004124304735   0.002795482253
 -0.003349532923  -0.004124304735   0.002795482253
  0.000482635938   0.000000000000   0.000059783506
  0.000048379033  -0.000000806332   0.000060313133
  0.000048379033   0.000000806332   0.000060313133
 -0.000093220082   0.000000000000   0.000279995170
  0.000027264437  -0.000456138114   0.000151687492
  0.000027264437   0.000456138114   0.000151687492
 -0.000093583202   0.000000000000  -0.000159050223
  0.000031686955   0.000458304523  -0.000034496449
  0.000031686955  -0.000458304523  -0.000034496449
   19    2  0.0000  0.0000  0.0150
 -0.000000000000  -0.000000000000  -0.001537644500
 -0.000000000000   0.001548691210   0.001436430596
 -0.000000000000  -0.001548691210   0.001436430596
  0.001548691210  -0.000000000000   0.001436430596
 -0.000770878459  -0.000770878459  -0.002742246877
 -0.000770878459   0.000770878459  -0.002742246877
 -0.001548691210  -0.000000000000   0.001436430596
  0.000770878459  -0.000770878459  -0.002742246877
  0.000770878459   0.000770878459  -0.002742246877
  0.008634777576   0.008634777576   0.010832408303
  0.001019203082  -0.000000000000   0.002156118080
  0.008634777576  -0.008634777576   0.010832408303
 -0.000000000000   0.001019203082   0.002156118080
 -0.000000000000  -0.000000000000  -0.000609983356
 -0.000000000000  -0.001019203082   0.002156118080
 -0.008634777576   0.008634777576   0.010832408303
 -0.001019203082  -0.000000000000   0.002156118080
 -0.008634777576  -0.008634777576   0.010832408303
 -0.000000000000  -0.000000000000  -0.076275947500
 -0.000000000000  -0.003207985130   0.004517782545
 -0.000000000000   0.003207985130   0.004517782545
 -0.003207985130  -0.000000000000   0.004517782545
  0.002799934011   0.002799934011   0.002850193931
  0.002799934011  -0.002799934011   0.002850193931
  0.003207985130  -0.000000000000   0.004517782545
 -0.002799934011   0.002799934011   0.002850193931
 -0.002799934011  -0.002799934011   0.002850193931
 -0.000000000000  -0.000000000000   0.000677009490
 -0.000000000000   0.000241771310   0.000172902365
 -0.000000000000  -0.000241771310   0.000172902365
  0.000241771310  -0.000000000000   0.000172902365
  0.000004745784   0.000004745784   0.000213052525
  0.000004745784  -0.000004745784   0.000213052525
 -0.000241771310  -0.000000000000   0.000172902365
 -0.000004745784   0.000004745784   0.000213052525
 -0.000004745784  -0.000004745784   0.000213052525
   28    1  0.0150  0.0000  0.0000
 -0.010601793382   0.000000000000  -0.000005293360
  0.001025358014  -0.000033531263   0.000024584123
  0.001025358014   0.000033531263   0.000024584123
 -0.008029375621   0.000000000000   0.000513567161
  0.002811320528   0.001317519799  -0.001688424936
  0.002811320528  -0.001317519799  -0.001688424936
 -0.007967437587   0.000000000000  -0.000462894450
  0.002822535269  -0.001326460698   0.001706174819
  0.002822535269   0.001326460698   0.001706174819
  0.001414375380  -0.000415228914  -0.001059849967
 -0.000094511583   0.000000000000   0.000696504351
  0.001414375380   0.000415228914  -0.001059849967
 -0.000633074099   0.000018845576   0.000022610794
 -0.001008850316   0.000000000000   0.000015496274
 -0.000633074099  -0.000018845576   0.000022610794
  0.001379108155   0.000449996570   0.001195624705
 -0.000131299837   0.000000000000  -0.000649651147
  0.001379108155  -0.000449996570   0.001195624705
  0.000468980835   0.000000000000  -0.000099156441
  0.000043124527  -0.000039322560  -0.000025117987
  0.000043124527   0.000039322560  -0.000025117987
 -0.000126389894   0.000000000000  -0.000265839756
  0.000022745846  -0.000455783651  -0.000015863928
  0.000022745846   0.000455783651  -0.000015863928
 -0.000048820894   0.000000000000   0.000215554910
  0.000035683365   0.000442653197   0.000006936710
  0.000035683365  -0.000442653197   0.000006936710
  0.007287244174   0.000000000000  -0.000037201966
  0.002335986921   0.000002302749  -0.000037489280
  0.002335986921  -0.000002302749  -0.000037489280
  0.002476521061   0.000000000000   0.006631274835
 -0.001806440120  -0.001679992328   0.000251228700
 -0.001806440120   0.001679992328   0.000251228700
  0.002484064731   0.000000000000  -0.006696770477
 -0.001804889630   0.001681097084  -0.000308208720
 -0.001804889630  -0.001681097084  -0.000308208720
   28    2  0.0000  0.0000  0.0150
  0.000000000000   0.000000000000   0.142787336955
  0.000000000000   0.002877971706  -0.002231374087
  0.000000000000  -0.002877971706  -0.002231374087
  0.002877971706   0.000000000000  -0.002231374087
  0.000811134397   0.000811134397   0.000714790150
  0.000811134397  -0.000811134397   0.000714790150
 -0.002877971706   0.000000000000  -0.002231374087
 -0.000811134397   0.000811134397   0.000714790150
 -0.000811134397  -0.000811134397   0.000714790150
 -0.000267760600  -0.000267760600   0.001939826914
 -0.000227142609   0.000000000000  -0.000261835499
 -0.000267760600   0.000267760600   0.001939826914
  0.000000000000  -0.000227142609  -0.000261835499
  0.000000000000   0.000000000000  -0.000597916516
  0.000000000000   0.000227142609  -0.000261835499
  0.000267760600  -0.000267760600   0.001939826914
  0.000227142609   0.000000000000  -0.000261835499
  0.000267760600   0.000267760600   0.001939826914
  0.000000000000   0.000000000000   0.000686787612
  0.000000000000  -0.000243638768   0.000223383741
  0.000000000000   0.000243638768   0.000223383741
 -0.000243638768   0.000000000000   0.000223383741
 -0.000107313889  -0.000107313889   0.000249208069
 -0.000107313889   0.000107313889   0.000249208069
  0.000243638768   0.000000000000   0.000223383741
  0.000107313889  -0.000107313889   0.000249208069
  0.000107313889   0.000107313889   0.000249208069
  0.000000000000   0.000000000000  -0.147204479860
  0.000000000000  -0.006709427654   0.002342282632
  0.000000000000   0.006709427654   0.002342282632
 -0.006709427654   0.000000000000   0.002342282632
 -0.000290599733  -0.000290599733  -0.001894213968
 -0.000290599733   0.000290599733  -0.001894213968
  0.006709427654   0.000000000000   0.002342282632
  0.000290599733  -0.000290599733  -0.001894213968
  0.000290599733   0.000290599733  -0.001894213968
