    1   25    3
  9.013
    1    1  0.0150  0.0000  0.0000
 -0.169581524803   0.000000000000   0.000000000000
  0.036903003344  -0.017434976939   0.000000000000
 -0.002990435560   0.000239986949   0.000000000000
 -0.002989873184   0.000240280086   0.000000000000
  0.036902254738  -0.017436492826   0.000000000000
  0.036902254738   0.017436492826   0.000000000000
  0.006705866103  -0.000001116059   0.000000000000
  0.002470295742   0.001265322615   0.000000000000
  0.003797759617  -0.002182734333   0.000000000000
  0.000276387374   0.000000000000   0.000000000000
 -0.002989873184  -0.000240280086   0.000000000000
  0.002471120213  -0.001263700324   0.000000000000
 -0.002570170706   0.000000791249   0.000000000000
  0.000017962096   0.000000000000   0.000000000000
  0.003797759617   0.002182734333   0.000000000000
 -0.002990435560  -0.000239986949   0.000000000000
  0.003796941648   0.002183621569   0.000000000000
  0.000018607535   0.000000000000   0.000000000000
 -0.002570170706  -0.000000791249   0.000000000000
  0.002470295742  -0.001265322615   0.000000000000
  0.036903003344   0.017434976939   0.000000000000
  0.000275043892   0.000000000000   0.000000000000
  0.003796941648  -0.002183621569   0.000000000000
  0.002471120213   0.001263700324   0.000000000000
  0.006705866103   0.000001116059   0.000000000000
    1    2  0.0000  0.0150  0.0000
 -0.000000000000  -0.169461065364   0.000000000000
 -0.017396169095   0.016736139176   0.000000000000
  0.000268115398  -0.002640730425   0.000000000000
  0.000267755277  -0.002642260118   0.000000000000
 -0.017396449024   0.016736376114   0.000000000000
  0.017396169095   0.016736139176   0.000000000000
 -0.000000000000   0.046924790920   0.000000000000
  0.001203281741   0.001073638904   0.000000000000
 -0.002169762942   0.001220942430   0.000000000000
  0.000000314649   0.003150489516   0.000000000000
 -0.000268115398  -0.002640730425   0.000000000000
 -0.001203281741   0.001073638904   0.000000000000
 -0.000000000000  -0.003095794990   0.000000000000
 -0.000001200741   0.004972568012   0.000000000000
  0.002170966250   0.001219601986   0.000000000000
 -0.000267755277  -0.002642260118   0.000000000000
  0.002169762942   0.001220942430   0.000000000000
  0.000001200741   0.004972568012   0.000000000000
 -0.000000000000  -0.003095227000   0.000000000000
 -0.001204234955   0.001073662543   0.000000000000
  0.017396449024   0.016736376114   0.000000000000
 -0.000000314649   0.003150489516   0.000000000000
 -0.002170966250   0.001219601986   0.000000000000
  0.001204234955   0.001073662543   0.000000000000
 -0.000000000000   0.046926440157   0.000000000000
    1    3  0.0000  0.0000  0.0150
 -0.000000000000   0.000000000000  -0.023328528536
  0.000014982433  -0.000006616033   0.006230261464
  0.000008013312  -0.000004528309  -0.002528956897
 -0.000008013312   0.000004528309  -0.002528956897
 -0.000014982433   0.000006616033   0.006230261464
 -0.000014982433  -0.000006616033   0.006230261464
 -0.000000000000  -0.000017257190   0.006227400291
  0.000006674956  -0.000011054860  -0.001090528727
  0.000000252151  -0.000000130273   0.001278413399
 -0.000012181317   0.000000000000  -0.001092141205
 -0.000008013312  -0.000004528309  -0.002528956897
 -0.000006674956  -0.000011054860  -0.001090528727
 -0.000000000000  -0.000008794691  -0.002528572583
  0.000000281148  -0.000000000000   0.001279199287
  0.000000252151   0.000000130273   0.001278413399
  0.000008013312   0.000004528309  -0.002528956897
 -0.000000252151  -0.000000130273   0.001278413399
 -0.000000281148   0.000000000000   0.001279199287
  0.000000000000   0.000008794691  -0.002528572583
  0.000006674956   0.000011054860  -0.001090528727
  0.000014982433   0.000006616033   0.006230261464
  0.000012181317  -0.000000000000  -0.001092141205
 -0.000000252151   0.000000130273   0.001278413399
 -0.000006674956   0.000011054860  -0.001090528727
 -0.000000000000   0.000017257190   0.006227400291
