    2   18   54
  9.013  1.000
    1    1  0.0150  0.0000  0.0000
 -0.136163876319   0.000003090770   0.000001618993
  0.008100197328  -0.021364230533   0.005748545855
  0.008109554991  -0.013323415058  -0.007971665278
  0.038160261089  -0.004034717977  -0.013693674678
  0.008096454286   0.021360751717  -0.005747865907
  0.013957034880   0.000003654155   0.000003762930
  0.038169974575   0.004028933630   0.013694399631
  0.013985238529   0.000005168362  -0.000000215480
  0.008112035682   0.013329262395   0.007973524319
 -0.002409886678   0.002914014055  -0.023478368055
 -0.001326682390   0.001071989231   0.006615470002
  0.002610738962  -0.000001241574  -0.000000382515
 -0.002412215183  -0.002918878362   0.023477611923
 -0.003894066986  -0.000000995696  -0.000001526181
  0.005722337975  -0.005545552985  -0.004311589327
 -0.003216949858  -0.000000560393  -0.000001697199
 -0.001326130168  -0.001072349345  -0.006616201973
  0.005725979285   0.005545077609   0.004308252940
    1    2  0.0000  0.0150  0.0000
 -0.000023306646  -0.136143956994   0.000023262355
 -0.013341033691   0.028129883387  -0.012523771265
 -0.021396630353   0.028106427480   0.011234672769
  0.004022071529  -0.001911846243   0.001307983197
  0.013289662235   0.028150158562  -0.012503207744
  0.000035621847   0.013970717061   0.000000283207
 -0.004002321820  -0.001924095682   0.001262234446
  0.000040580982   0.013993684645   0.000006155843
  0.021353270094   0.028157684323   0.011219548870
  0.002917877699   0.000938023083   0.013553158521
  0.001075580445  -0.002573585125   0.003854650833
 -0.000005862526  -0.004095874850  -0.027118609118
 -0.002915723049   0.000939915759   0.013538431596
  0.000003654143   0.008935722623  -0.004991106260
 -0.005531832576  -0.000699625072   0.002470612684
 -0.000011896649  -0.000706627592  -0.007648903309
 -0.001085410259  -0.002584334900   0.003803115365
  0.005575698595  -0.000682270464   0.002511488010
    1    3  0.0000  0.0000  0.0150
  0.000001285232  -0.000043894027   0.007164415072
 -0.007985715905   0.011212854238  -0.014110542190
  0.005705731610  -0.012496101122  -0.014152995996
  0.013678761127   0.001242218044  -0.014131591193
  0.007984489712   0.011214000871  -0.014108861015
 -0.000001230634   0.000039488034  -0.005165990089
 -0.013678555390   0.001244606584  -0.014131627218
  0.000000316877   0.000054456232  -0.005169907580
 -0.005705553657  -0.012496457397  -0.014151256745
  0.008865499780  -0.005122885473   0.020728520783
 -0.001847896440  -0.001075795068   0.006851168730
 -0.000000376839   0.010242985721   0.020740574415
 -0.008866451655  -0.005122859972   0.020727328446
  0.000000769843   0.005793788207   0.001716664625
  0.004983056614  -0.002873046580   0.001760838330
 -0.000000104708   0.002135714243   0.006821967432
  0.001847862903  -0.001075756386   0.006851335934
 -0.004981888470  -0.002873316148   0.001759958257
    2    1  0.0150  0.0000  0.0000
  0.008102537479  -0.013333740620  -0.008027038655
 -0.136155250939  -0.000030627992   0.000032210083
  0.008076500402  -0.021341968233   0.005773331818
  0.013938338191   0.000001923854   0.000026421368
  0.038151935785  -0.004065731599  -0.013658070542
  0.008091197215   0.021371994160  -0.005724519262
  0.008136636464   0.013332808404   0.007999258129
  0.038173606523   0.004026407418   0.013713085169
  0.014010601496   0.000032545515   0.000021252914
  0.002588412566   0.000006717193  -0.000024266469
 -0.002407308667   0.002905356568  -0.023508551806
 -0.001325792082   0.001070483996   0.006605424724
  0.005736295804  -0.005516851945  -0.004337630917
 -0.002416188854  -0.002925031481   0.023472654093
 -0.003887868674  -0.000002515540  -0.000015285045
  0.005729258229   0.005542589123   0.004312280159
 -0.003219497822  -0.000006224574  -0.000019413091
 -0.001323413116  -0.001068134248  -0.006641142671
    2    2  0.0000  0.0150  0.0000
 -0.021395751277   0.028104219762   0.011235346316
 -0.000022629332  -0.136136984428   0.000023931823
 -0.013338617067   0.028127782474  -0.012522063989
  0.000035808809   0.013971536877   0.000000980970
  0.004021996168  -0.001911382077   0.001308441753
  0.013286991246   0.028147534601  -0.012501794623
  0.021352800760   0.028155943001   0.011220418679
 -0.004002845633  -0.001924307213   0.001262708210
  0.000041081780   0.013995582707   0.000008232076
 -0.000006435938  -0.004097556262  -0.027122688794
  0.002919379522   0.000937044857   0.013553882273
  0.001075058470  -0.002573360471   0.003856399761
 -0.005532463121  -0.000699788788   0.002471671712
 -0.002918313380   0.000938989598   0.013539517152
  0.000004088538   0.008935723638  -0.004999315664
  0.005577164318  -0.000682354972   0.002512524826
 -0.000012025769  -0.000705054845  -0.007652964756
 -0.001085288093  -0.002583568458   0.003804772275
    2    3  0.0000  0.0000  0.0150
  0.005707314173  -0.012499007913  -0.014152923895
  0.000001536479  -0.000037557970   0.007166634952
 -0.007983777482   0.011211802715  -0.014111196290
 -0.000001410904   0.000039565380  -0.005165671992
  0.013680225754   0.001243036006  -0.014131857040
  0.007982404407   0.011212936913  -0.014109706855
 -0.005707423560  -0.012499485816  -0.014151431820
 -0.013680112377   0.001245030358  -0.014131844401
  0.000000260753   0.000054952047  -0.005169234664
 -0.000000549752   0.010243811527   0.020740084396
  0.008867917706  -0.005123832097   0.020728159805
 -0.001848271343  -0.001075515844   0.006851921167
  0.004983342966  -0.002873857864   0.001761111173
 -0.008868181811  -0.005123624224   0.020727709528
  0.000000568921   0.005794978807   0.001714531705
 -0.004982180633  -0.002873825829   0.001760269230
 -0.000000013137   0.002136213561   0.006821300316
  0.001848349840  -0.001075619758   0.006852144686
    3    1  0.0150  0.0000  0.0000
  0.008076892906  -0.021342625916   0.005773263853
  0.008102919156  -0.013335282893  -0.008026145509
 -0.136158983551  -0.000030740075   0.000032724692
  0.008091819942   0.021372311733  -0.005724613582
  0.013937457866   0.000001856854   0.000026202843
  0.038153704551  -0.004065068470  -0.013658155839
  0.014009644358   0.000032606276   0.000021087132
  0.008137043633   0.013334318880   0.007999224413
  0.038175711728   0.004025757347   0.013713645764
 -0.001325682945   0.001071409099   0.006605551222
  0.002587904475   0.000006515047  -0.000024575743
 -0.002407650878   0.002905075448  -0.023508758025
 -0.003887782808  -0.000002735879  -0.000015580142
  0.005736522413  -0.005517212147  -0.004337750672
 -0.002417247753  -0.002924988163   0.023471300091
 -0.001323462416  -0.001068291245  -0.006640733979
  0.005730511744   0.005543413713   0.004312956543
 -0.003219322421  -0.000006319608  -0.000019643063
    3    2  0.0000  0.0150  0.0000
 -0.013338590790   0.028127810758  -0.012522076864
 -0.021395757335   0.028104246499   0.011235340981
 -0.000022667505  -0.136137023656   0.000023940837
  0.013286975495   0.028147553763  -0.012501800987
  0.000035801198   0.013971501856   0.000000962874
  0.004021996000  -0.001911396113   0.001308471132
  0.000041094331   0.013995560360   0.000008241369
  0.021352807515   0.028155995187   0.011220417118
 -0.004002823144  -0.001924298902   0.001262719916
  0.001075054913  -0.002573383722   0.003856400561
 -0.000006432618  -0.004097551925  -0.027122730501
  0.002919389264   0.000937041433   0.013553884537
  0.000004127851   0.008935695777  -0.004999276625
 -0.005532497052  -0.000699784285   0.002471699836
 -0.002918342549   0.000939015818   0.013539528097
 -0.001085294094  -0.002583565966   0.003804751175
  0.005577146688  -0.000682348488   0.002512505295
 -0.000011988168  -0.000705068394  -0.007652978750
    3    3  0.0000  0.0000  0.0150
 -0.007983795228   0.011211796969  -0.014111189235
  0.005707308019  -0.012499013810  -0.014152925938
  0.000001528488  -0.000037563371   0.007166633849
  0.007982396004   0.011212952115  -0.014109702368
 -0.000001413550   0.000039566384  -0.005165678941
  0.013680228863   0.001243028620  -0.014131853187
  0.000000265211   0.000054945440  -0.005169231703
 -0.005707422915  -0.012499488052  -0.014151432188
 -0.013680121490   0.001245044527  -0.014131838921
 -0.001848273900  -0.001075514525   0.006851927848
 -0.000000546928   0.010243811048   0.020740086914
  0.008867917839  -0.005123835264   0.020728163105
  0.000000570511   0.005794974330   0.001714522970
  0.004983347312  -0.002873860363   0.001761100916
 -0.008868169303  -0.005123626918   0.020727707485
  0.001848363049  -0.001075614416   0.006852148467
 -0.004982169010  -0.002873823295   0.001760274173
 -0.000000012974   0.002136220582   0.006821286753
    4    1  0.0150  0.0000  0.0000
  0.038176620406   0.004007204290   0.013721197739
  0.013989234685   0.000030340869   0.000022045711
  0.008099574002   0.013331525611   0.007938403232
 -0.136162442220  -0.000022957620   0.000031272670
  0.008086743623  -0.021369081164   0.005770617278
  0.008072806981  -0.013323782370  -0.007948354641
  0.038156470937  -0.004032965054  -0.013671128502
  0.008105018401   0.021391344068  -0.005723329146
  0.013996497411   0.000001634965   0.000023638980
 -0.003219720355  -0.000002479036  -0.000018709190
 -0.001324844363  -0.001086970051  -0.006636915533
  0.005735422981   0.005551240848   0.004300884005
 -0.002413362452   0.002915059048  -0.023499392167
 -0.001326088862   0.001072922236   0.006610852545
  0.002619315661   0.000007833709  -0.000021641116
 -0.002419829678  -0.002924653638   0.023462418192
 -0.003897702642  -0.000003063443  -0.000019638383
  0.005726285484  -0.005543153267  -0.004342221675
    4    2  0.0000  0.0150  0.0000
 -0.004002753414  -0.001924518068   0.001262739285
  0.000041412875   0.013995792870   0.000008311148
  0.021352794162   0.028156148813   0.011220207719
 -0.000022566437  -0.136137061994   0.000024007803
 -0.013338743121   0.028127538304  -0.012521755558
 -0.021395981948   0.028104408435   0.011235301151
  0.004022026440  -0.001911477664   0.001308680811
  0.013286953247   0.028147653600  -0.012501734958
  0.000036196439   0.013971922016   0.000001032634
 -0.000012254842  -0.000705067483  -0.007652804254
 -0.001085243677  -0.002583680783   0.003805028055
  0.005576620929  -0.000682385372   0.002511483859
  0.002919607463   0.000937229199   0.013553870474
  0.001075011707  -0.002573786552   0.003855776805
 -0.000006558207  -0.004097748275  -0.027122772435
 -0.002918573110   0.000939193500   0.013539660582
  0.000004538239   0.008935280541  -0.004998687943
 -0.005532486745  -0.000699441087   0.002471654824
    4    3  0.0000  0.0000  0.0150
 -0.013679336909   0.001244914577  -0.014131593246
  0.000000318211   0.000054916643  -0.005169333762
 -0.005707295789  -0.012498781138  -0.014151056528
  0.000001437748  -0.000037531870   0.007165639398
 -0.007983320578   0.011211181430  -0.014110885100
  0.005707152376  -0.012498384139  -0.014152708088
  0.013679579386   0.001242851926  -0.014131587813
  0.007981851678   0.011212485833  -0.014109319975
 -0.000001388338   0.000039539077  -0.005165634373
  0.000000033796   0.002136001046   0.006821173173
  0.001848046851  -0.001075469272   0.006851873267
 -0.004981815930  -0.002873696007   0.001760402676
  0.008867421007  -0.005123496491   0.020728155238
 -0.001848055743  -0.001075478581   0.006851805990
 -0.000000615572   0.010243291709   0.020739844389
 -0.008867720050  -0.005123279132   0.020727551558
  0.000000585469   0.005794635306   0.001714637895
  0.004983122388  -0.002873700918   0.001761035301
    5    1  0.0150  0.0000  0.0000
  0.008136865291   0.013333074824   0.007999073718
  0.038173879616   0.004026358263   0.013713466288
  0.014010704090   0.000032598505   0.000020924094
  0.008102489894  -0.013333919802  -0.008026258436
 -0.136155363329  -0.000030710257   0.000032516836
  0.008076309015  -0.021342372597   0.005773329101
  0.013938378205   0.000002076330   0.000026168058
  0.038152122906  -0.004065767446  -0.013658370016
  0.008091315865   0.021371910240  -0.005724454483
  0.005729701178   0.005542935951   0.004312358451
 -0.003219499989  -0.000006246393  -0.000019438075
 -0.001323528532  -0.001068254869  -0.006640628297
  0.002588213585   0.000006723032  -0.000024501509
 -0.002407444590   0.002905226273  -0.023508474523
 -0.001325746167   0.001070763785   0.006605035425
  0.005736346341  -0.005516642969  -0.004337374694
 -0.002416897954  -0.002925096406   0.023472015911
 -0.003887845427  -0.000002656464  -0.000015387847
    5    2  0.0000  0.0150  0.0000
  0.021352816660   0.028155982281   0.011220404539
 -0.004002833234  -0.001924302655   0.001262716492
  0.000041074826   0.013995558371   0.000008244746
 -0.021395764084   0.028104247228   0.011235345789
 -0.000022648609  -0.136137053369   0.000023936417
 -0.013338573143   0.028127819301  -0.012522073547
  0.000035794886   0.013971504984   0.000000981215
  0.004022018223  -0.001911390358   0.001308458929
  0.013286992512   0.028147559278  -0.012501779564
  0.005577129593  -0.000682351945   0.002512521286
 -0.000012038135  -0.000705037523  -0.007652981800
 -0.001085292403  -0.002583560608   0.003804758242
 -0.000006404749  -0.004097574911  -0.027122734311
  0.002919395689   0.000937040250   0.013553874957
  0.001075038896  -0.002573379458   0.003856420988
 -0.005532483089  -0.000699801341   0.002471687550
 -0.002918316472   0.000939015833   0.013539518908
  0.000004092632   0.008935724639  -0.004999300835
    5    3  0.0000  0.0000  0.0150
 -0.005707421483  -0.012499492563  -0.014151430570
 -0.013680123180   0.001245044077  -0.014131836257
  0.000000266045   0.000054946742  -0.005169237669
  0.005707304528  -0.012499010647  -0.014152923076
  0.000001525629  -0.000037566211   0.007166629596
 -0.007983792451   0.011211807788  -0.014111193557
 -0.000001420481   0.000039559961  -0.005165676845
  0.013680229635   0.001243033523  -0.014131847393
  0.007982401679   0.011212955506  -0.014109701212
 -0.004982172057  -0.002873821872   0.001760275437
 -0.000000011392   0.002136214683   0.006821286387
  0.001848350432  -0.001075613060   0.006852143559
 -0.000000546775   0.010243810609   0.020740088341
  0.008867917126  -0.005123834960   0.020728160185
 -0.001848266934  -0.001075515561   0.006851927752
  0.004983351464  -0.002873861705   0.001761105596
 -0.008868161972  -0.005123628576   0.020727698928
  0.000000570190   0.005794972267   0.001714530798
    6    1  0.0150  0.0000  0.0000
  0.014009656484   0.000032600253   0.000021085722
  0.008137037495   0.013334319568   0.007999218313
  0.038175712681   0.004025766717   0.013713647537
  0.008076887103  -0.021342627101   0.005773259199
  0.008102920717  -0.013335282881  -0.008026140356
 -0.136158980558  -0.000030739785   0.000032727408
  0.008091813841   0.021372315826  -0.005724610891
  0.013937461539   0.000001850102   0.000026206478
  0.038153703201  -0.004065069199  -0.013658158230
 -0.001323461297  -0.001068296525  -0.006640741832
  0.005730507540   0.005543409288   0.004312951289
 -0.003219321295  -0.000006321615  -0.000019640043
 -0.001325693390   0.001071410854   0.006605555676
  0.002587911704   0.000006515755  -0.000024571479
 -0.002407649234   0.002905084063  -0.023508756058
 -0.003887780764  -0.000002738149  -0.000015581299
  0.005736519010  -0.005517208974  -0.004337753265
 -0.002417244776  -0.002924988197   0.023471301833
    6    2  0.0000  0.0150  0.0000
  0.000041092270   0.013995558449   0.000008241208
  0.021352812149   0.028155996630   0.011220414741
 -0.004002820481  -0.001924296167   0.001262719352
 -0.013338592712   0.028127806292  -0.012522071211
 -0.021395762992   0.028104251297   0.011235342695
 -0.000022672806  -0.136137031530   0.000023939067
  0.013286977935   0.028147557798  -0.012501798703
  0.000035800070   0.013971500739   0.000000965637
  0.004021999052  -0.001911399087   0.001308468949
 -0.001085294957  -0.002583562521   0.003804755275
  0.005577147687  -0.000682353324   0.002512509568
 -0.000011987664  -0.000705057516  -0.007652985239
  0.001075055785  -0.002573386534   0.003856392152
 -0.000006433284  -0.004097552891  -0.027122730283
  0.002919388464   0.000937043337   0.013553888342
  0.000004125761   0.008935695852  -0.004999280894
 -0.005532498477  -0.000699784411   0.002471700098
 -0.002918335800   0.000939013586   0.013539529245
    6    3  0.0000  0.0000  0.0150
  0.000000265638   0.000054942676  -0.005169230599
 -0.005707426723  -0.012499488220  -0.014151431209
 -0.013680120201   0.001245042721  -0.014131840661
 -0.007983795547   0.011211796146  -0.014111189262
  0.005707307986  -0.012499014841  -0.014152924601
  0.000001527635  -0.000037559691   0.007166633293
  0.007982394780   0.011212949600  -0.014109702940
 -0.000001413291   0.000039567539  -0.005165679068
  0.013680229158   0.001243029427  -0.014131854700
  0.001848361699  -0.001075613647   0.006852149532
 -0.004982167987  -0.002873820604   0.001760276564
 -0.000000013552   0.002136222631   0.006821286184
 -0.001848273773  -0.001075513714   0.006851929692
 -0.000000546841   0.010243810905   0.020740085606
  0.008867917699  -0.005123836991   0.020728161875
  0.000000570376   0.005794976210   0.001714519912
  0.004983350748  -0.002873860648   0.001761100055
 -0.008868167806  -0.005123629497   0.020727710326
    7    1  0.0150  0.0000  0.0000
  0.038156469710  -0.004032963026  -0.013671128312
  0.008105017383   0.021391342408  -0.005723328171
  0.013996496678   0.000001633277   0.000023638884
  0.038176622568   0.004007203865   0.013721197711
  0.013989233934   0.000030342176   0.000022046548
  0.008099575867   0.013331525637   0.007938403547
 -0.136162444450  -0.000022958126   0.000031273733
  0.008086744813  -0.021369081974   0.005770617564
  0.008072805152  -0.013323783384  -0.007948357480
 -0.002419830217  -0.002924652814   0.023462418277
 -0.003897703307  -0.000003062820  -0.000019638998
  0.005726288338  -0.005543155583  -0.004342221675
 -0.003219720914  -0.000002478886  -0.000018708440
 -0.001324842767  -0.001086968432  -0.006636917930
  0.005735424326   0.005551241321   0.004300883324
 -0.002413361851   0.002915058473  -0.023499390814
 -0.001326090696   0.001072924455   0.006610852011
  0.002619315433   0.000007833433  -0.000021639779
    7    2  0.0000  0.0150  0.0000
  0.004022026745  -0.001911477957   0.001308680689
  0.013286954265   0.028147655064  -0.012501734339
  0.000036196021   0.013971921187   0.000001032457
 -0.004002753035  -0.001924518139   0.001262740035
  0.000041413216   0.013995792643   0.000008311567
  0.021352793378   0.028156149179   0.011220207833
 -0.000022568448  -0.136137063222   0.000024007521
 -0.013338744606   0.028127538847  -0.012521755966
 -0.021395981890   0.028104407741   0.011235301529
 -0.002918573332   0.000939193277   0.013539660082
  0.000004539067   0.008935279501  -0.004998686886
 -0.005532485260  -0.000699441162   0.002471655331
 -0.000012255166  -0.000705068115  -0.007652804210
 -0.001085243589  -0.002583680069   0.003805027086
  0.005576620936  -0.000682385201   0.002511483549
  0.002919607047   0.000937229910   0.013553870737
  0.001075010889  -0.002573785657   0.003855776880
 -0.000006556237  -0.004097747828  -0.027122773895
    7    3  0.0000  0.0000  0.0150
  0.013679579379   0.001242851148  -0.014131588081
  0.007981850395   0.011212486238  -0.014109319661
 -0.000001389030   0.000039538678  -0.005165634159
 -0.013679337482   0.001244915109  -0.014131592198
  0.000000318021   0.000054917378  -0.005169334417
 -0.005707295749  -0.012498782932  -0.014151056816
  0.000001437922  -0.000037530769   0.007165638976
 -0.007983320024   0.011211181822  -0.014110885757
  0.005707153017  -0.012498384901  -0.014152707708
 -0.008867721580  -0.005123278579   0.020727550802
  0.000000587017   0.005794635563   0.001714637975
  0.004983121707  -0.002873699787   0.001761036118
  0.000000034035   0.002135999869   0.006821173139
  0.001848046400  -0.001075469326   0.006851873278
 -0.004981815564  -0.002873695991   0.001760402392
  0.008867422210  -0.005123496784   0.020728155123
 -0.001848055324  -0.001075478497   0.006851806194
 -0.000000615351   0.010243291761   0.020739844800
    8    1  0.0150  0.0000  0.0000
  0.013938377812   0.000002075620   0.000026168532
  0.038152122482  -0.004065766930  -0.013658370196
  0.008091315417   0.021371909123  -0.005724455023
  0.008136865723   0.013333074927   0.007999074480
  0.038173880608   0.004026359310   0.013713466415
  0.014010704412   0.000032597497   0.000020923793
  0.008102490249  -0.013333919621  -0.008026258016
 -0.136155363115  -0.000030710300   0.000032516580
  0.008076309777  -0.021342372468   0.005773329038
  0.005736346612  -0.005516643117  -0.004337375513
 -0.002416897835  -0.002925096262   0.023472016913
 -0.003887844766  -0.000002657129  -0.000015388104
  0.005729701298   0.005542936675   0.004312357482
 -0.003219499966  -0.000006246353  -0.000019438432
 -0.001323530005  -0.001068254874  -0.006640627588
  0.002588213238   0.000006723098  -0.000024501472
 -0.002407445272   0.002905226967  -0.023508473436
 -0.001325746669   0.001070763838   0.006605034548
    8    2  0.0000  0.0150  0.0000
  0.000035794568   0.013971505329   0.000000980788
  0.004022018253  -0.001911390274   0.001308458592
  0.013286992455   0.028147559084  -0.012501779949
  0.021352816799   0.028155982852   0.011220404360
 -0.004002833036  -0.001924302562   0.001262716673
  0.000041074667   0.013995557996   0.000008244553
 -0.021395763793   0.028104247492   0.011235345204
 -0.000022649381  -0.136137053354   0.000023936550
 -0.013338573337   0.028127818818  -0.012522073340
 -0.005532482895  -0.000699801177   0.002471687832
 -0.002918316758   0.000939014961   0.013539518916
  0.000004091531   0.008935724102  -0.004999300630
  0.005577129961  -0.000682351733   0.002512521864
 -0.000012038183  -0.000705037302  -0.007652981145
 -0.001085292766  -0.002583560474   0.003804758699
 -0.000006404164  -0.004097574198  -0.027122734612
  0.002919396580   0.000937040376   0.013553875080
  0.001075039498  -0.002573379936   0.003856420565
    8    3  0.0000  0.0000  0.0150
 -0.000001420745   0.000039559859  -0.005165676457
  0.013680229129   0.001243033294  -0.014131847253
  0.007982401500   0.011212954784  -0.014109701431
 -0.005707421038  -0.012499493123  -0.014151430583
 -0.013680122939   0.001245044230  -0.014131836122
  0.000000265906   0.000054946797  -0.005169238031
  0.005707304149  -0.012499010325  -0.014152922792
  0.000001526071  -0.000037565782   0.007166629389
 -0.007983792070   0.011211807448  -0.014111193679
  0.004983351250  -0.002873861914   0.001761105219
 -0.008868162088  -0.005123628383   0.020727698833
  0.000000570527   0.005794972436   0.001714530493
 -0.004982172328  -0.002873821383   0.001760275693
 -0.000000011455   0.002136214741   0.006821287146
  0.001848350367  -0.001075612681   0.006852143570
 -0.000000546296   0.010243810378   0.020740088452
  0.008867916931  -0.005123834985   0.020728160117
 -0.001848266872  -0.001075515391   0.006851927435
    9    1  0.0150  0.0000  0.0000
  0.008091813676   0.021372315684  -0.005724611012
  0.013937460883   0.000001849714   0.000026206755
  0.038153703394  -0.004065069023  -0.013658158375
  0.014009656660   0.000032600367   0.000021086037
  0.008137037721   0.013334319841   0.007999217913
  0.038175714313   0.004025766964   0.013713647126
  0.008076887189  -0.021342627016   0.005773258934
  0.008102921071  -0.013335283259  -0.008026140277
 -0.136158982221  -0.000030739932   0.000032727327
 -0.003887780551  -0.000002737875  -0.000015581390
  0.005736518897  -0.005517209527  -0.004337753299
 -0.002417244641  -0.002924987947   0.023471301734
 -0.001323461257  -0.001068296825  -0.006640741700
  0.005730507574   0.005543409036   0.004312951401
 -0.003219321236  -0.000006321431  -0.000019639985
 -0.001325693689   0.001071410958   0.006605555897
  0.002587911645   0.000006515805  -0.000024571251
 -0.002407649427   0.002905084466  -0.023508755836
    9    2  0.0000  0.0150  0.0000
  0.013286978057   0.028147557398  -0.012501798209
  0.000035799935   0.013971500876   0.000000966258
  0.004021998727  -0.001911399253   0.001308468943
  0.000041092145   0.013995558965   0.000008241715
  0.021352812686   0.028155997102   0.011220415426
 -0.004002820312  -0.001924296301   0.001262719430
 -0.013338592905   0.028127806608  -0.012522070770
 -0.021395763258   0.028104251651   0.011235343023
 -0.000022673144  -0.136137031676   0.000023939029
  0.000004125731   0.008935695896  -0.004999281434
 -0.005532498049  -0.000699784343   0.002471699679
 -0.002918335385   0.000939014495   0.013539529061
 -0.001085294226  -0.002583562389   0.003804754706
  0.005577147489  -0.000682353562   0.002512509012
 -0.000011987620  -0.000705057430  -0.007652985948
  0.001075055882  -0.002573386896   0.003856391800
 -0.000006433714  -0.004097554640  -0.027122729804
  0.002919387963   0.000937043499   0.013553888082
    9    3  0.0000  0.0000  0.0150
  0.007982394526   0.011212949523  -0.014109702959
 -0.000001413221   0.000039567743  -0.005165679195
  0.013680229058   0.001243029161  -0.014131854674
  0.000000265366   0.000054942698  -0.005169230751
 -0.005707426589  -0.012499488517  -0.014151431233
 -0.013680120181   0.001245042668  -0.014131840611
 -0.007983795484   0.011211795702  -0.014111189169
  0.005707307649  -0.012499014677  -0.014152924452
  0.000001527696  -0.000037559574   0.007166633419
  0.000000570679   0.005794976301   0.001714519869
  0.004983350623  -0.002873860463   0.001761100184
 -0.008868168057  -0.005123629474   0.020727710090
  0.001848361810  -0.001075613576   0.006852149715
 -0.004982167758  -0.002873820465   0.001760276530
 -0.000000013616   0.002136222650   0.006821286287
 -0.001848273738  -0.001075513653   0.006851929496
 -0.000000546670   0.010243810816   0.020740085742
  0.008867917907  -0.005123836862   0.020728161712
   10    1  0.0150  0.0000  0.0000
 -0.002446192783   0.002918042959   0.008921985664
  0.002666931021  -0.000001161151   0.000032584379
 -0.001413935003   0.001063380671  -0.001853638696
 -0.003210006791  -0.000000493752   0.000034723347
  0.005631599904   0.005478663081  -0.004979711325
 -0.001364091021  -0.001056525169   0.001881176434
 -0.002437256024  -0.002974133569  -0.008900673715
  0.005605320357  -0.005450967907   0.005008406934
 -0.003825559292   0.000004526663  -0.000023949832
 -0.030342856822   0.000017062206  -0.000016924490
  0.001895897173  -0.010398594796   0.001537481691
  0.001910838081   0.005075362267  -0.000671670292
  0.006501408081  -0.007741755418  -0.002229006622
  0.001872700916   0.010388728896  -0.001573086203
  0.005319693155   0.000021091809  -0.000012993134
  0.006458144930   0.007726169829   0.002200129193
  0.005311030397  -0.000024767082  -0.000010457534
  0.001866333722  -0.005044629536   0.000655624201
   10    2  0.0000  0.0150  0.0000
  0.002959115019   0.000969626510  -0.005161790541
  0.000014604822  -0.004139825268   0.010293166115
  0.001035767581  -0.002610846688  -0.001095463670
  0.000000167141  -0.000777512450   0.002160758732
  0.005452781265  -0.000707399556  -0.002898837090
 -0.001067868915  -0.002594416740  -0.001061948626
 -0.002956490962   0.000951420447  -0.005142423636
 -0.005463062067  -0.000658949229  -0.002870819425
  0.000029794455   0.008776276211   0.005776277712
 -0.000035710177  -0.030348434585   0.000017784562
  0.005065084339   0.004934132868  -0.001662562575
 -0.010403647060   0.004944139237   0.002172982019
  0.007744648059   0.000340255678  -0.000514550488
 -0.005088020519   0.004971534285  -0.001666010909
  0.000016685882   0.005322173761  -0.000002588483
 -0.007707687934   0.000352312823  -0.000512300194
  0.000014883585   0.005316073280  -0.000002523556
  0.010388955486   0.004959439418   0.002170850054
   10    3  0.0000  0.0000  0.0150
 -0.023535458767   0.013659871628   0.020915264860
  0.000000321632  -0.027061684952   0.020547879432
  0.006678622240   0.003653284753   0.006921686566
 -0.000000530945  -0.007496169486   0.006768481566
  0.004262813312   0.002459525499   0.001833586160
 -0.006678333035   0.003653268528   0.006922451745
  0.023536317931   0.013660057521   0.020914079180
 -0.004263059029   0.002459358804   0.001834916508
 -0.000000574503  -0.004966761258   0.001688806257
  0.000000402095  -0.000203944730  -0.051635069248
 -0.000754636188   0.002226579693  -0.006971766703
  0.001557178580  -0.001538925939  -0.007002057725
  0.002091920535  -0.000504917301  -0.006978976924
  0.000753855615   0.002226312424  -0.006971845027
 -0.000000475237  -0.000090831806   0.002594955708
 -0.002092419834  -0.000504499409  -0.006978088480
  0.000000801803  -0.000091057968   0.002596785568
 -0.001556746204  -0.001539466001  -0.007001089444
   11    1  0.0150  0.0000  0.0000
 -0.001326664239   0.001152865777  -0.001766806254
 -0.002348431469   0.002963768911   0.008711388477
  0.002652275107  -0.000026536248  -0.000003595826
 -0.001362697412  -0.001128741865   0.001759870160
 -0.003446257129  -0.000019410468   0.000001846397
  0.005650907590   0.005439723830  -0.004892006726
 -0.003902330063  -0.000010649830   0.000002120646
 -0.002319282812  -0.002949849789  -0.008706911841
  0.005621272912  -0.005439493395   0.004897604501
  0.001935027252   0.004960625477  -0.000649440176
 -0.030521089089  -0.000011903251   0.000003383840
  0.001923596936  -0.010317631878   0.001536867421
  0.005189591948  -0.000006414077  -0.000002919572
  0.006568437977  -0.007672274353  -0.002200483689
  0.001919445575   0.010354573243  -0.001545346414
  0.001957445784  -0.004955773513   0.000661103406
  0.006592696020   0.007644362684   0.002195808366
  0.005216055113   0.000022758746  -0.000002482716
   11    2  0.0000  0.0150  0.0000
  0.001035914642  -0.002611787788  -0.001095138784
  0.002958931297   0.000969273795  -0.005163233715
  0.000013964743  -0.004140075330   0.010292641292
 -0.001068481590  -0.002595036340  -0.001063144745
 -0.000000317843  -0.000777452476   0.002158540913
  0.005453302979  -0.000707914607  -0.002899501950
  0.000029659976   0.008776360336   0.005774680234
 -0.002955806286   0.000950959672  -0.005143762929
 -0.005463230910  -0.000658275100  -0.002872142730
 -0.010404055439   0.004944460376   0.002174331541
 -0.000035864357  -0.030348265238   0.000018197837
  0.005065242477   0.004934347991  -0.001661914267
  0.000016714451   0.005322425311  -0.000001463339
  0.007745694598   0.000340024898  -0.000513689789
 -0.005087906529   0.004972565900  -0.001665811669
  0.010389384247   0.004959329049   0.002173095439
 -0.007707630967   0.000353075678  -0.000510374675
  0.000014484512   0.005315983873  -0.000001308665
   11    3  0.0000  0.0000  0.0150
  0.006679295913   0.003654011474   0.006920545371
 -0.023535405834   0.013658919323   0.020913755965
 -0.000000650339  -0.027062724546   0.020549803611
 -0.006678583438   0.003652384637   0.006920236657
 -0.000000212703  -0.007497431914   0.006769107483
  0.004263904284   0.002461327213   0.001833342538
 -0.000000908798  -0.004968169872   0.001688610486
  0.023536158486   0.013660073030   0.020913052715
 -0.004263523787   0.002459749171   0.001834356686
  0.001555642660  -0.001539121484  -0.007000666314
  0.000000867836  -0.000201763008  -0.051635046649
 -0.000755676781   0.002226625971  -0.006971186197
  0.000000846641  -0.000090460779   0.002594802045
  0.002092056225  -0.000505564099  -0.006978179957
  0.000755481658   0.002226868026  -0.006970328051
 -0.001556506093  -0.001540209639  -0.007000787652
 -0.002093042022  -0.000504683580  -0.006978352559
  0.000000256094  -0.000089829925   0.002596933823
   12    1  0.0150  0.0000  0.0000
  0.002652330053  -0.000026518180  -0.000003594469
 -0.001326650676   0.001152852225  -0.001766792700
 -0.002348506575   0.002963735432   0.008711469849
  0.005650911182   0.005439718914  -0.004891975052
 -0.001362666832  -0.001128750718   0.001759863486
 -0.003446241177  -0.000019362946   0.000001855333
  0.005621270734  -0.005439504294   0.004897569417
 -0.003902379919  -0.000010705678   0.000002098728
 -0.002319261686  -0.002949870597  -0.008706961271
  0.001923599743  -0.010317610832   0.001536807778
  0.001934966633   0.004960700383  -0.000649399807
 -0.030521098075  -0.000011996350   0.000003434220
  0.001919533598   0.010354638026  -0.001545323967
  0.005189594705  -0.000006452758  -0.000002920327
  0.006568502461  -0.007672218584  -0.002200547632
  0.005215982952   0.000022736953  -0.000002434957
  0.001957422492  -0.004955771917   0.000661026875
  0.006592690386   0.007644380921   0.002195824498
   12    2  0.0000  0.0150  0.0000
  0.000013953046  -0.004140081951   0.010292676062
  0.001035900881  -0.002611807559  -0.001095131191
  0.002958926450   0.000969277747  -0.005163231706
  0.005453296012  -0.000707923033  -0.002899512888
 -0.001068467289  -0.002595046727  -0.001063151096
 -0.000000308782  -0.000777468401   0.002158540166
 -0.005463219327  -0.000658290950  -0.002872146484
  0.000029650680   0.008776369077   0.005774709857
 -0.002955799955   0.000950959514  -0.005143764242
  0.005065252305   0.004934364431  -0.001661963872
 -0.010404060677   0.004944449112   0.002174325941
 -0.000035847242  -0.030348252164   0.000018211322
 -0.005087920100   0.004972573341  -0.001665815942
  0.000016722056   0.005322434121  -0.000001461699
  0.007745685930   0.000340030255  -0.000513675897
  0.000014486744   0.005315980338  -0.000001331541
  0.010389365984   0.004959358077   0.002173081935
 -0.007707616718   0.000353074774  -0.000510358726
   12    3  0.0000  0.0000  0.0150
 -0.000000640751  -0.027062729744   0.020549814941
  0.006679288052   0.003654008336   0.006920546575
 -0.023535404023   0.013658924692   0.020913749947
  0.004263901060   0.002461332110   0.001833344226
 -0.006678579642   0.003652386548   0.006920238959
 -0.000000211854  -0.007497426468   0.006769107505
 -0.004263527435   0.002459749169   0.001834356186
 -0.000000905745  -0.004968177513   0.001688609359
  0.023536160878   0.013660081285   0.020913050317
 -0.000755673173   0.002226638061  -0.006971196431
  0.001555662856  -0.001539131415  -0.007000671908
  0.000000868307  -0.000201764629  -0.051635044180
  0.000755478974   0.002226874245  -0.006970338509
  0.000000839070  -0.000090471479   0.002594798316
  0.002092046388  -0.000505561756  -0.006978175534
  0.000000253948  -0.000089837892   0.002596952562
 -0.001556520723  -0.001540210842  -0.007000788798
 -0.002093036187  -0.000504682709  -0.006978353534
   13    1  0.0150  0.0000  0.0000
 -0.002358014767  -0.002899166367  -0.008719646491
  0.005563315754  -0.005510885124   0.004901057218
 -0.003824483822  -0.000002033823   0.000001370718
 -0.002383977178   0.002905868914   0.008710295573
  0.002773904825  -0.000024657849  -0.000003547167
 -0.001373889558   0.001232666575  -0.001766776876
 -0.003375449775  -0.000015822645   0.000001132256
  0.005590240221   0.005501748204  -0.004901321933
 -0.001402411910  -0.001204879659   0.001774939148
  0.006591449487   0.007637119726   0.002195595397
  0.005204033246   0.000020683491  -0.000001924976
  0.001934038197  -0.004945120010   0.000673638434
 -0.030526715886  -0.000002572931   0.000003113257
  0.001932185986  -0.010341203977   0.001530380393
  0.001909766243   0.004954380086  -0.000660352844
  0.006573784532  -0.007667878668  -0.002201856424
  0.001934725155   0.010366301226  -0.001533844163
  0.005237499250  -0.000004547169  -0.000002251519
   13    2  0.0000  0.0150  0.0000
 -0.002955675686   0.000951154433  -0.005143822587
 -0.005463231220  -0.000658543677  -0.002871905523
  0.000029691380   0.008776551338   0.005775546137
  0.002958983692   0.000969035923  -0.005163079200
  0.000013818265  -0.004139932856   0.010292830523
  0.001036129865  -0.002611693365  -0.001095832187
 -0.000000355993  -0.000777410924   0.002159032760
  0.005453170760  -0.000707961000  -0.002900434896
 -0.001068465210  -0.002595124997  -0.001063068819
 -0.007707933116   0.000353171470  -0.000510458911
  0.000014746470   0.005316039251  -0.000001169067
  0.010389242822   0.004959344801   0.002172919529
 -0.000035658691  -0.030347898739   0.000018279029
  0.005065394981   0.004934048264  -0.001662140887
 -0.010403899251   0.004944381963   0.002173863917
  0.007745368990   0.000340311735  -0.000513505194
 -0.005088041762   0.004972118500  -0.001665724597
  0.000016713704   0.005322407879  -0.000001330029
   13    3  0.0000  0.0000  0.0150
  0.023534923922   0.013660473394   0.020912636809
 -0.004264244566   0.002459637287   0.001833983847
 -0.000000960489  -0.004968530496   0.001688724896
 -0.023534087351   0.013660035591   0.020913405326
 -0.000000014984  -0.027064458284   0.020552344502
  0.006680133118   0.003653457580   0.006920616074
 -0.000000333434  -0.007497417476   0.006768565902
  0.004264137819   0.002460496084   0.001832800743
 -0.006679442219   0.003652796749   0.006920781352
 -0.002093155164  -0.000505019361  -0.006979155588
  0.000000547062  -0.000090029188   0.002597242892
 -0.001555496546  -0.001540783641  -0.007002912250
  0.000000498080  -0.000196598725  -0.051630987005
 -0.000754492612   0.002226189932  -0.006970472639
  0.001555284819  -0.001539495814  -0.007003447806
  0.002092291306  -0.000505702353  -0.006979645087
  0.000754118033   0.002226186311  -0.006969969592
  0.000000293203  -0.000091237590   0.002595487623
   14    1  0.0150  0.0000  0.0000
 -0.003902390626  -0.000010685029   0.000002121175
 -0.002319309523  -0.002949876500  -0.008706955232
  0.005621248935  -0.005439519952   0.004897565638
 -0.001326656438   0.001152839390  -0.001766796649
 -0.002348508706   0.002963753778   0.008711517218
  0.002652338547  -0.000026496574  -0.000003589221
 -0.001362653688  -0.001128745752   0.001759886772
 -0.003446245650  -0.000019355044   0.000001869681
  0.005650908135   0.005439731352  -0.004891952624
  0.001957421464  -0.004955786759   0.000661020241
  0.006592699814   0.007644385706   0.002195854694
  0.005215985448   0.000022720686  -0.000002436314
  0.001934985092   0.004960666674  -0.000649417387
 -0.030521073779  -0.000011943043   0.000003397274
  0.001923649315  -0.010317570455   0.001536799291
  0.005189595165  -0.000006458710  -0.000002916395
  0.006568489968  -0.007672244596  -0.002200602131
  0.001919516528   0.010354584829  -0.001545366032
   14    2  0.0000  0.0150  0.0000
  0.000029647126   0.008776371075   0.005774707774
 -0.002955799962   0.000950959477  -0.005143765373
 -0.005463219800  -0.000658290942  -0.002872144922
  0.001035904572  -0.002611808782  -0.001095128698
  0.002958925037   0.000969278440  -0.005163228909
  0.000013952457  -0.004140078998   0.010292679038
 -0.001068468395  -0.002595047193  -0.001063149974
 -0.000000307308  -0.000777467820   0.002158539931
  0.005453293227  -0.000707920101  -0.002899511007
  0.010389369637   0.004959361264   0.002173082904
 -0.007707615418   0.000353072395  -0.000510363200
  0.000014487156   0.005315980677  -0.000001332098
 -0.010404057969   0.004944447477   0.002174324675
 -0.000035850107  -0.030348251582   0.000018209643
  0.005065252121   0.004934363414  -0.001661963336
  0.000016721751   0.005322431927  -0.000001464636
  0.007745686650   0.000340029275  -0.000513676239
 -0.005087920776   0.004972569998  -0.001665815574
   14    3  0.0000  0.0000  0.0150
 -0.000000907628  -0.004968175718   0.001688610037
  0.023536160023   0.013660080982   0.020913052646
 -0.004263529580   0.002459749012   0.001834355391
  0.006679289547   0.003654007910   0.006920547901
 -0.023535404030   0.013658926111   0.020913749874
 -0.000000638522  -0.027062729534   0.020549815423
 -0.006678579943   0.003652385397   0.006920239577
 -0.000000212350  -0.007497425560   0.006769106452
  0.004263901573   0.002461333221   0.001833345570
 -0.001556522138  -0.001540211603  -0.007000793370
 -0.002093033961  -0.000504682693  -0.006978354329
  0.000000255338  -0.000089836989   0.002596950797
  0.001555659810  -0.001539131276  -0.007000672173
  0.000000866154  -0.000201768510  -0.051635045363
 -0.000755672682   0.002226637683  -0.006971194684
  0.000000840149  -0.000090471307   0.002594799807
  0.002092048508  -0.000505561673  -0.006978175571
  0.000755479730   0.002226874547  -0.006970337986
   15    1  0.0150  0.0000  0.0000
  0.005621271934  -0.005439506713   0.004897559239
 -0.003902381902  -0.000010707963   0.000002096060
 -0.002319266527  -0.002949864621  -0.008706958805
  0.002652329887  -0.000026524927  -0.000003596355
 -0.001326655507   0.001152859871  -0.001766786607
 -0.002348504452   0.002963732337   0.008711473544
  0.005650913837   0.005439715249  -0.004891976606
 -0.001362660047  -0.001128752304   0.001759866065
 -0.003446240943  -0.000019362234   0.000001862856
  0.005215974599   0.000022737110  -0.000002437038
  0.001957417846  -0.004955774192   0.000661027430
  0.006592691158   0.007644376897   0.002195825562
  0.001923606191  -0.010317604045   0.001536812563
  0.001934966237   0.004960703999  -0.000649412366
 -0.030521091532  -0.000011996999   0.000003434717
  0.001919538026   0.010354645181  -0.001545333793
  0.005189591672  -0.000006453645  -0.000002917578
  0.006568499524  -0.007672223002  -0.002200538890
   15    2  0.0000  0.0150  0.0000
 -0.005463219935  -0.000658289547  -0.002872148126
  0.000029649286   0.008776368234   0.005774708483
 -0.002955798930   0.000950959876  -0.005143763326
  0.000013953575  -0.004140080961   0.010292676902
  0.001035900046  -0.002611809084  -0.001095129486
  0.002958926756   0.000969278297  -0.005163229718
  0.005453296556  -0.000707924233  -0.002899514357
 -0.001068468899  -0.002595047778  -0.001063151712
 -0.000000309809  -0.000777467201   0.002158541244
  0.000014486632   0.005315979586  -0.000001332772
  0.010389366544   0.004959357849   0.002173083497
 -0.007707616971   0.000353073091  -0.000510358071
  0.005065253010   0.004934367407  -0.001661965678
 -0.010404058280   0.004944449606   0.002174330231
 -0.000035849324  -0.030348254771   0.000018210686
 -0.005087919221   0.004972573440  -0.001665817864
  0.000016721884   0.005322434722  -0.000001462287
  0.007745687078   0.000340031466  -0.000513677645
   15    3  0.0000  0.0000  0.0150
 -0.004263526748   0.002459750324   0.001834355674
 -0.000000906334  -0.004968177093   0.001688608043
  0.023536161137   0.013660079988   0.020913049126
 -0.000000640356  -0.027062729100   0.020549816213
  0.006679287406   0.003654007409   0.006920544960
 -0.023535403959   0.013658925051   0.020913751841
  0.004263900400   0.002461331712   0.001833344053
 -0.006678579436   0.003652386498   0.006920240618
 -0.000000211248  -0.007497424983   0.006769107564
  0.000000252780  -0.000089838660   0.002596952600
 -0.001556521588  -0.001540210414  -0.007000786812
 -0.002093034684  -0.000504683203  -0.006978354605
 -0.000755675091   0.002226637943  -0.006971198128
  0.001555660917  -0.001539129993  -0.007000673569
  0.000000873433  -0.000201766743  -0.051635041512
  0.000755477134   0.002226875688  -0.006970338703
  0.000000840309  -0.000090472233   0.002594797450
  0.002092045929  -0.000505562192  -0.006978174812
   16    1  0.0150  0.0000  0.0000
 -0.003375449670  -0.000015820935   0.000001133769
  0.005590239951   0.005501747859  -0.004901323621
 -0.001402410512  -0.001204880478   0.001774939259
 -0.002358012875  -0.002899165164  -0.008719646487
  0.005563316002  -0.005510886044   0.004901056592
 -0.003824482752  -0.000002034448   0.000001369698
 -0.002383977543   0.002905870099   0.008710292835
  0.002773905698  -0.000024657921  -0.000003546866
 -0.001373889839   0.001232666798  -0.001766776511
  0.006573782578  -0.007667879018  -0.002201858474
  0.001934724836   0.010366300873  -0.001533844419
  0.005237499095  -0.000004547544  -0.000002249273
  0.006591449783   0.007637121360   0.002195597539
  0.005204032094   0.000020682413  -0.000001924815
  0.001934035033  -0.004945121500   0.000673640921
 -0.030526715035  -0.000002572188   0.000003111871
  0.001932186578  -0.010341203459   0.001530380668
  0.001909766578   0.004954379300  -0.000660352686
   16    2  0.0000  0.0150  0.0000
 -0.000000355983  -0.000777411071   0.002159032968
  0.005453170470  -0.000707960775  -0.002900435145
 -0.001068465289  -0.002595125324  -0.001063068961
 -0.002955675394   0.000951154597  -0.005143821901
 -0.005463230904  -0.000658543667  -0.002871905433
  0.000029690876   0.008776551385   0.005775546191
  0.002958983461   0.000969035842  -0.005163078718
  0.000013818442  -0.004139932947   0.010292831039
  0.001036130332  -0.002611693762  -0.001095832303
  0.007745368721   0.000340311830  -0.000513504587
 -0.005088042501   0.004972118150  -0.001665724864
  0.000016713828   0.005322408143  -0.000001330079
 -0.007707933132   0.000353171622  -0.000510459494
  0.000014746731   0.005316039547  -0.000001168790
  0.010389242758   0.004959344851   0.002172919258
 -0.000035658396  -0.030347898846   0.000018277916
  0.005065394993   0.004934048203  -0.001662140930
 -0.010403899013   0.004944382224   0.002173863833
   16    3  0.0000  0.0000  0.0150
 -0.000000333297  -0.007497417517   0.006768565887
  0.004264137642   0.002460496337   0.001832800698
 -0.006679441974   0.003652796825   0.006920781240
  0.023534924159   0.013660473584   0.020912637263
 -0.004264244508   0.002459637175   0.001833983855
 -0.000000960623  -0.004968530511   0.001688724997
 -0.023534087374   0.013660035625   0.020913405359
 -0.000000014709  -0.027064458166   0.020552344625
  0.006680133431   0.003653457664   0.006920616058
  0.002092291229  -0.000505702289  -0.006979644935
  0.000754117997   0.002226185921  -0.006969969989
  0.000000293441  -0.000091237614   0.002595487618
 -0.002093155316  -0.000505019488  -0.006979155720
  0.000000547142  -0.000090029402   0.002597242991
 -0.001555496495  -0.001540783308  -0.007002912131
  0.000000497152  -0.000196598953  -0.051630987368
 -0.000754492552   0.002226189786  -0.006970472341
  0.001555284653  -0.001539495669  -0.007003448107
   17    1  0.0150  0.0000  0.0000
 -0.001362653924  -0.001128745440   0.001759886366
 -0.003446245498  -0.000019355120   0.000001869537
  0.005650908452   0.005439731405  -0.004891953140
 -0.003902390715  -0.000010685347   0.000002121513
 -0.002319309342  -0.002949876151  -0.008706955230
  0.005621248827  -0.005439520295   0.004897565302
 -0.001326656540   0.001152839552  -0.001766796772
 -0.002348508873   0.002963753650   0.008711517075
  0.002652338327  -0.000026496691  -0.000003588975
  0.005189595298  -0.000006458568  -0.000002916388
  0.006568490033  -0.007672244694  -0.002200602040
  0.001919516542   0.010354584048  -0.001545365814
  0.001957421309  -0.004955786862   0.000661020745
  0.006592699982   0.007644385847   0.002195855208
  0.005215985684   0.000022720917  -0.000002436306
  0.001934985407   0.004960667079  -0.000649417242
 -0.030521074221  -0.000011943048   0.000003397171
  0.001923649251  -0.010317570284   0.001536798988
   17    2  0.0000  0.0150  0.0000
 -0.001068468517  -0.002595047006  -0.001063149906
 -0.000000307246  -0.000777467768   0.002158539750
  0.005453293350  -0.000707920210  -0.002899510907
  0.000029646772   0.008776370979   0.005774707671
 -0.002955799991   0.000950959446  -0.005143765284
 -0.005463219968  -0.000658290994  -0.002872144682
  0.001035904706  -0.002611809147  -0.001095128612
  0.002958925109   0.000969278529  -0.005163229012
  0.000013952517  -0.004140079088   0.010292678771
  0.000016721832   0.005322431730  -0.000001464656
  0.007745686648   0.000340029227  -0.000513676298
 -0.005087920622   0.004972570325  -0.001665815586
  0.010389369702   0.004959361321   0.002173083027
 -0.007707615360   0.000353072470  -0.000510363366
  0.000014487119   0.005315980707  -0.000001332173
 -0.010404057845   0.004944447651   0.002174324626
 -0.000035850172  -0.030348251912   0.000018209751
  0.005065251967   0.004934363739  -0.001661963114
   17    3  0.0000  0.0000  0.0150
 -0.006678579892   0.003652385400   0.006920239467
 -0.000000212362  -0.007497425513   0.006769106418
  0.004263901702   0.002461333291   0.001833345627
 -0.000000907736  -0.004968175846   0.001688610048
  0.023536160288   0.013660081314   0.020913052899
 -0.004263529576   0.002459748984   0.001834355403
  0.006679289663   0.003654008036   0.006920547688
 -0.023535403869   0.013658926100   0.020913749947
 -0.000000638632  -0.027062729524   0.020549815593
  0.000000840135  -0.000090471327   0.002594799748
  0.002092048413  -0.000505561578  -0.006978175619
  0.000755479705   0.002226874346  -0.006970337840
 -0.001556522026  -0.001540211733  -0.007000793438
 -0.002093033949  -0.000504682680  -0.006978354303
  0.000000255327  -0.000089836830   0.002596950908
  0.001555659585  -0.001539131154  -0.007000672173
  0.000000865916  -0.000201768871  -0.051635045640
 -0.000755672694   0.002226637588  -0.006971194731
   18    1  0.0150  0.0000  0.0000
  0.005650913933   0.005439715302  -0.004891976787
 -0.001362659906  -0.001128752134   0.001759866031
 -0.003446240650  -0.000019362357   0.000001862662
  0.005621271686  -0.005439506935   0.004897559060
 -0.003902382222  -0.000010708133   0.000002095865
 -0.002319266291  -0.002949864518  -0.008706958538
  0.002652329845  -0.000026525027  -0.000003596319
 -0.001326655650   0.001152860052  -0.001766786810
 -0.002348504564   0.002963732312   0.008711473514
  0.001919537952   0.010354645214  -0.001545333603
  0.005189591677  -0.000006453487  -0.000002917560
  0.006568499527  -0.007672222797  -0.002200538562
  0.005215974552   0.000022737068  -0.000002436846
  0.001957417934  -0.004955774404   0.000661027535
  0.006592691104   0.007644376980   0.002195825669
  0.001923606260  -0.010317604042   0.001536812631
  0.001934966466   0.004960703817  -0.000649412409
 -0.030521091652  -0.000011996913   0.000003434468
   18    2  0.0000  0.0150  0.0000
  0.005453296456  -0.000707924378  -0.002899514484
 -0.001068469220  -0.002595047751  -0.001063151830
 -0.000000309894  -0.000777467259   0.002158540994
 -0.005463219878  -0.000658289473  -0.002872148127
  0.000029649071   0.008776368293   0.005774708287
 -0.002955798767   0.000950959762  -0.005143763494
  0.000013953597  -0.004140081010   0.010292676681
  0.001035900227  -0.002611809588  -0.001095129451
  0.002958926777   0.000969278227  -0.005163229602
 -0.005087919052   0.004972573571  -0.001665817645
  0.000016722061   0.005322434710  -0.000001462398
  0.007745687138   0.000340031562  -0.000513677424
  0.000014486590   0.005315979581  -0.000001332641
  0.010389366613   0.004959357636   0.002173083730
 -0.007707617143   0.000353073327  -0.000510357767
  0.005065252872   0.004934367727  -0.001661965589
 -0.010404058258   0.004944449915   0.002174330106
 -0.000035849192  -0.030348254851   0.000018210654
   18    3  0.0000  0.0000  0.0150
  0.004263900583   0.002461331844   0.001833344048
 -0.006678579371   0.003652386618   0.006920240601
 -0.000000211198  -0.007497424972   0.006769107427
 -0.004263526748   0.002459750372   0.001834355643
 -0.000000906428  -0.004968177184   0.001688608099
  0.023536161448   0.013660080272   0.020913049443
 -0.000000640368  -0.027062729052   0.020549816400
  0.006679287573   0.003654007571   0.006920544721
 -0.023535403875   0.013658924933   0.020913751896
  0.000755477046   0.002226875586  -0.006970338626
  0.000000840344  -0.000090472293   0.002594797409
  0.002092045825  -0.000505562228  -0.006978174835
  0.000000252707  -0.000089838657   0.002596952831
 -0.001556521501  -0.001540210569  -0.007000786920
 -0.002093034697  -0.000504683138  -0.006978354694
 -0.000755675115   0.002226637734  -0.006971198173
  0.001555660619  -0.001539129866  -0.007000673706
  0.000000873155  -0.000201766971  -0.051635041563
