    2   27    9
  9.013  1.000
    1    1  0.0150  0.0000  0.0000
 -0.112474154892   0.061650797220  -0.000135475098
  0.011592229060  -0.017729748740  -0.004066050497
  0.011587019494  -0.011684159450  -0.000169430802
  0.014722016573  -0.003453190625  -0.007323998664
  0.002618185504   0.008481267368  -0.002706620500
 -0.001133861859  -0.001742870847  -0.000875776097
  0.014724674313  -0.000316055948   0.004988758050
 -0.001141824436  -0.001740900596  -0.000768389339
  0.002615152689   0.005343651691   0.005453755285
  0.007680968739  -0.003260332016  -0.000784086807
  0.001432063189   0.000115147908  -0.000020495861
  0.000137434409  -0.000709954011  -0.000130197665
  0.004213079998   0.001386559297   0.000217974965
  0.003001199999   0.002609395527  -0.002559322200
  0.002918077839   0.000448072529   0.000549818790
  0.006347403717   0.004803429075   0.007378818298
 -0.001817720020   0.001114358149  -0.001682514351
  0.000277554225  -0.000437091180  -0.001990584742
  0.011652668125  -0.023467875136   0.022084083077
  0.011677319095  -0.020696510743  -0.015508776097
  0.001677371231  -0.000026354165   0.000260939916
  0.002804762197   0.001180480279  -0.001306029636
 -0.001610850891  -0.001875345757   0.001755475111
  0.002113765016   0.001176595759  -0.000977524652
 -0.001384385749  -0.001969039959  -0.004153103014
  0.003991345627   0.001031788275   0.001334682815
  0.001778506808  -0.000232113901   0.001134069717
    1    2  0.0000  0.0150  0.0000
  0.061658783951  -0.202016089184  -0.000084913350
 -0.011592332367   0.032938501723   0.002868989385
 -0.017712127708   0.032958930512  -0.005023077716
 -0.000287398845  -0.001085694418   0.001965123988
  0.005294854465   0.011021638687  -0.007092489397
 -0.001777484286   0.001446022670  -0.000462048028
 -0.003484228619  -0.001073557432   0.003137662789
 -0.001777359520   0.001440080179  -0.000369977654
  0.008493585851   0.011012534633   0.002208359370
 -0.004416267491   0.003672426650   0.000531137894
  0.001278813276   0.009902375473  -0.000888579450
 -0.000772989919   0.001270471493  -0.000075157196
 -0.000526453371   0.001534579548   0.000576500873
  0.002659925978  -0.000827622146  -0.001319964078
  0.002400084394   0.003003472278  -0.000152395846
  0.004826571378  -0.000713523100   0.003710302503
  0.001034583620  -0.000178349446  -0.001294447423
 -0.000408352672  -0.002274463502  -0.000615723701
 -0.020733303212   0.043864069433  -0.035275491844
 -0.023561057659   0.043851397794   0.038649901410
  0.000021096903   0.001623660401   0.000133373084
  0.000713816980   0.000390387664  -0.000283142197
 -0.001886637795   0.001174214922   0.000862717416
  0.001675801185   0.001018646669  -0.000912508266
 -0.001982903563   0.001537884520  -0.002082565944
 -0.001772446432   0.001172247779   0.000454840128
  0.002633425477   0.003335756201   0.000833573248
    1    3  0.0000  0.0000  0.0150
 -0.000135832005  -0.000115868679  -0.147738091735
 -0.000104088488  -0.005024839289  -0.002736656675
 -0.004158322434   0.002906830159  -0.002743928697
  0.004994051258   0.003136545717  -0.004746712970
  0.005456660868   0.002209037753  -0.004730051257
 -0.000753083745  -0.000396913143   0.000122023643
 -0.007338523695   0.001983034340  -0.004741740832
 -0.000881843151  -0.000465352959   0.000132177036
 -0.002708097225  -0.007078581151  -0.004739660753
 -0.011551642724   0.002979607122   0.011990755477
 -0.004380366386  -0.011117564658   0.012022213567
 -0.000245693662  -0.000123411400   0.001451692454
  0.001575874587  -0.000938365869   0.003150950513
  0.000004279042  -0.000000449081   0.003038446320
  0.000170778622   0.001833427427   0.003132410356
  0.018820295581   0.009559677650   0.022555982794
 -0.001131073241   0.002064016561  -0.001321834858
  0.001000539635  -0.002089987236  -0.001318613856
  0.019870046799  -0.037797653704   0.054883376506
 -0.018871733121   0.038301055571   0.054845630622
 -0.000607899555  -0.000341589695   0.000547955347
 -0.000306774508   0.000057765581   0.001027280140
 -0.002599767668  -0.001319734064   0.001642856694
 -0.000124090273  -0.000273222035   0.001002769511
  0.005078172731   0.002588272958   0.001345206611
 -0.000571255106  -0.000221670055   0.000955326751
 -0.000500612138  -0.000314067825   0.000970237291
   10    1  0.0150  0.0000  0.0000
  0.007618387983  -0.004408197157  -0.011570664574
  0.000161657688  -0.000777266595  -0.000235024659
  0.001392729229   0.001297861139  -0.004376788538
  0.006271281423   0.004840720030   0.018822953791
  0.000268973726  -0.000418660645   0.001024952976
 -0.001804092201   0.001033013433  -0.001096146481
  0.004388660236  -0.000537643452   0.001606944343
  0.002911957619   0.002408256328   0.000197867756
  0.003038601451   0.002681368971   0.000031664329
 -0.097636327118   0.030947325018  -0.001904827996
  0.012542204275  -0.016884666696  -0.001652997229
  0.012548169114  -0.022580663077  -0.000991581846
  0.009379910434   0.001314228542  -0.002064074481
  0.005603592682  -0.000544530550  -0.001341787639
  0.006972166279  -0.000292312172  -0.001689717297
  0.009388227760  -0.003280964260   0.002745784998
  0.006971283208  -0.000283447365   0.000009618597
  0.005592225285   0.004036788025   0.003378412503
  0.000043967384   0.000202097991  -0.002408433857
  0.000413626675   0.000787456703   0.001273815856
  0.001283552762   0.000494704663  -0.000190427948
  0.001484769502   0.001533615296   0.000480341578
  0.001386631525   0.000126945829  -0.000383276866
  0.000294856986  -0.000632123196   0.000191118000
  0.000165687390  -0.000072558232   0.000250058484
 -0.000851848324  -0.000847070556  -0.000571182239
  0.000169147025  -0.000144278014   0.000463398441
   10    2  0.0000  0.0150  0.0000
 -0.003247923756   0.003660999620   0.002970522556
 -0.000768042636   0.001274955597  -0.000125074913
  0.000112678807   0.009906158347  -0.011113938539
  0.004821334925  -0.000720749735   0.009581629485
 -0.000474033589  -0.002259357235  -0.002105969848
  0.001114102197  -0.000191605731   0.002048277541
  0.001371661048   0.001539384497  -0.000942148422
  0.000520435069   0.003002542926   0.001825209593
  0.002666036621  -0.000824162214   0.000012065310
  0.030938392167  -0.142647766070  -0.000962880989
 -0.022595731704   0.041258951293   0.000003010935
 -0.016895334533   0.041261732791  -0.001346954626
 -0.003273154510   0.005036637002  -0.000167051600
  0.004059825606   0.008794063640  -0.001568811189
 -0.000301525634   0.007394164361  -0.000854228168
  0.001330162894   0.005033372661   0.002218084760
 -0.000302263876   0.007392006038   0.000007052036
 -0.000544096849   0.008799173437   0.000908010515
  0.000203943287  -0.000251129157  -0.001219817725
  0.001128700051   0.000358597642  -0.001162981812
  0.000158645157  -0.000518766142   0.001732079592
  0.000054507119   0.000178943801  -0.000809639779
  0.001609834377   0.000283090144   0.000870555299
 -0.000631671639   0.001215671256   0.000104077644
 -0.000137066408   0.000308698877   0.000396865642
 -0.000846050941   0.000382497505  -0.000288216919
 -0.000073363250   0.000331894850  -0.000009726380
   10    3  0.0000  0.0000  0.0150
 -0.000738618083   0.000545403688   0.012024094849
 -0.000115701353  -0.000103354215   0.001441940906
 -0.000007680543  -0.000905490608   0.012045126383
  0.007349935798   0.003742746628   0.022589313014
 -0.002012654751  -0.000608905779  -0.001328713313
 -0.001677230287  -0.001255851719  -0.001311774536
  0.000210614095   0.000552770050   0.003122743758
  0.000555993842  -0.000176055744   0.003130685568
 -0.002582391376  -0.001301041420   0.003048040424
 -0.001915347376  -0.001048264725  -0.071008187425
 -0.000971847658  -0.001355503014   0.001807713074
 -0.001705066154   0.000062265260   0.001782087461
  0.002680421924   0.002245827173   0.001499400685
  0.003373596119   0.000890206886   0.001512305909
  0.000020794566  -0.000035954439   0.000709592075
 -0.002017742265  -0.000150895900   0.001497454599
 -0.001696214911  -0.000909915163   0.000703625415
 -0.001316482752  -0.001494702467   0.001486345435
 -0.004237880768  -0.002153297268   0.007693090229
  0.000806402998   0.000564471953  -0.001729566972
  0.000937598508   0.000321646766  -0.001710509176
  0.001340288607   0.000905771586  -0.000493142199
  0.001509313376   0.000558894798  -0.000508599692
  0.001385533302   0.000688082489   0.001192670591
  0.000011695876   0.000298763923   0.000192772264
  0.000563437698   0.000290257912   0.000411912059
  0.000249231565  -0.000167876650   0.000199578614
   19    1  0.0150  0.0000  0.0000
  0.011509716817  -0.020724540499   0.020079816997
  0.001660794385   0.000095072855  -0.000542060280
  0.011625541134  -0.023743102108  -0.018783479469
 -0.001166325482  -0.001880330651   0.005156909179
  0.001840001434   0.002560293302  -0.000449391376
  0.003898291523  -0.001713469403  -0.000516446799
  0.002699551161   0.000669692929  -0.000288461816
  0.002071746655   0.001666457551  -0.000125028160
 -0.001523587732  -0.001864314385  -0.002556421361
  0.000064164868   0.000177904708  -0.004582829510
  0.001293559354   0.000112336189   0.000853341804
  0.000380985366   0.001190601813   0.000754172911
  0.000046111013  -0.000115186458   0.000029865434
  0.000145775687  -0.000173191104   0.000260435862
 -0.000865518572  -0.000845318803   0.000461946749
  0.001568553385   0.000004190426   0.001318004188
  0.000289693906  -0.000595423888   0.001265458491
  0.001415342502   0.001679847797   0.001494532386
 -0.048168932383   0.040497180811  -0.005567400894
 -0.000260488678  -0.000577304616   0.001321451024
 -0.000274421720   0.000961644411  -0.000692100696
  0.005316306168  -0.000933668882  -0.001259213085
  0.000815538234   0.002415476193  -0.000347228072
 -0.000258960821  -0.000170121481   0.000444446169
  0.005317627070  -0.000891585481   0.001937235024
 -0.000269955530  -0.000178114145  -0.000375806840
  0.000828890256   0.002374972921   0.000708252139
   19    2  0.0000  0.0150  0.0000
 -0.023624106592   0.043931739773  -0.037858453026
  0.000123024266   0.001486243054  -0.000322939364
 -0.020854249201   0.043959489545   0.038418041925
 -0.001936823103   0.001595590923   0.002511234419
 -0.000242773663   0.003266177142  -0.000353865991
  0.001094087199   0.001159427018  -0.000253084612
  0.001229486077   0.000398653497   0.000092520018
  0.001144437563   0.000925770329  -0.000261145853
 -0.001872553850   0.001231732861  -0.001271735305
  0.000209822330  -0.000215355270  -0.002151526243
  0.000500960697  -0.000494509259   0.000360931631
  0.000807657277   0.000308213814   0.000561432935
 -0.000070038845   0.000302340704   0.000323398545
 -0.000158821269   0.000329720516  -0.000134166572
 -0.000866736958   0.000359022200   0.000283600476
  0.001520743743   0.000197645482   0.000891349535
 -0.000601438854   0.001215160905   0.000684872217
  0.000110313450   0.000249532183   0.000483617132
  0.040337781593  -0.106945409643  -0.002895107741
  0.000958878129  -0.000640274609  -0.001859618905
 -0.000525265861  -0.000648713542   0.002175924718
 -0.000817958390  -0.000256105190   0.000461933537
  0.002359755899   0.004281561476  -0.001332308161
 -0.000177602549  -0.000008416426   0.000236057622
 -0.000858088364  -0.000251592971  -0.000510863352
 -0.000178176254  -0.000006741751  -0.000183840899
  0.002387685527   0.004269097239   0.001903741317
   19    3  0.0000  0.0000  0.0150
  0.022158511125  -0.035366425385   0.054936176091
  0.000306292918   0.000087474404   0.000622751705
 -0.015595636311   0.038786080261   0.054985770582
 -0.004078261015  -0.002059470772   0.001389724777
  0.001175679142   0.000813016051   0.001013627059
  0.001361220223   0.000459899546   0.000999530794
 -0.001320949845  -0.000304106351   0.001071279372
 -0.001031261382  -0.000914915773   0.001058762070
  0.001676875270   0.000873332824   0.001686637472
 -0.002359008072  -0.001225873051   0.007659845469
 -0.000170226041   0.001684694910  -0.001704935859
  0.001257692521  -0.001106652732  -0.001725078542
  0.000218032267   0.000372783627   0.000224142645
  0.000478345098  -0.000031074661   0.000230936717
 -0.000511860497  -0.000249693693   0.000446817472
  0.000519895948  -0.000846171923  -0.000494025878
  0.000204302965   0.000137339691   0.001207221079
 -0.000363392600   0.000889875813  -0.000527468866
 -0.005622874781  -0.002940102578  -0.113636634079
 -0.000741657218   0.002204930344  -0.001003193920
  0.001323878878  -0.001842124061  -0.000969464315
  0.001917841713  -0.000529886666  -0.001579464257
  0.000707215653   0.001876476447  -0.001591825134
 -0.000356578606  -0.000187738611  -0.000572434235
 -0.001269401711   0.000478322428  -0.001582623191
  0.000462567719   0.000229692867  -0.000574136484
 -0.000347243358  -0.001289682956  -0.001571938543
