Automatically generated mesh
     672
Reciprocal lattice
    0.00000000000000    0.00000000000000    0.00000000000000             1
    0.04347826086956    0.00000000000000    0.00000000000000             6
    0.08695652173913    0.00000000000000    0.00000000000000             6
    0.13043478260870    0.00000000000000    0.00000000000000             6
    0.17391304347826    0.00000000000000    0.00000000000000             6
    0.21739130434783    0.00000000000000    0.00000000000000             6
    0.26086956521739    0.00000000000000    0.00000000000000             6
    0.30434782608695    0.00000000000000    0.00000000000000             6
    0.34782608695652    0.00000000000000    0.00000000000000             6
    0.39130434782609    0.00000000000000    0.00000000000000             6
    0.43478260869565    0.00000000000000    0.00000000000000             6
    0.47826086956522    0.00000000000000    0.00000000000000             6
    0.04347826086956    0.04347826086956    0.00000000000000             6
    0.08695652173913    0.04347826086956    0.00000000000000            12
    0.13043478260870    0.04347826086956    0.00000000000000            12
    0.17391304347826    0.04347826086956    0.00000000000000            12
    0.21739130434783    0.04347826086956    0.00000000000000            12
    0.26086956521739    0.04347826086956    0.00000000000000            12
    0.30434782608695    0.04347826086956    0.00000000000000            12
    0.34782608695652    0.04347826086956    0.00000000000000            12
    0.39130434782609    0.04347826086956    0.00000000000000            12
    0.43478260869565    0.04347826086956    0.00000000000000            12
    0.47826086956522    0.04347826086956    0.00000000000000             6
    0.08695652173913    0.08695652173913    0.00000000000000             6
    0.13043478260870    0.08695652173913    0.00000000000000            12
    0.17391304347826    0.08695652173913    0.00000000000000            12
    0.21739130434783    0.08695652173913    0.00000000000000            12
    0.26086956521739    0.08695652173913    0.00000000000000            12
    0.30434782608695    0.08695652173913    0.00000000000000            12
    0.34782608695652    0.08695652173913    0.00000000000000            12
    0.39130434782609    0.08695652173913    0.00000000000000            12
    0.43478260869565    0.08695652173913    0.00000000000000            12
    0.13043478260870    0.13043478260870    0.00000000000000             6
    0.17391304347826    0.13043478260870    0.00000000000000            12
    0.21739130434783    0.13043478260870    0.00000000000000            12
    0.26086956521739    0.13043478260870    0.00000000000000            12
    0.30434782608695    0.13043478260870    0.00000000000000            12
    0.34782608695652    0.13043478260870    0.00000000000000            12
    0.39130434782609    0.13043478260870    0.00000000000000            12
    0.43478260869565    0.13043478260870    0.00000000000000             6
    0.17391304347826    0.17391304347826    0.00000000000000             6
    0.21739130434783    0.17391304347826    0.00000000000000            12
    0.26086956521739    0.17391304347826    0.00000000000000            12
    0.30434782608695    0.17391304347826    0.00000000000000            12
    0.34782608695652    0.17391304347826    0.00000000000000            12
    0.39130434782609    0.17391304347826    0.00000000000000            12
    0.21739130434783    0.21739130434783    0.00000000000000             6
    0.26086956521739    0.21739130434783    0.00000000000000            12
    0.30434782608695    0.21739130434783    0.00000000000000            12
    0.34782608695652    0.21739130434783    0.00000000000000            12
    0.39130434782609    0.21739130434783    0.00000000000000             6
    0.26086956521739    0.26086956521739    0.00000000000000             6
    0.30434782608695    0.26086956521739    0.00000000000000            12
    0.34782608695652    0.26086956521739    0.00000000000000            12
    0.30434782608695    0.30434782608695    0.00000000000000             6
    0.34782608695652    0.30434782608695    0.00000000000000             6
    0.00000000000000    0.00000000000000    0.04347826086956             2
    0.04347826086956    0.00000000000000    0.04347826086956            12
    0.08695652173913    0.00000000000000    0.04347826086956            12
    0.13043478260870    0.00000000000000    0.04347826086956            12
    0.17391304347826    0.00000000000000    0.04347826086956            12
    0.21739130434783    0.00000000000000    0.04347826086956            12
    0.26086956521739    0.00000000000000    0.04347826086956            12
    0.30434782608695    0.00000000000000    0.04347826086956            12
    0.34782608695652    0.00000000000000    0.04347826086956            12
    0.39130434782609    0.00000000000000    0.04347826086956            12
    0.43478260869565    0.00000000000000    0.04347826086956            12
    0.47826086956522    0.00000000000000    0.04347826086956            12
    0.04347826086956    0.04347826086956    0.04347826086956            12
    0.08695652173913    0.04347826086956    0.04347826086956            24
    0.13043478260870    0.04347826086956    0.04347826086956            24
    0.17391304347826    0.04347826086956    0.04347826086956            24
    0.21739130434783    0.04347826086956    0.04347826086956            24
    0.26086956521739    0.04347826086956    0.04347826086956            24
    0.30434782608695    0.04347826086956    0.04347826086956            24
    0.34782608695652    0.04347826086956    0.04347826086956            24
    0.39130434782609    0.04347826086956    0.04347826086956            24
    0.43478260869565    0.04347826086956    0.04347826086956            24
    0.47826086956522    0.04347826086956    0.04347826086956            12
    0.08695652173913    0.08695652173913    0.04347826086956            12
    0.13043478260870    0.08695652173913    0.04347826086956            24
    0.17391304347826    0.08695652173913    0.04347826086956            24
    0.21739130434783    0.08695652173913    0.04347826086956            24
    0.26086956521739    0.08695652173913    0.04347826086956            24
    0.30434782608695    0.08695652173913    0.04347826086956            24
    0.34782608695652    0.08695652173913    0.04347826086956            24
    0.39130434782609    0.08695652173913    0.04347826086956            24
    0.43478260869565    0.08695652173913    0.04347826086956            24
    0.13043478260870    0.13043478260870    0.04347826086956            12
    0.17391304347826    0.13043478260870    0.04347826086956            24
    0.21739130434783    0.13043478260870    0.04347826086956            24
    0.26086956521739    0.13043478260870    0.04347826086956            24
    0.30434782608695    0.13043478260870    0.04347826086956            24
    0.34782608695652    0.13043478260870    0.04347826086956            24
    0.39130434782609    0.13043478260870    0.04347826086956            24
    0.43478260869565    0.13043478260870    0.04347826086956            12
    0.17391304347826    0.17391304347826    0.04347826086956            12
    0.21739130434783    0.17391304347826    0.04347826086956            24
    0.26086956521739    0.17391304347826    0.04347826086956            24
    0.30434782608695    0.17391304347826    0.04347826086956            24
    0.34782608695652    0.17391304347826    0.04347826086956            24
    0.39130434782609    0.17391304347826    0.04347826086956            24
    0.21739130434783    0.21739130434783    0.04347826086956            12
    0.26086956521739    0.21739130434783    0.04347826086956            24
    0.30434782608695    0.21739130434783    0.04347826086956            24
    0.34782608695652    0.21739130434783    0.04347826086956            24
    0.39130434782609    0.21739130434783    0.04347826086956            12
    0.26086956521739    0.26086956521739    0.04347826086956            12
    0.30434782608695    0.26086956521739    0.04347826086956            24
    0.34782608695652    0.26086956521739    0.04347826086956            24
    0.30434782608695    0.30434782608695    0.04347826086956            12
    0.34782608695652    0.30434782608695    0.04347826086956            12
    0.00000000000000    0.00000000000000    0.08695652173913             2
    0.04347826086956    0.00000000000000    0.08695652173913            12
    0.08695652173913    0.00000000000000    0.08695652173913            12
    0.13043478260870    0.00000000000000    0.08695652173913            12
    0.17391304347826    0.00000000000000    0.08695652173913            12
    0.21739130434783    0.00000000000000    0.08695652173913            12
    0.26086956521739    0.00000000000000    0.08695652173913            12
    0.30434782608695    0.00000000000000    0.08695652173913            12
    0.34782608695652    0.00000000000000    0.08695652173913            12
    0.39130434782609    0.00000000000000    0.08695652173913            12
    0.43478260869565    0.00000000000000    0.08695652173913            12
    0.47826086956522    0.00000000000000    0.08695652173913            12
    0.04347826086956    0.04347826086956    0.08695652173913            12
    0.08695652173913    0.04347826086956    0.08695652173913            24
    0.13043478260870    0.04347826086956    0.08695652173913            24
    0.17391304347826    0.04347826086956    0.08695652173913            24
    0.21739130434783    0.04347826086956    0.08695652173913            24
    0.26086956521739    0.04347826086956    0.08695652173913            24
    0.30434782608695    0.04347826086956    0.08695652173913            24
    0.34782608695652    0.04347826086956    0.08695652173913            24
    0.39130434782609    0.04347826086956    0.08695652173913            24
    0.43478260869565    0.04347826086956    0.08695652173913            24
    0.47826086956522    0.04347826086956    0.08695652173913            12
    0.08695652173913    0.08695652173913    0.08695652173913            12
    0.13043478260870    0.08695652173913    0.08695652173913            24
    0.17391304347826    0.08695652173913    0.08695652173913            24
    0.21739130434783    0.08695652173913    0.08695652173913            24
    0.26086956521739    0.08695652173913    0.08695652173913            24
    0.30434782608695    0.08695652173913    0.08695652173913            24
    0.34782608695652    0.08695652173913    0.08695652173913            24
    0.39130434782609    0.08695652173913    0.08695652173913            24
    0.43478260869565    0.08695652173913    0.08695652173913            24
    0.13043478260870    0.13043478260870    0.08695652173913            12
    0.17391304347826    0.13043478260870    0.08695652173913            24
    0.21739130434783    0.13043478260870    0.08695652173913            24
    0.26086956521739    0.13043478260870    0.08695652173913            24
    0.30434782608695    0.13043478260870    0.08695652173913            24
    0.34782608695652    0.13043478260870    0.08695652173913            24
    0.39130434782609    0.13043478260870    0.08695652173913            24
    0.43478260869565    0.13043478260870    0.08695652173913            12
    0.17391304347826    0.17391304347826    0.08695652173913            12
    0.21739130434783    0.17391304347826    0.08695652173913            24
    0.26086956521739    0.17391304347826    0.08695652173913            24
    0.30434782608695    0.17391304347826    0.08695652173913            24
    0.34782608695652    0.17391304347826    0.08695652173913            24
    0.39130434782609    0.17391304347826    0.08695652173913            24
    0.21739130434783    0.21739130434783    0.08695652173913            12
    0.26086956521739    0.21739130434783    0.08695652173913            24
    0.30434782608695    0.21739130434783    0.08695652173913            24
    0.34782608695652    0.21739130434783    0.08695652173913            24
    0.39130434782609    0.21739130434783    0.08695652173913            12
    0.26086956521739    0.26086956521739    0.08695652173913            12
    0.30434782608695    0.26086956521739    0.08695652173913            24
    0.34782608695652    0.26086956521739    0.08695652173913            24
    0.30434782608695    0.30434782608695    0.08695652173913            12
    0.34782608695652    0.30434782608695    0.08695652173913            12
    0.00000000000000    0.00000000000000    0.13043478260870             2
    0.04347826086956    0.00000000000000    0.13043478260870            12
    0.08695652173913    0.00000000000000    0.13043478260870            12
    0.13043478260870    0.00000000000000    0.13043478260870            12
    0.17391304347826    0.00000000000000    0.13043478260870            12
    0.21739130434783    0.00000000000000    0.13043478260870            12
    0.26086956521739    0.00000000000000    0.13043478260870            12
    0.30434782608695    0.00000000000000    0.13043478260870            12
    0.34782608695652    0.00000000000000    0.13043478260870            12
    0.39130434782609    0.00000000000000    0.13043478260870            12
    0.43478260869565    0.00000000000000    0.13043478260870            12
    0.47826086956522    0.00000000000000    0.13043478260870            12
    0.04347826086956    0.04347826086956    0.13043478260870            12
    0.08695652173913    0.04347826086956    0.13043478260870            24
    0.13043478260870    0.04347826086956    0.13043478260870            24
    0.17391304347826    0.04347826086956    0.13043478260870            24
    0.21739130434783    0.04347826086956    0.13043478260870            24
    0.26086956521739    0.04347826086956    0.13043478260870            24
    0.30434782608695    0.04347826086956    0.13043478260870            24
    0.34782608695652    0.04347826086956    0.13043478260870            24
    0.39130434782609    0.04347826086956    0.13043478260870            24
    0.43478260869565    0.04347826086956    0.13043478260870            24
    0.47826086956522    0.04347826086956    0.13043478260870            12
    0.08695652173913    0.08695652173913    0.13043478260870            12
    0.13043478260870    0.08695652173913    0.13043478260870            24
    0.17391304347826    0.08695652173913    0.13043478260870            24
    0.21739130434783    0.08695652173913    0.13043478260870            24
    0.26086956521739    0.08695652173913    0.13043478260870            24
    0.30434782608695    0.08695652173913    0.13043478260870            24
    0.34782608695652    0.08695652173913    0.13043478260870            24
    0.39130434782609    0.08695652173913    0.13043478260870            24
    0.43478260869565    0.08695652173913    0.13043478260870            24
    0.13043478260870    0.13043478260870    0.13043478260870            12
    0.17391304347826    0.13043478260870    0.13043478260870            24
    0.21739130434783    0.13043478260870    0.13043478260870            24
    0.26086956521739    0.13043478260870    0.13043478260870            24
    0.30434782608695    0.13043478260870    0.13043478260870            24
    0.34782608695652    0.13043478260870    0.13043478260870            24
    0.39130434782609    0.13043478260870    0.13043478260870            24
    0.43478260869565    0.13043478260870    0.13043478260870            12
    0.17391304347826    0.17391304347826    0.13043478260870            12
    0.21739130434783    0.17391304347826    0.13043478260870            24
    0.26086956521739    0.17391304347826    0.13043478260870            24
    0.30434782608695    0.17391304347826    0.13043478260870            24
    0.34782608695652    0.17391304347826    0.13043478260870            24
    0.39130434782609    0.17391304347826    0.13043478260870            24
    0.21739130434783    0.21739130434783    0.13043478260870            12
    0.26086956521739    0.21739130434783    0.13043478260870            24
    0.30434782608695    0.21739130434783    0.13043478260870            24
    0.34782608695652    0.21739130434783    0.13043478260870            24
    0.39130434782609    0.21739130434783    0.13043478260870            12
    0.26086956521739    0.26086956521739    0.13043478260870            12
    0.30434782608695    0.26086956521739    0.13043478260870            24
    0.34782608695652    0.26086956521739    0.13043478260870            24
    0.30434782608695    0.30434782608695    0.13043478260870            12
    0.34782608695652    0.30434782608695    0.13043478260870            12
    0.00000000000000    0.00000000000000    0.17391304347826             2
    0.04347826086956    0.00000000000000    0.17391304347826            12
    0.08695652173913    0.00000000000000    0.17391304347826            12
    0.13043478260870    0.00000000000000    0.17391304347826            12
    0.17391304347826    0.00000000000000    0.17391304347826            12
    0.21739130434783    0.00000000000000    0.17391304347826            12
    0.26086956521739    0.00000000000000    0.17391304347826            12
    0.30434782608695    0.00000000000000    0.17391304347826            12
    0.34782608695652    0.00000000000000    0.17391304347826            12
    0.39130434782609    0.00000000000000    0.17391304347826            12
    0.43478260869565    0.00000000000000    0.17391304347826            12
    0.47826086956522    0.00000000000000    0.17391304347826            12
    0.04347826086956    0.04347826086956    0.17391304347826            12
    0.08695652173913    0.04347826086956    0.17391304347826            24
    0.13043478260870    0.04347826086956    0.17391304347826            24
    0.17391304347826    0.04347826086956    0.17391304347826            24
    0.21739130434783    0.04347826086956    0.17391304347826            24
    0.26086956521739    0.04347826086956    0.17391304347826            24
    0.30434782608695    0.04347826086956    0.17391304347826            24
    0.34782608695652    0.04347826086956    0.17391304347826            24
    0.39130434782609    0.04347826086956    0.17391304347826            24
    0.43478260869565    0.04347826086956    0.17391304347826            24
    0.47826086956522    0.04347826086956    0.17391304347826            12
    0.08695652173913    0.08695652173913    0.17391304347826            12
    0.13043478260870    0.08695652173913    0.17391304347826            24
    0.17391304347826    0.08695652173913    0.17391304347826            24
    0.21739130434783    0.08695652173913    0.17391304347826            24
    0.26086956521739    0.08695652173913    0.17391304347826            24
    0.30434782608695    0.08695652173913    0.17391304347826            24
    0.34782608695652    0.08695652173913    0.17391304347826            24
    0.39130434782609    0.08695652173913    0.17391304347826            24
    0.43478260869565    0.08695652173913    0.17391304347826            24
    0.13043478260870    0.13043478260870    0.17391304347826            12
    0.17391304347826    0.13043478260870    0.17391304347826            24
    0.21739130434783    0.13043478260870    0.17391304347826            24
    0.26086956521739    0.13043478260870    0.17391304347826            24
    0.30434782608695    0.13043478260870    0.17391304347826            24
    0.34782608695652    0.13043478260870    0.17391304347826            24
    0.39130434782609    0.13043478260870    0.17391304347826            24
    0.43478260869565    0.13043478260870    0.17391304347826            12
    0.17391304347826    0.17391304347826    0.17391304347826            12
    0.21739130434783    0.17391304347826    0.17391304347826            24
    0.26086956521739    0.17391304347826    0.17391304347826            24
    0.30434782608695    0.17391304347826    0.17391304347826            24
    0.34782608695652    0.17391304347826    0.17391304347826            24
    0.39130434782609    0.17391304347826    0.17391304347826            24
    0.21739130434783    0.21739130434783    0.17391304347826            12
    0.26086956521739    0.21739130434783    0.17391304347826            24
    0.30434782608695    0.21739130434783    0.17391304347826            24
    0.34782608695652    0.21739130434783    0.17391304347826            24
    0.39130434782609    0.21739130434783    0.17391304347826            12
    0.26086956521739    0.26086956521739    0.17391304347826            12
    0.30434782608695    0.26086956521739    0.17391304347826            24
    0.34782608695652    0.26086956521739    0.17391304347826            24
    0.30434782608695    0.30434782608695    0.17391304347826            12
    0.34782608695652    0.30434782608695    0.17391304347826            12
    0.00000000000000    0.00000000000000    0.21739130434783             2
    0.04347826086956    0.00000000000000    0.21739130434783            12
    0.08695652173913    0.00000000000000    0.21739130434783            12
    0.13043478260870    0.00000000000000    0.21739130434783            12
    0.17391304347826    0.00000000000000    0.21739130434783            12
    0.21739130434783    0.00000000000000    0.21739130434783            12
    0.26086956521739    0.00000000000000    0.21739130434783            12
    0.30434782608695    0.00000000000000    0.21739130434783            12
    0.34782608695652    0.00000000000000    0.21739130434783            12
    0.39130434782609    0.00000000000000    0.21739130434783            12
    0.43478260869565    0.00000000000000    0.21739130434783            12
    0.47826086956522    0.00000000000000    0.21739130434783            12
    0.04347826086956    0.04347826086956    0.21739130434783            12
    0.08695652173913    0.04347826086956    0.21739130434783            24
    0.13043478260870    0.04347826086956    0.21739130434783            24
    0.17391304347826    0.04347826086956    0.21739130434783            24
    0.21739130434783    0.04347826086956    0.21739130434783            24
    0.26086956521739    0.04347826086956    0.21739130434783            24
    0.30434782608695    0.04347826086956    0.21739130434783            24
    0.34782608695652    0.04347826086956    0.21739130434783            24
    0.39130434782609    0.04347826086956    0.21739130434783            24
    0.43478260869565    0.04347826086956    0.21739130434783            24
    0.47826086956522    0.04347826086956    0.21739130434783            12
    0.08695652173913    0.08695652173913    0.21739130434783            12
    0.13043478260870    0.08695652173913    0.21739130434783            24
    0.17391304347826    0.08695652173913    0.21739130434783            24
    0.21739130434783    0.08695652173913    0.21739130434783            24
    0.26086956521739    0.08695652173913    0.21739130434783            24
    0.30434782608695    0.08695652173913    0.21739130434783            24
    0.34782608695652    0.08695652173913    0.21739130434783            24
    0.39130434782609    0.08695652173913    0.21739130434783            24
    0.43478260869565    0.08695652173913    0.21739130434783            24
    0.13043478260870    0.13043478260870    0.21739130434783            12
    0.17391304347826    0.13043478260870    0.21739130434783            24
    0.21739130434783    0.13043478260870    0.21739130434783            24
    0.26086956521739    0.13043478260870    0.21739130434783            24
    0.30434782608695    0.13043478260870    0.21739130434783            24
    0.34782608695652    0.13043478260870    0.21739130434783            24
    0.39130434782609    0.13043478260870    0.21739130434783            24
    0.43478260869565    0.13043478260870    0.21739130434783            12
    0.17391304347826    0.17391304347826    0.21739130434783            12
    0.21739130434783    0.17391304347826    0.21739130434783            24
    0.26086956521739    0.17391304347826    0.21739130434783            24
    0.30434782608695    0.17391304347826    0.21739130434783            24
    0.34782608695652    0.17391304347826    0.21739130434783            24
    0.39130434782609    0.17391304347826    0.21739130434783            24
    0.21739130434783    0.21739130434783    0.21739130434783            12
    0.26086956521739    0.21739130434783    0.21739130434783            24
    0.30434782608695    0.21739130434783    0.21739130434783            24
    0.34782608695652    0.21739130434783    0.21739130434783            24
    0.39130434782609    0.21739130434783    0.21739130434783            12
    0.26086956521739    0.26086956521739    0.21739130434783            12
    0.30434782608695    0.26086956521739    0.21739130434783            24
    0.34782608695652    0.26086956521739    0.21739130434783            24
    0.30434782608695    0.30434782608695    0.21739130434783            12
    0.34782608695652    0.30434782608695    0.21739130434783            12
    0.00000000000000    0.00000000000000    0.26086956521739             2
    0.04347826086956    0.00000000000000    0.26086956521739            12
    0.08695652173913    0.00000000000000    0.26086956521739            12
    0.13043478260870    0.00000000000000    0.26086956521739            12
    0.17391304347826    0.00000000000000    0.26086956521739            12
    0.21739130434783    0.00000000000000    0.26086956521739            12
    0.26086956521739    0.00000000000000    0.26086956521739            12
    0.30434782608695    0.00000000000000    0.26086956521739            12
    0.34782608695652    0.00000000000000    0.26086956521739            12
    0.39130434782609    0.00000000000000    0.26086956521739            12
    0.43478260869565    0.00000000000000    0.26086956521739            12
    0.47826086956522    0.00000000000000    0.26086956521739            12
    0.04347826086956    0.04347826086956    0.26086956521739            12
    0.08695652173913    0.04347826086956    0.26086956521739            24
    0.13043478260870    0.04347826086956    0.26086956521739            24
    0.17391304347826    0.04347826086956    0.26086956521739            24
    0.21739130434783    0.04347826086956    0.26086956521739            24
    0.26086956521739    0.04347826086956    0.26086956521739            24
    0.30434782608695    0.04347826086956    0.26086956521739            24
    0.34782608695652    0.04347826086956    0.26086956521739            24
    0.39130434782609    0.04347826086956    0.26086956521739            24
    0.43478260869565    0.04347826086956    0.26086956521739            24
    0.47826086956522    0.04347826086956    0.26086956521739            12
    0.08695652173913    0.08695652173913    0.26086956521739            12
    0.13043478260870    0.08695652173913    0.26086956521739            24
    0.17391304347826    0.08695652173913    0.26086956521739            24
    0.21739130434783    0.08695652173913    0.26086956521739            24
    0.26086956521739    0.08695652173913    0.26086956521739            24
    0.30434782608695    0.08695652173913    0.26086956521739            24
    0.34782608695652    0.08695652173913    0.26086956521739            24
    0.39130434782609    0.08695652173913    0.26086956521739            24
    0.43478260869565    0.08695652173913    0.26086956521739            24
    0.13043478260870    0.13043478260870    0.26086956521739            12
    0.17391304347826    0.13043478260870    0.26086956521739            24
    0.21739130434783    0.13043478260870    0.26086956521739            24
    0.26086956521739    0.13043478260870    0.26086956521739            24
    0.30434782608695    0.13043478260870    0.26086956521739            24
    0.34782608695652    0.13043478260870    0.26086956521739            24
    0.39130434782609    0.13043478260870    0.26086956521739            24
    0.43478260869565    0.13043478260870    0.26086956521739            12
    0.17391304347826    0.17391304347826    0.26086956521739            12
    0.21739130434783    0.17391304347826    0.26086956521739            24
    0.26086956521739    0.17391304347826    0.26086956521739            24
    0.30434782608695    0.17391304347826    0.26086956521739            24
    0.34782608695652    0.17391304347826    0.26086956521739            24
    0.39130434782609    0.17391304347826    0.26086956521739            24
    0.21739130434783    0.21739130434783    0.26086956521739            12
    0.26086956521739    0.21739130434783    0.26086956521739            24
    0.30434782608695    0.21739130434783    0.26086956521739            24
    0.34782608695652    0.21739130434783    0.26086956521739            24
    0.39130434782609    0.21739130434783    0.26086956521739            12
    0.26086956521739    0.26086956521739    0.26086956521739            12
    0.30434782608695    0.26086956521739    0.26086956521739            24
    0.34782608695652    0.26086956521739    0.26086956521739            24
    0.30434782608695    0.30434782608695    0.26086956521739            12
    0.34782608695652    0.30434782608695    0.26086956521739            12
    0.00000000000000    0.00000000000000    0.30434782608695             2
    0.04347826086956    0.00000000000000    0.30434782608695            12
    0.08695652173913    0.00000000000000    0.30434782608695            12
    0.13043478260870    0.00000000000000    0.30434782608695            12
    0.17391304347826    0.00000000000000    0.30434782608695            12
    0.21739130434783    0.00000000000000    0.30434782608695            12
    0.26086956521739    0.00000000000000    0.30434782608695            12
    0.30434782608695    0.00000000000000    0.30434782608695            12
    0.34782608695652    0.00000000000000    0.30434782608695            12
    0.39130434782609    0.00000000000000    0.30434782608695            12
    0.43478260869565    0.00000000000000    0.30434782608695            12
    0.47826086956522    0.00000000000000    0.30434782608695            12
    0.04347826086956    0.04347826086956    0.30434782608695            12
    0.08695652173913    0.04347826086956    0.30434782608695            24
    0.13043478260870    0.04347826086956    0.30434782608695            24
    0.17391304347826    0.04347826086956    0.30434782608695            24
    0.21739130434783    0.04347826086956    0.30434782608695            24
    0.26086956521739    0.04347826086956    0.30434782608695            24
    0.30434782608695    0.04347826086956    0.30434782608695            24
    0.34782608695652    0.04347826086956    0.30434782608695            24
    0.39130434782609    0.04347826086956    0.30434782608695            24
    0.43478260869565    0.04347826086956    0.30434782608695            24
    0.47826086956522    0.04347826086956    0.30434782608695            12
    0.08695652173913    0.08695652173913    0.30434782608695            12
    0.13043478260870    0.08695652173913    0.30434782608695            24
    0.17391304347826    0.08695652173913    0.30434782608695            24
    0.21739130434783    0.08695652173913    0.30434782608695            24
    0.26086956521739    0.08695652173913    0.30434782608695            24
    0.30434782608695    0.08695652173913    0.30434782608695            24
    0.34782608695652    0.08695652173913    0.30434782608695            24
    0.39130434782609    0.08695652173913    0.30434782608695            24
    0.43478260869565    0.08695652173913    0.30434782608695            24
    0.13043478260870    0.13043478260870    0.30434782608695            12
    0.17391304347826    0.13043478260870    0.30434782608695            24
    0.21739130434783    0.13043478260870    0.30434782608695            24
    0.26086956521739    0.13043478260870    0.30434782608695            24
    0.30434782608695    0.13043478260870    0.30434782608695            24
    0.34782608695652    0.13043478260870    0.30434782608695            24
    0.39130434782609    0.13043478260870    0.30434782608695            24
    0.43478260869565    0.13043478260870    0.30434782608695            12
    0.17391304347826    0.17391304347826    0.30434782608695            12
    0.21739130434783    0.17391304347826    0.30434782608695            24
    0.26086956521739    0.17391304347826    0.30434782608695            24
    0.30434782608695    0.17391304347826    0.30434782608695            24
    0.34782608695652    0.17391304347826    0.30434782608695            24
    0.39130434782609    0.17391304347826    0.30434782608695            24
    0.21739130434783    0.21739130434783    0.30434782608695            12
    0.26086956521739    0.21739130434783    0.30434782608695            24
    0.30434782608695    0.21739130434783    0.30434782608695            24
    0.34782608695652    0.21739130434783    0.30434782608695            24
    0.39130434782609    0.21739130434783    0.30434782608695            12
    0.26086956521739    0.26086956521739    0.30434782608695            12
    0.30434782608695    0.26086956521739    0.30434782608695            24
    0.34782608695652    0.26086956521739    0.30434782608695            24
    0.30434782608695    0.30434782608695    0.30434782608695            12
    0.34782608695652    0.30434782608695    0.30434782608695            12
    0.00000000000000    0.00000000000000    0.34782608695652             2
    0.04347826086956    0.00000000000000    0.34782608695652            12
    0.08695652173913    0.00000000000000    0.34782608695652            12
    0.13043478260870    0.00000000000000    0.34782608695652            12
    0.17391304347826    0.00000000000000    0.34782608695652            12
    0.21739130434783    0.00000000000000    0.34782608695652            12
    0.26086956521739    0.00000000000000    0.34782608695652            12
    0.30434782608695    0.00000000000000    0.34782608695652            12
    0.34782608695652    0.00000000000000    0.34782608695652            12
    0.39130434782609    0.00000000000000    0.34782608695652            12
    0.43478260869565    0.00000000000000    0.34782608695652            12
    0.47826086956522    0.00000000000000    0.34782608695652            12
    0.04347826086956    0.04347826086956    0.34782608695652            12
    0.08695652173913    0.04347826086956    0.34782608695652            24
    0.13043478260870    0.04347826086956    0.34782608695652            24
    0.17391304347826    0.04347826086956    0.34782608695652            24
    0.21739130434783    0.04347826086956    0.34782608695652            24
    0.26086956521739    0.04347826086956    0.34782608695652            24
    0.30434782608695    0.04347826086956    0.34782608695652            24
    0.34782608695652    0.04347826086956    0.34782608695652            24
    0.39130434782609    0.04347826086956    0.34782608695652            24
    0.43478260869565    0.04347826086956    0.34782608695652            24
    0.47826086956522    0.04347826086956    0.34782608695652            12
    0.08695652173913    0.08695652173913    0.34782608695652            12
    0.13043478260870    0.08695652173913    0.34782608695652            24
    0.17391304347826    0.08695652173913    0.34782608695652            24
    0.21739130434783    0.08695652173913    0.34782608695652            24
    0.26086956521739    0.08695652173913    0.34782608695652            24
    0.30434782608695    0.08695652173913    0.34782608695652            24
    0.34782608695652    0.08695652173913    0.34782608695652            24
    0.39130434782609    0.08695652173913    0.34782608695652            24
    0.43478260869565    0.08695652173913    0.34782608695652            24
    0.13043478260870    0.13043478260870    0.34782608695652            12
    0.17391304347826    0.13043478260870    0.34782608695652            24
    0.21739130434783    0.13043478260870    0.34782608695652            24
    0.26086956521739    0.13043478260870    0.34782608695652            24
    0.30434782608695    0.13043478260870    0.34782608695652            24
    0.34782608695652    0.13043478260870    0.34782608695652            24
    0.39130434782609    0.13043478260870    0.34782608695652            24
    0.43478260869565    0.13043478260870    0.34782608695652            12
    0.17391304347826    0.17391304347826    0.34782608695652            12
    0.21739130434783    0.17391304347826    0.34782608695652            24
    0.26086956521739    0.17391304347826    0.34782608695652            24
    0.30434782608695    0.17391304347826    0.34782608695652            24
    0.34782608695652    0.17391304347826    0.34782608695652            24
    0.39130434782609    0.17391304347826    0.34782608695652            24
    0.21739130434783    0.21739130434783    0.34782608695652            12
    0.26086956521739    0.21739130434783    0.34782608695652            24
    0.30434782608695    0.21739130434783    0.34782608695652            24
    0.34782608695652    0.21739130434783    0.34782608695652            24
    0.39130434782609    0.21739130434783    0.34782608695652            12
    0.26086956521739    0.26086956521739    0.34782608695652            12
    0.30434782608695    0.26086956521739    0.34782608695652            24
    0.34782608695652    0.26086956521739    0.34782608695652            24
    0.30434782608695    0.30434782608695    0.34782608695652            12
    0.34782608695652    0.30434782608695    0.34782608695652            12
    0.00000000000000    0.00000000000000    0.39130434782609             2
    0.04347826086956    0.00000000000000    0.39130434782609            12
    0.08695652173913    0.00000000000000    0.39130434782609            12
    0.13043478260870    0.00000000000000    0.39130434782609            12
    0.17391304347826    0.00000000000000    0.39130434782609            12
    0.21739130434783    0.00000000000000    0.39130434782609            12
    0.26086956521739    0.00000000000000    0.39130434782609            12
    0.30434782608695    0.00000000000000    0.39130434782609            12
    0.34782608695652    0.00000000000000    0.39130434782609            12
    0.39130434782609    0.00000000000000    0.39130434782609            12
    0.43478260869565    0.00000000000000    0.39130434782609            12
    0.47826086956522    0.00000000000000    0.39130434782609            12
    0.04347826086956    0.04347826086956    0.39130434782609            12
    0.08695652173913    0.04347826086956    0.39130434782609            24
    0.13043478260870    0.04347826086956    0.39130434782609            24
    0.17391304347826    0.04347826086956    0.39130434782609            24
    0.21739130434783    0.04347826086956    0.39130434782609            24
    0.26086956521739    0.04347826086956    0.39130434782609            24
    0.30434782608695    0.04347826086956    0.39130434782609            24
    0.34782608695652    0.04347826086956    0.39130434782609            24
    0.39130434782609    0.04347826086956    0.39130434782609            24
    0.43478260869565    0.04347826086956    0.39130434782609            24
    0.47826086956522    0.04347826086956    0.39130434782609            12
    0.08695652173913    0.08695652173913    0.39130434782609            12
    0.13043478260870    0.08695652173913    0.39130434782609            24
    0.17391304347826    0.08695652173913    0.39130434782609            24
    0.21739130434783    0.08695652173913    0.39130434782609            24
    0.26086956521739    0.08695652173913    0.39130434782609            24
    0.30434782608695    0.08695652173913    0.39130434782609            24
    0.34782608695652    0.08695652173913    0.39130434782609            24
    0.39130434782609    0.08695652173913    0.39130434782609            24
    0.43478260869565    0.08695652173913    0.39130434782609            24
    0.13043478260870    0.13043478260870    0.39130434782609            12
    0.17391304347826    0.13043478260870    0.39130434782609            24
    0.21739130434783    0.13043478260870    0.39130434782609            24
    0.26086956521739    0.13043478260870    0.39130434782609            24
    0.30434782608695    0.13043478260870    0.39130434782609            24
    0.34782608695652    0.13043478260870    0.39130434782609            24
    0.39130434782609    0.13043478260870    0.39130434782609            24
    0.43478260869565    0.13043478260870    0.39130434782609            12
    0.17391304347826    0.17391304347826    0.39130434782609            12
    0.21739130434783    0.17391304347826    0.39130434782609            24
    0.26086956521739    0.17391304347826    0.39130434782609            24
    0.30434782608695    0.17391304347826    0.39130434782609            24
    0.34782608695652    0.17391304347826    0.39130434782609            24
    0.39130434782609    0.17391304347826    0.39130434782609            24
    0.21739130434783    0.21739130434783    0.39130434782609            12
    0.26086956521739    0.21739130434783    0.39130434782609            24
    0.30434782608695    0.21739130434783    0.39130434782609            24
    0.34782608695652    0.21739130434783    0.39130434782609            24
    0.39130434782609    0.21739130434783    0.39130434782609            12
    0.26086956521739    0.26086956521739    0.39130434782609            12
    0.30434782608695    0.26086956521739    0.39130434782609            24
    0.34782608695652    0.26086956521739    0.39130434782609            24
    0.30434782608695    0.30434782608695    0.39130434782609            12
    0.34782608695652    0.30434782608695    0.39130434782609            12
    0.00000000000000    0.00000000000000    0.43478260869565             2
    0.04347826086956    0.00000000000000    0.43478260869565            12
    0.08695652173913    0.00000000000000    0.43478260869565            12
    0.13043478260870    0.00000000000000    0.43478260869565            12
    0.17391304347826    0.00000000000000    0.43478260869565            12
    0.21739130434783    0.00000000000000    0.43478260869565            12
    0.26086956521739    0.00000000000000    0.43478260869565            12
    0.30434782608695    0.00000000000000    0.43478260869565            12
    0.34782608695652    0.00000000000000    0.43478260869565            12
    0.39130434782609    0.00000000000000    0.43478260869565            12
    0.43478260869565    0.00000000000000    0.43478260869565            12
    0.47826086956522    0.00000000000000    0.43478260869565            12
    0.04347826086956    0.04347826086956    0.43478260869565            12
    0.08695652173913    0.04347826086956    0.43478260869565            24
    0.13043478260870    0.04347826086956    0.43478260869565            24
    0.17391304347826    0.04347826086956    0.43478260869565            24
    0.21739130434783    0.04347826086956    0.43478260869565            24
    0.26086956521739    0.04347826086956    0.43478260869565            24
    0.30434782608695    0.04347826086956    0.43478260869565            24
    0.34782608695652    0.04347826086956    0.43478260869565            24
    0.39130434782609    0.04347826086956    0.43478260869565            24
    0.43478260869565    0.04347826086956    0.43478260869565            24
    0.47826086956522    0.04347826086956    0.43478260869565            12
    0.08695652173913    0.08695652173913    0.43478260869565            12
    0.13043478260870    0.08695652173913    0.43478260869565            24
    0.17391304347826    0.08695652173913    0.43478260869565            24
    0.21739130434783    0.08695652173913    0.43478260869565            24
    0.26086956521739    0.08695652173913    0.43478260869565            24
    0.30434782608695    0.08695652173913    0.43478260869565            24
    0.34782608695652    0.08695652173913    0.43478260869565            24
    0.39130434782609    0.08695652173913    0.43478260869565            24
    0.43478260869565    0.08695652173913    0.43478260869565            24
    0.13043478260870    0.13043478260870    0.43478260869565            12
    0.17391304347826    0.13043478260870    0.43478260869565            24
    0.21739130434783    0.13043478260870    0.43478260869565            24
    0.26086956521739    0.13043478260870    0.43478260869565            24
    0.30434782608695    0.13043478260870    0.43478260869565            24
    0.34782608695652    0.13043478260870    0.43478260869565            24
    0.39130434782609    0.13043478260870    0.43478260869565            24
    0.43478260869565    0.13043478260870    0.43478260869565            12
    0.17391304347826    0.17391304347826    0.43478260869565            12
    0.21739130434783    0.17391304347826    0.43478260869565            24
    0.26086956521739    0.17391304347826    0.43478260869565            24
    0.30434782608695    0.17391304347826    0.43478260869565            24
    0.34782608695652    0.17391304347826    0.43478260869565            24
    0.39130434782609    0.17391304347826    0.43478260869565            24
    0.21739130434783    0.21739130434783    0.43478260869565            12
    0.26086956521739    0.21739130434783    0.43478260869565            24
    0.30434782608695    0.21739130434783    0.43478260869565            24
    0.34782608695652    0.21739130434783    0.43478260869565            24
    0.39130434782609    0.21739130434783    0.43478260869565            12
    0.26086956521739    0.26086956521739    0.43478260869565            12
    0.30434782608695    0.26086956521739    0.43478260869565            24
    0.34782608695652    0.26086956521739    0.43478260869565            24
    0.30434782608695    0.30434782608695    0.43478260869565            12
    0.34782608695652    0.30434782608695    0.43478260869565            12
    0.00000000000000    0.00000000000000    0.47826086956522             2
    0.04347826086956    0.00000000000000    0.47826086956522            12
    0.08695652173913    0.00000000000000    0.47826086956522            12
    0.13043478260870    0.00000000000000    0.47826086956522            12
    0.17391304347826    0.00000000000000    0.47826086956522            12
    0.21739130434783    0.00000000000000    0.47826086956522            12
    0.26086956521739    0.00000000000000    0.47826086956522            12
    0.30434782608695    0.00000000000000    0.47826086956522            12
    0.34782608695652    0.00000000000000    0.47826086956522            12
    0.39130434782609    0.00000000000000    0.47826086956522            12
    0.43478260869565    0.00000000000000    0.47826086956522            12
    0.47826086956522    0.00000000000000    0.47826086956522            12
    0.04347826086956    0.04347826086956    0.47826086956522            12
    0.08695652173913    0.04347826086956    0.47826086956522            24
    0.13043478260870    0.04347826086956    0.47826086956522            24
    0.17391304347826    0.04347826086956    0.47826086956522            24
    0.21739130434783    0.04347826086956    0.47826086956522            24
    0.26086956521739    0.04347826086956    0.47826086956522            24
    0.30434782608695    0.04347826086956    0.47826086956522            24
    0.34782608695652    0.04347826086956    0.47826086956522            24
    0.39130434782609    0.04347826086956    0.47826086956522            24
    0.43478260869565    0.04347826086956    0.47826086956522            24
    0.47826086956522    0.04347826086956    0.47826086956522            12
    0.08695652173913    0.08695652173913    0.47826086956522            12
    0.13043478260870    0.08695652173913    0.47826086956522            24
    0.17391304347826    0.08695652173913    0.47826086956522            24
    0.21739130434783    0.08695652173913    0.47826086956522            24
    0.26086956521739    0.08695652173913    0.47826086956522            24
    0.30434782608695    0.08695652173913    0.47826086956522            24
    0.34782608695652    0.08695652173913    0.47826086956522            24
    0.39130434782609    0.08695652173913    0.47826086956522            24
    0.43478260869565    0.08695652173913    0.47826086956522            24
    0.13043478260870    0.13043478260870    0.47826086956522            12
    0.17391304347826    0.13043478260870    0.47826086956522            24
    0.21739130434783    0.13043478260870    0.47826086956522            24
    0.26086956521739    0.13043478260870    0.47826086956522            24
    0.30434782608695    0.13043478260870    0.47826086956522            24
    0.34782608695652    0.13043478260870    0.47826086956522            24
    0.39130434782609    0.13043478260870    0.47826086956522            24
    0.43478260869565    0.13043478260870    0.47826086956522            12
    0.17391304347826    0.17391304347826    0.47826086956522            12
    0.21739130434783    0.17391304347826    0.47826086956522            24
    0.26086956521739    0.17391304347826    0.47826086956522            24
    0.30434782608695    0.17391304347826    0.47826086956522            24
    0.34782608695652    0.17391304347826    0.47826086956522            24
    0.39130434782609    0.17391304347826    0.47826086956522            24
    0.21739130434783    0.21739130434783    0.47826086956522            12
    0.26086956521739    0.21739130434783    0.47826086956522            24
    0.30434782608695    0.21739130434783    0.47826086956522            24
    0.34782608695652    0.21739130434783    0.47826086956522            24
    0.39130434782609    0.21739130434783    0.47826086956522            12
    0.26086956521739    0.26086956521739    0.47826086956522            12
    0.30434782608695    0.26086956521739    0.47826086956522            24
    0.34782608695652    0.26086956521739    0.47826086956522            24
    0.30434782608695    0.30434782608695    0.47826086956522            12
    0.34782608695652    0.30434782608695    0.47826086956522            12
