25   
1    

1    
  0.0022272068169936   0.0012858041715833   0.0096636565246637
  -0.0251649100   -0.0145318000   -0.0148305800
   0.0069412300    0.0040073900    0.0040085200
  -0.0004282200   -0.0002475500   -0.0016184100
  -0.0004331700   -0.0002504600   -0.0016108100
   0.0069357900    0.0040042300    0.0040794800
   0.0040164700   -0.0011359100    0.0040619700
   0.0010203000    0.0039673800    0.0040245500
   0.0002340900   -0.0001128700   -0.0006741200
   0.0007546000    0.0004297200    0.0007175500
   0.0000462900    0.0002583100   -0.0006750400
  -0.0004198800   -0.0002250300   -0.0016127000
   0.0004541500    0.0002470200   -0.0006746400
  -0.0004047400   -0.0002458700   -0.0016169100
   0.0000253500    0.0004344400    0.0007174500
   0.0003933700   -0.0001867600    0.0007177800
  -0.0004154000   -0.0002277400   -0.0016165000
   0.0003887200   -0.0001950200    0.0007173400
   0.0000347900    0.0004343500    0.0007178900
  -0.0004046700   -0.0002510500   -0.0016131200
   0.0004413000    0.0002693500   -0.0006746400
   0.0039448600   -0.0010989700    0.0040264900
   0.0000196600    0.0002592700   -0.0006740400
   0.0007493300    0.0004388900    0.0007175600
   0.0002465600   -0.0000892700   -0.0006751200
   0.0010241100    0.0040479600    0.0040600500
