total atom count	total energy	fermi energy	total kpoints	calculated kpoints	kpoints mesh	lattice constant	symmetry precision (SYMPREC)	energy cutoff (ENCUT)	k-point spacing (KSPACING)	volume	time step (POTIM)	mixing parameter (AMIX)	mixing parameter (BMIX)	electronic convergence (EDIFF)	force convergence (EDIFFG)	elapsed time (sec)	Scaling	a1	a2	a3
3	-9.596647	-2.23526414	289	45	(17, 17, 1)	2.50624	1e-05	600.0	None	None	0.5	None	None	1e-06	-0.001	19.618	1.0	2.50624	2.50624	40.0
3	-9.60824122	-2.25028605	144	28	(12, 12, 1)	2.50624	1e-05	600.0	None	None	0.5	None	None	1e-06	-0.001	22.119	1.0	2.50624	2.50624	40.0
3	-9.59804738	-2.21159767	169	28	(13, 13, 1)	2.50624	1e-05	600.0	None	None	0.5	None	None	1e-06	-0.001	25.46	1.0	2.50624	2.50624	40.0
3	-9.60018958	-2.23744427	400	66	(20, 20, 1)	2.50624	1e-05	600.0	None	None	0.5	None	None	1e-06	-0.001	30.025	1.0	2.50624	2.50624	40.0
3	-9.59966114	-2.19815332	225	36	(15, 15, 1)	2.50624	1e-05	600.0	None	None	0.5	None	None	1e-06	-0.001	30.942	1.0	2.50624	2.50624	40.0
3	-9.6014966	-2.21449321	256	45	(16, 16, 1)	2.50624	1e-05	600.0	None	None	0.5	None	None	1e-06	-0.001	33.863	1.0	2.50624	2.50624	40.0
3	-9.60142678	-2.20613973	361	55	(19, 19, 1)	2.50624	1e-05	600.0	None	None	0.5	None	None	1e-06	-0.001	45.519	1.0	2.50624	2.50624	40.0
3	-9.60200917	-2.28829958	324	55	(18, 18, 1)	2.50624	1e-05	600.0	None	None	0.5	None	None	1e-06	-0.001	45.728	1.0	2.50624	2.50624	40.0
3	-9.60154132	-2.21406968	676	105	(26, 26, 1)	2.50624	1e-05	600.0	None	None	0.5	None	None	1e-06	-0.001	48.307	1.0	2.50624	2.50624	40.0
3	-9.60100156	-2.22010722	841	120	(29, 29, 1)	2.50624	1e-05	600.0	None	None	0.5	None	None	1e-06	-0.001	55.41	1.0	2.50624	2.50624	40.0
3	-9.60180771	-2.24845444	484	78	(22, 22, 1)	2.50624	1e-05	600.0	None	None	0.5	None	None	1e-06	-0.001	65.194	1.0	2.50624	2.50624	40.0
3	-9.598088	-2.21325361	529	78	(23, 23, 1)	2.50624	1e-05	600.0	None	None	0.5	None	None	1e-06	-0.001	65.503	1.0	2.50624	2.50624	40.0
3	-9.60090418	-2.23747562	576	91	(24, 24, 1)	2.50624	1e-05	600.0	None	None	0.5	None	None	1e-06	-0.001	75.13	1.0	2.50624	2.50624	40.0
3	-9.60067722	-2.21982367	625	91	(25, 25, 1)	2.50624	1e-05	600.0	None	None	0.5	None	None	1e-06	-0.001	80.683	1.0	2.50624	2.50624	40.0
3	-9.6007781	-2.2173637	1296	190	(36, 36, 1)	2.50624	1e-05	600.0	None	None	0.5	None	None	1e-06	-0.001	84.519	1.0	2.50624	2.50624	40.0
3	-9.60031266	-2.23355149	729	105	(27, 27, 1)	2.50624	1e-05	600.0	None	None	0.5	None	None	1e-06	-0.001	86.881	1.0	2.50624	2.50624	40.0
3	-9.5999872	-2.23069081	900	136	(30, 30, 1)	2.50624	1e-05	600.0	None	None	0.5	None	None	1e-06	-0.001	112.946	1.0	2.50624	2.50624	40.0
3	-9.60063883	-2.22501474	1849	253	(43, 43, 1)	2.50624	1e-05	600.0	None	None	0.5	None	None	1e-06	-0.001	113.602	1.0	2.50624	2.50624	40.0
3	-9.60049559	-2.24227126	961	136	(31, 31, 1)	2.50624	1e-05	600.0	None	None	0.5	None	None	1e-06	-0.001	114.875	1.0	2.50624	2.50624	40.0
3	-9.60109283	-2.22356862	1764	253	(42, 42, 1)	2.50624	1e-05	600.0	None	None	0.5	None	None	1e-06	-0.001	118.394	1.0	2.50624	2.50624	40.0
3	-9.60095035	-2.23244652	2025	276	(45, 45, 1)	2.50624	1e-05	600.0	None	None	0.5	None	None	1e-06	-0.001	120.585	1.0	2.50624	2.50624	40.0
3	-9.60077274	-2.23451237	1936	276	(44, 44, 1)	2.50624	1e-05	600.0	None	None	0.5	None	None	1e-06	-0.001	123.301	1.0	2.50624	2.50624	40.0
3	-9.60119728	-2.22159248	1024	153	(32, 32, 1)	2.50624	1e-05	600.0	None	None	0.5	None	None	1e-06	-0.001	127.073	1.0	2.50624	2.50624	40.0
3	-9.60011898	-2.22202467	1089	153	(33, 33, 1)	2.50624	1e-05	600.0	None	None	0.5	None	None	1e-06	-0.001	128.648	1.0	2.50624	2.50624	40.0
3	-9.60050414	-2.22182715	2116	300	(46, 46, 1)	2.50624	1e-05	600.0	None	None	0.5	None	None	1e-06	-0.001	129.077	1.0	2.50624	2.50624	40.0
3	-9.60082019	-2.22936011	2304	325	(48, 48, 1)	2.50624	1e-05	600.0	None	None	0.5	None	None	1e-06	-0.001	130.66	1.0	2.50624	2.50624	40.0
3	-9.60075787	-2.23284414	2209	300	(47, 47, 1)	2.50624	1e-05	600.0	None	None	0.5	None	None	1e-06	-0.001	131.321	1.0	2.50624	2.50624	40.0
3	-9.60129814	-2.23341465	1225	171	(35, 35, 1)	2.50624	1e-05	600.0	None	None	0.5	None	None	1e-06	-0.001	141.781	1.0	2.50624	2.50624	40.0
3	-9.60119415	-2.2299461	1156	171	(34, 34, 1)	2.50624	1e-05	600.0	None	None	0.5	None	None	1e-06	-0.001	142.521	1.0	2.50624	2.50624	40.0
3	-9.60051139	-2.23870496	1369	190	(37, 37, 1)	2.50624	1e-05	600.0	None	None	0.5	None	None	1e-06	-0.001	160.753	1.0	2.50624	2.50624	40.0
3	-9.60092062	-2.22156043	1521	210	(39, 39, 1)	2.50624	1e-05	600.0	None	None	0.5	None	None	1e-06	-0.001	176.983	1.0	2.50624	2.50624	40.0
3	-9.60068715	-2.23048221	1444	210	(38, 38, 1)	2.50624	1e-05	600.0	None	None	0.5	None	None	1e-06	-0.001	183.212	1.0	2.50624	2.50624	40.0
3	-9.60038233	-2.22703125	1600	231	(40, 40, 1)	2.50624	1e-05	600.0	None	None	0.5	None	None	1e-06	-0.001	196.493	1.0	2.50624	2.50624	40.0
