Automatically generated mesh
     289
Reciprocal lattice
    0.00000000000000    0.00000000000000    0.00000000000000             1
    0.03030303030303    0.00000000000000    0.00000000000000             4
    0.06060606060606    0.00000000000000    0.00000000000000             4
    0.09090909090909    0.00000000000000    0.00000000000000             4
    0.12121212121213    0.00000000000000    0.00000000000000             4
    0.15151515151515    0.00000000000000    0.00000000000000             4
    0.18181818181818    0.00000000000000    0.00000000000000             4
    0.21212121212121    0.00000000000000    0.00000000000000             4
    0.24242424242424    0.00000000000000    0.00000000000000             4
    0.27272727272727    0.00000000000000    0.00000000000000             4
    0.30303030303031    0.00000000000000    0.00000000000000             4
    0.33333333333334    0.00000000000000    0.00000000000000             4
    0.36363636363637    0.00000000000000    0.00000000000000             4
    0.39393939393939    0.00000000000000    0.00000000000000             4
    0.42424242424242    0.00000000000000    0.00000000000000             4
    0.45454545454545    0.00000000000000    0.00000000000000             4
    0.48484848484849    0.00000000000000    0.00000000000000             4
    0.00000000000000    0.03030303030303    0.00000000000000             2
    0.06060606060606    0.03030303030303    0.00000000000000             2
    0.09090909090909    0.03030303030303    0.00000000000000             4
    0.12121212121213    0.03030303030303    0.00000000000000             4
    0.15151515151515    0.03030303030303    0.00000000000000             4
    0.18181818181818    0.03030303030303    0.00000000000000             4
    0.21212121212121    0.03030303030303    0.00000000000000             4
    0.24242424242424    0.03030303030303    0.00000000000000             4
    0.27272727272727    0.03030303030303    0.00000000000000             4
    0.30303030303031    0.03030303030303    0.00000000000000             4
    0.33333333333334    0.03030303030303    0.00000000000000             4
    0.36363636363637    0.03030303030303    0.00000000000000             4
    0.39393939393939    0.03030303030303    0.00000000000000             4
    0.42424242424242    0.03030303030303    0.00000000000000             4
    0.45454545454545    0.03030303030303    0.00000000000000             4
    0.48484848484849    0.03030303030303    0.00000000000000             4
   -0.48484848484848    0.03030303030303    0.00000000000000             4
   -0.45454545454545    0.03030303030303    0.00000000000000             4
   -0.42424242424242    0.03030303030303    0.00000000000000             4
   -0.39393939393939    0.03030303030303    0.00000000000000             4
   -0.36363636363637    0.03030303030303    0.00000000000000             4
   -0.33333333333333    0.03030303030303    0.00000000000000             4
   -0.30303030303030    0.03030303030303    0.00000000000000             4
   -0.27272727272727    0.03030303030303    0.00000000000000             4
   -0.24242424242424    0.03030303030303    0.00000000000000             4
   -0.21212121212121    0.03030303030303    0.00000000000000             4
   -0.18181818181818    0.03030303030303    0.00000000000000             4
   -0.15151515151515    0.03030303030303    0.00000000000000             4
   -0.12121212121212    0.03030303030303    0.00000000000000             4
   -0.09090909090909    0.03030303030303    0.00000000000000             4
   -0.06060606060606    0.03030303030303    0.00000000000000             4
   -0.03030303030303    0.03030303030303    0.00000000000000             4
    0.00000000000000    0.06060606060606    0.00000000000000             2
    0.12121212121213    0.06060606060606    0.00000000000000             2
    0.15151515151515    0.06060606060606    0.00000000000000             4
    0.18181818181818    0.06060606060606    0.00000000000000             4
    0.21212121212121    0.06060606060606    0.00000000000000             4
    0.24242424242424    0.06060606060606    0.00000000000000             4
    0.27272727272727    0.06060606060606    0.00000000000000             4
    0.30303030303031    0.06060606060606    0.00000000000000             4
    0.33333333333334    0.06060606060606    0.00000000000000             4
    0.36363636363637    0.06060606060606    0.00000000000000             4
    0.39393939393939    0.06060606060606    0.00000000000000             4
    0.42424242424242    0.06060606060606    0.00000000000000             4
    0.45454545454545    0.06060606060606    0.00000000000000             4
    0.48484848484849    0.06060606060606    0.00000000000000             4
   -0.48484848484848    0.06060606060606    0.00000000000000             4
   -0.45454545454545    0.06060606060606    0.00000000000000             4
   -0.42424242424242    0.06060606060606    0.00000000000000             4
   -0.39393939393939    0.06060606060606    0.00000000000000             4
   -0.36363636363637    0.06060606060606    0.00000000000000             4
   -0.33333333333333    0.06060606060606    0.00000000000000             4
   -0.30303030303030    0.06060606060606    0.00000000000000             4
   -0.27272727272727    0.06060606060606    0.00000000000000             4
   -0.24242424242424    0.06060606060606    0.00000000000000             4
   -0.21212121212121    0.06060606060606    0.00000000000000             4
   -0.18181818181818    0.06060606060606    0.00000000000000             4
   -0.15151515151515    0.06060606060606    0.00000000000000             4
   -0.12121212121212    0.06060606060606    0.00000000000000             4
   -0.09090909090909    0.06060606060606    0.00000000000000             4
   -0.06060606060606    0.06060606060606    0.00000000000000             4
   -0.03030303030303    0.06060606060606    0.00000000000000             4
    0.00000000000000    0.09090909090909    0.00000000000000             2
    0.18181818181818    0.09090909090909    0.00000000000000             2
    0.21212121212121    0.09090909090909    0.00000000000000             4
    0.24242424242424    0.09090909090909    0.00000000000000             4
    0.27272727272727    0.09090909090909    0.00000000000000             4
    0.30303030303031    0.09090909090909    0.00000000000000             4
    0.33333333333334    0.09090909090909    0.00000000000000             4
    0.36363636363637    0.09090909090909    0.00000000000000             4
    0.39393939393939    0.09090909090909    0.00000000000000             4
    0.42424242424242    0.09090909090909    0.00000000000000             4
    0.45454545454545    0.09090909090909    0.00000000000000             4
    0.48484848484849    0.09090909090909    0.00000000000000             4
   -0.48484848484848    0.09090909090909    0.00000000000000             4
   -0.45454545454545    0.09090909090909    0.00000000000000             4
   -0.42424242424242    0.09090909090909    0.00000000000000             4
   -0.39393939393939    0.09090909090909    0.00000000000000             4
   -0.36363636363637    0.09090909090909    0.00000000000000             4
   -0.33333333333333    0.09090909090909    0.00000000000000             4
   -0.30303030303030    0.09090909090909    0.00000000000000             4
   -0.27272727272727    0.09090909090909    0.00000000000000             4
   -0.24242424242424    0.09090909090909    0.00000000000000             4
   -0.21212121212121    0.09090909090909    0.00000000000000             4
   -0.18181818181818    0.09090909090909    0.00000000000000             4
   -0.15151515151515    0.09090909090909    0.00000000000000             4
   -0.12121212121212    0.09090909090909    0.00000000000000             4
   -0.09090909090909    0.09090909090909    0.00000000000000             4
   -0.06060606060606    0.09090909090909    0.00000000000000             4
   -0.03030303030303    0.09090909090909    0.00000000000000             4
    0.00000000000000    0.12121212121213    0.00000000000000             2
    0.24242424242424    0.12121212121213    0.00000000000000             2
    0.27272727272727    0.12121212121213    0.00000000000000             4
    0.30303030303031    0.12121212121213    0.00000000000000             4
    0.33333333333334    0.12121212121213    0.00000000000000             4
    0.36363636363637    0.12121212121213    0.00000000000000             4
    0.39393939393939    0.12121212121213    0.00000000000000             4
    0.42424242424242    0.12121212121213    0.00000000000000             4
    0.45454545454545    0.12121212121213    0.00000000000000             4
    0.48484848484849    0.12121212121213    0.00000000000000             4
   -0.48484848484848    0.12121212121213    0.00000000000000             4
   -0.45454545454545    0.12121212121213    0.00000000000000             4
   -0.42424242424242    0.12121212121213    0.00000000000000             4
   -0.39393939393939    0.12121212121213    0.00000000000000             4
   -0.36363636363637    0.12121212121213    0.00000000000000             4
   -0.33333333333333    0.12121212121213    0.00000000000000             4
   -0.30303030303030    0.12121212121213    0.00000000000000             4
   -0.27272727272727    0.12121212121213    0.00000000000000             4
   -0.24242424242424    0.12121212121213    0.00000000000000             4
   -0.21212121212121    0.12121212121213    0.00000000000000             4
   -0.18181818181818    0.12121212121213    0.00000000000000             4
   -0.15151515151515    0.12121212121213    0.00000000000000             4
   -0.12121212121212    0.12121212121213    0.00000000000000             4
   -0.09090909090909    0.12121212121213    0.00000000000000             4
   -0.06060606060606    0.12121212121213    0.00000000000000             4
   -0.03030303030303    0.12121212121213    0.00000000000000             4
    0.00000000000000    0.15151515151515    0.00000000000000             2
    0.30303030303031    0.15151515151515    0.00000000000000             2
    0.33333333333334    0.15151515151515    0.00000000000000             4
    0.36363636363637    0.15151515151515    0.00000000000000             4
    0.39393939393939    0.15151515151515    0.00000000000000             4
    0.42424242424242    0.15151515151515    0.00000000000000             4
    0.45454545454545    0.15151515151515    0.00000000000000             4
    0.48484848484849    0.15151515151515    0.00000000000000             4
   -0.48484848484848    0.15151515151515    0.00000000000000             4
   -0.45454545454545    0.15151515151515    0.00000000000000             4
   -0.42424242424242    0.15151515151515    0.00000000000000             4
   -0.39393939393939    0.15151515151515    0.00000000000000             4
   -0.36363636363637    0.15151515151515    0.00000000000000             4
   -0.33333333333333    0.15151515151515    0.00000000000000             4
   -0.30303030303030    0.15151515151515    0.00000000000000             4
   -0.27272727272727    0.15151515151515    0.00000000000000             4
   -0.24242424242424    0.15151515151515    0.00000000000000             4
   -0.21212121212121    0.15151515151515    0.00000000000000             4
   -0.18181818181818    0.15151515151515    0.00000000000000             4
   -0.15151515151515    0.15151515151515    0.00000000000000             4
   -0.12121212121212    0.15151515151515    0.00000000000000             4
   -0.09090909090909    0.15151515151515    0.00000000000000             4
   -0.06060606060606    0.15151515151515    0.00000000000000             4
   -0.03030303030303    0.15151515151515    0.00000000000000             4
    0.00000000000000    0.18181818181818    0.00000000000000             2
    0.36363636363637    0.18181818181818    0.00000000000000             2
    0.39393939393939    0.18181818181818    0.00000000000000             4
    0.42424242424242    0.18181818181818    0.00000000000000             4
    0.45454545454545    0.18181818181818    0.00000000000000             4
    0.48484848484849    0.18181818181818    0.00000000000000             4
   -0.48484848484848    0.18181818181818    0.00000000000000             4
   -0.45454545454545    0.18181818181818    0.00000000000000             4
   -0.42424242424242    0.18181818181818    0.00000000000000             4
   -0.39393939393939    0.18181818181818    0.00000000000000             4
   -0.36363636363637    0.18181818181818    0.00000000000000             4
   -0.33333333333333    0.18181818181818    0.00000000000000             4
   -0.30303030303030    0.18181818181818    0.00000000000000             4
   -0.27272727272727    0.18181818181818    0.00000000000000             4
   -0.24242424242424    0.18181818181818    0.00000000000000             4
   -0.21212121212121    0.18181818181818    0.00000000000000             4
   -0.18181818181818    0.18181818181818    0.00000000000000             4
   -0.15151515151515    0.18181818181818    0.00000000000000             4
   -0.12121212121212    0.18181818181818    0.00000000000000             4
   -0.09090909090909    0.18181818181818    0.00000000000000             4
   -0.06060606060606    0.18181818181818    0.00000000000000             4
   -0.03030303030303    0.18181818181818    0.00000000000000             4
    0.00000000000000    0.21212121212121    0.00000000000000             2
    0.42424242424242    0.21212121212121    0.00000000000000             2
    0.45454545454545    0.21212121212121    0.00000000000000             4
    0.48484848484849    0.21212121212121    0.00000000000000             4
   -0.48484848484848    0.21212121212121    0.00000000000000             4
   -0.45454545454545    0.21212121212121    0.00000000000000             4
   -0.42424242424242    0.21212121212121    0.00000000000000             4
   -0.39393939393939    0.21212121212121    0.00000000000000             4
   -0.36363636363637    0.21212121212121    0.00000000000000             4
   -0.33333333333333    0.21212121212121    0.00000000000000             4
   -0.30303030303030    0.21212121212121    0.00000000000000             4
   -0.27272727272727    0.21212121212121    0.00000000000000             4
   -0.24242424242424    0.21212121212121    0.00000000000000             4
   -0.21212121212121    0.21212121212121    0.00000000000000             4
   -0.18181818181818    0.21212121212121    0.00000000000000             4
   -0.15151515151515    0.21212121212121    0.00000000000000             4
   -0.12121212121212    0.21212121212121    0.00000000000000             4
   -0.09090909090909    0.21212121212121    0.00000000000000             4
   -0.06060606060606    0.21212121212121    0.00000000000000             4
   -0.03030303030303    0.21212121212121    0.00000000000000             4
    0.00000000000000    0.24242424242424    0.00000000000000             2
    0.48484848484849    0.24242424242424    0.00000000000000             2
   -0.48484848484848    0.24242424242424    0.00000000000000             4
   -0.45454545454545    0.24242424242424    0.00000000000000             4
   -0.42424242424242    0.24242424242424    0.00000000000000             4
   -0.39393939393939    0.24242424242424    0.00000000000000             4
   -0.36363636363637    0.24242424242424    0.00000000000000             4
   -0.33333333333333    0.24242424242424    0.00000000000000             4
   -0.30303030303030    0.24242424242424    0.00000000000000             4
   -0.27272727272727    0.24242424242424    0.00000000000000             4
   -0.24242424242424    0.24242424242424    0.00000000000000             4
   -0.21212121212121    0.24242424242424    0.00000000000000             4
   -0.18181818181818    0.24242424242424    0.00000000000000             4
   -0.15151515151515    0.24242424242424    0.00000000000000             4
   -0.12121212121212    0.24242424242424    0.00000000000000             4
   -0.09090909090909    0.24242424242424    0.00000000000000             4
   -0.06060606060606    0.24242424242424    0.00000000000000             4
   -0.03030303030303    0.24242424242424    0.00000000000000             4
    0.00000000000000    0.27272727272727    0.00000000000000             2
   -0.45454545454545    0.27272727272727    0.00000000000000             2
   -0.42424242424242    0.27272727272727    0.00000000000000             4
   -0.39393939393939    0.27272727272727    0.00000000000000             4
   -0.36363636363637    0.27272727272727    0.00000000000000             4
   -0.33333333333333    0.27272727272727    0.00000000000000             4
   -0.30303030303030    0.27272727272727    0.00000000000000             4
   -0.27272727272727    0.27272727272727    0.00000000000000             4
   -0.24242424242424    0.27272727272727    0.00000000000000             4
   -0.21212121212121    0.27272727272727    0.00000000000000             4
   -0.18181818181818    0.27272727272727    0.00000000000000             4
   -0.15151515151515    0.27272727272727    0.00000000000000             4
   -0.12121212121212    0.27272727272727    0.00000000000000             4
   -0.09090909090909    0.27272727272727    0.00000000000000             4
   -0.06060606060606    0.27272727272727    0.00000000000000             4
   -0.03030303030303    0.27272727272727    0.00000000000000             4
    0.00000000000000    0.30303030303031    0.00000000000000             2
   -0.39393939393939    0.30303030303031    0.00000000000000             2
   -0.36363636363637    0.30303030303031    0.00000000000000             4
   -0.33333333333333    0.30303030303031    0.00000000000000             4
   -0.30303030303030    0.30303030303031    0.00000000000000             4
   -0.27272727272727    0.30303030303031    0.00000000000000             4
   -0.24242424242424    0.30303030303031    0.00000000000000             4
   -0.21212121212121    0.30303030303031    0.00000000000000             4
   -0.18181818181818    0.30303030303031    0.00000000000000             4
   -0.15151515151515    0.30303030303031    0.00000000000000             4
   -0.12121212121212    0.30303030303031    0.00000000000000             4
   -0.09090909090909    0.30303030303031    0.00000000000000             4
   -0.06060606060606    0.30303030303031    0.00000000000000             4
   -0.03030303030303    0.30303030303031    0.00000000000000             4
    0.00000000000000    0.33333333333334    0.00000000000000             2
   -0.33333333333333    0.33333333333334    0.00000000000000             2
   -0.30303030303030    0.33333333333334    0.00000000000000             4
   -0.27272727272727    0.33333333333334    0.00000000000000             4
   -0.24242424242424    0.33333333333334    0.00000000000000             4
   -0.21212121212121    0.33333333333334    0.00000000000000             4
   -0.18181818181818    0.33333333333334    0.00000000000000             4
   -0.15151515151515    0.33333333333334    0.00000000000000             4
   -0.12121212121212    0.33333333333334    0.00000000000000             4
   -0.09090909090909    0.33333333333334    0.00000000000000             4
   -0.06060606060606    0.33333333333334    0.00000000000000             4
   -0.03030303030303    0.33333333333334    0.00000000000000             4
    0.00000000000000    0.36363636363637    0.00000000000000             2
   -0.27272727272727    0.36363636363637    0.00000000000000             2
   -0.24242424242424    0.36363636363637    0.00000000000000             4
   -0.21212121212121    0.36363636363637    0.00000000000000             4
   -0.18181818181818    0.36363636363637    0.00000000000000             4
   -0.15151515151515    0.36363636363637    0.00000000000000             4
   -0.12121212121212    0.36363636363637    0.00000000000000             4
   -0.09090909090909    0.36363636363637    0.00000000000000             4
   -0.06060606060606    0.36363636363637    0.00000000000000             4
   -0.03030303030303    0.36363636363637    0.00000000000000             4
    0.00000000000000    0.39393939393939    0.00000000000000             2
   -0.21212121212121    0.39393939393939    0.00000000000000             2
   -0.18181818181818    0.39393939393939    0.00000000000000             4
   -0.15151515151515    0.39393939393939    0.00000000000000             4
   -0.12121212121212    0.39393939393939    0.00000000000000             4
   -0.09090909090909    0.39393939393939    0.00000000000000             4
   -0.06060606060606    0.39393939393939    0.00000000000000             4
   -0.03030303030303    0.39393939393939    0.00000000000000             4
    0.00000000000000    0.42424242424242    0.00000000000000             2
   -0.15151515151515    0.42424242424242    0.00000000000000             2
   -0.12121212121212    0.42424242424242    0.00000000000000             4
   -0.09090909090909    0.42424242424242    0.00000000000000             4
   -0.06060606060606    0.42424242424242    0.00000000000000             4
   -0.03030303030303    0.42424242424242    0.00000000000000             4
    0.00000000000000    0.45454545454545    0.00000000000000             2
   -0.09090909090909    0.45454545454545    0.00000000000000             2
   -0.06060606060606    0.45454545454545    0.00000000000000             4
   -0.03030303030303    0.45454545454545    0.00000000000000             4
    0.00000000000000    0.48484848484849    0.00000000000000             2
   -0.03030303030303    0.48484848484849    0.00000000000000             2
