48   
3    

1    
  0.0021334681402609   0.0000000000000000   0.0097697652834903
  -0.0178234400    0.0000000000   -0.0244643100
   0.0100698100    0.0000000000    0.0286918800
  -0.0003570800    0.0000000000    0.0259056700
   0.0020376900    0.0000000000    0.0304928700
  -0.0005941200    0.0039875100    0.0295940700
  -0.0020770200   -0.0023286700    0.0284900100
  -0.0000830000   -0.0005398800    0.0269062300
   0.0014585900   -0.0012084800    0.0277087700
   0.0000314000    0.0000000000    0.0259063500
  -0.0006819100    0.0000000000    0.0270251000
  -0.0001202800    0.0000000000    0.0269550400
   0.0003983300    0.0000000000    0.0267884200
  -0.0005941200   -0.0039875100    0.0295940700
  -0.0020770200    0.0023286700    0.0284900100
  -0.0000830000    0.0005398800    0.0269062300
   0.0014585900    0.0012084800    0.0277087700
  -0.0068744600   -0.0078461900    0.0059399100
  -0.0010040400   -0.0003680000    0.0006297100
   0.0016608500   -0.0003492700    0.0007610400
   0.0103254500   -0.0093511400    0.0097730200
  -0.0004324100   -0.0013045000    0.0007147100
   0.0001599100    0.0000524600    0.0000176100
   0.0000658300    0.0000409200    0.0002653600
   0.0002850000   -0.0013618800    0.0006765400
  -0.0004324100    0.0013045000    0.0007147100
   0.0001599100   -0.0000524600    0.0000176100
   0.0000658300   -0.0000409200    0.0002653600
   0.0002850000    0.0013618800    0.0006765400
  -0.0068744600    0.0078461900    0.0059399100
  -0.0010040400    0.0003680000    0.0006297100
   0.0016608500    0.0003492700    0.0007610400
   0.0103254500    0.0093511400    0.0097730200
  -0.0001758200    0.0000000000   -0.0302272700
  -0.0013903300    0.0000000000   -0.0262736300
  -0.0000671500    0.0000000000   -0.0255766200
   0.0021908300    0.0000000000   -0.0254917600
  -0.0000093600   -0.0017905600   -0.0258820700
   0.0005165800    0.0002917500   -0.0273969700
  -0.0000802600    0.0002755400   -0.0268030000
  -0.0005808200    0.0008056500   -0.0276342100
   0.0001607900    0.0000000000   -0.0255771000
   0.0002532500    0.0000000000   -0.0267415300
   0.0002979300    0.0000000000   -0.0280701900
  -0.0002974900    0.0000000000   -0.0268643400
  -0.0000093600    0.0017905600   -0.0258820700
   0.0005165800   -0.0002917500   -0.0273969700
  -0.0000802600   -0.0002755400   -0.0268030000
  -0.0005808200   -0.0008056500   -0.0276342100

1    
 -0.0021334681402609   0.0000000000000000  -0.0097697652834903
   0.0181953000    0.0000000000    0.0788557800
  -0.0101397300    0.0000000000    0.0245698300
   0.0003673300    0.0000000000    0.0274069700
  -0.0019021700    0.0000000000    0.0228174600
   0.0005887900   -0.0041473900    0.0236951300
   0.0020816500    0.0023289600    0.0248249700
   0.0000848900    0.0005508400    0.0263846200
  -0.0014692500    0.0012204100    0.0255912300
  -0.0000322200    0.0000000000    0.0274076600
   0.0006942900    0.0000000000    0.0262652700
   0.0001201000    0.0000000000    0.0263342300
  -0.0004068900    0.0000000000    0.0265049900
   0.0005887900    0.0041473900    0.0236951300
   0.0020816500   -0.0023289600    0.0248249700
   0.0000848900   -0.0005508400    0.0263846200
  -0.0014692500   -0.0012204100    0.0255912300
   0.0070582600    0.0080212900   -0.0061129200
   0.0010020400    0.0003723000   -0.0006277200
  -0.0016705000    0.0003594800   -0.0007654700
  -0.0107015800    0.0097415100   -0.0102023400
   0.0004390000    0.0013016100   -0.0007123600
  -0.0001581800   -0.0000491000   -0.0000118100
  -0.0000698800   -0.0000399200   -0.0002576100
  -0.0002925700    0.0013694200   -0.0006803400
   0.0004390000   -0.0013016100   -0.0007123600
  -0.0001581800    0.0000491000   -0.0000118100
  -0.0000698800    0.0000399200   -0.0002576100
  -0.0002925700   -0.0013694200   -0.0006803400
   0.0070582600   -0.0080212900   -0.0061129200
   0.0010020400   -0.0003723000   -0.0006277200
  -0.0016705000   -0.0003594800   -0.0007654700
  -0.0107015800   -0.0097415100   -0.0102023400
   0.0001691800    0.0000000000   -0.0228823800
   0.0014084000    0.0000000000   -0.0270301700
   0.0000665800    0.0000000000   -0.0277378600
  -0.0022137200    0.0000000000   -0.0278212700
   0.0000082400    0.0018111000   -0.0274251100
  -0.0005149900   -0.0002870900   -0.0259011500
   0.0000779800   -0.0002776300   -0.0265037300
   0.0005819800   -0.0008098800   -0.0256591700
  -0.0001650500    0.0000000000   -0.0277383500
  -0.0002554100    0.0000000000   -0.0265630800
  -0.0002979200    0.0000000000   -0.0252172000
   0.0003002100    0.0000000000   -0.0264442800
   0.0000082400   -0.0018111000   -0.0274251100
  -0.0005149900    0.0002870900   -0.0259011500
   0.0000779800    0.0002776300   -0.0265037300
   0.0005819800    0.0008098800   -0.0256591700

17   
  0.0021334681402609   0.0000000000000000   0.0097697652834903
  -0.0073902500   -0.0083555000    0.0328316600
   0.0110324900   -0.0100701700    0.0367805700
   0.0006579200    0.0000371500    0.0276415500
   0.0000171600    0.0001032100    0.0270565700
  -0.0073902500    0.0083555000    0.0328316600
   0.0110324900    0.0100701700    0.0367805700
   0.0006579200   -0.0000371500    0.0276415500
   0.0000171600   -0.0001032100    0.0270565700
  -0.0000025300    0.0003277700    0.0272677700
  -0.0001438000    0.0003111400    0.0274296100
   0.0006766200    0.0005684600    0.0267820900
  -0.0004518000    0.0005592400    0.0268021300
  -0.0000025300   -0.0003277700    0.0272677700
  -0.0001438000   -0.0003111400    0.0274296100
   0.0006766200   -0.0005684600    0.0267820900
  -0.0004518000   -0.0005592400    0.0268021300
  -0.0243177000   -0.0000000000   -0.1002082300
   0.0035914600   -0.0000000000    0.0057482200
  -0.0008463500   -0.0000000000    0.0028577100
   0.0037280000   -0.0000000000    0.0057585900
  -0.0000624200   -0.0000960100    0.0057535100
   0.0000757400    0.0000280100   -0.0010124100
   0.0001125800   -0.0000049300    0.0001855500
   0.0000760500   -0.0000276300   -0.0010112700
   0.0002116200   -0.0000000000    0.0028576600
   0.0000012300   -0.0000000000    0.0001846900
   0.0000576300   -0.0000000000   -0.0015119300
   0.0000114100   -0.0000000000    0.0001863700
  -0.0000624200    0.0000960100    0.0057535100
   0.0000757400   -0.0000280100   -0.0010124100
   0.0001125800    0.0000049300    0.0001855500
   0.0000760500    0.0000276300   -0.0010112700
   0.0106495600    0.0096775500   -0.0169483500
  -0.0071975700    0.0081670500   -0.0206358100
   0.0000292400   -0.0001202500   -0.0262473600
   0.0006209800   -0.0000610500   -0.0256669600
   0.0106495600   -0.0096775500   -0.0169483500
  -0.0071975700   -0.0081670500   -0.0206358100
   0.0000292400    0.0001202500   -0.0262473600
   0.0006209800    0.0000610500   -0.0256669600
  -0.0001639700   -0.0002893300   -0.0258794900
   0.0000164300   -0.0003042400   -0.0260340200
  -0.0004513300   -0.0005603500   -0.0265060100
   0.0006802400   -0.0005718900   -0.0265258500
  -0.0001639700    0.0002893300   -0.0258794900
   0.0000164300    0.0003042400   -0.0260340200
  -0.0004513300    0.0005603500   -0.0265060100
   0.0006802400    0.0005718900   -0.0265258500
