Automatically generated mesh
    1024
Reciprocal lattice
    0.00000000000000    0.00000000000000    0.00000000000000             1
    0.01587301587302    0.00000000000000    0.00000000000000             4
    0.03174603174603    0.00000000000000    0.00000000000000             4
    0.04761904761905    0.00000000000000    0.00000000000000             4
    0.06349206349206    0.00000000000000    0.00000000000000             4
    0.07936507936508    0.00000000000000    0.00000000000000             4
    0.09523809523810    0.00000000000000    0.00000000000000             4
    0.11111111111112    0.00000000000000    0.00000000000000             4
    0.12698412698413    0.00000000000000    0.00000000000000             4
    0.14285714285715    0.00000000000000    0.00000000000000             4
    0.15873015873016    0.00000000000000    0.00000000000000             4
    0.17460317460318    0.00000000000000    0.00000000000000             4
    0.19047619047619    0.00000000000000    0.00000000000000             4
    0.20634920634921    0.00000000000000    0.00000000000000             4
    0.22222222222222    0.00000000000000    0.00000000000000             4
    0.23809523809524    0.00000000000000    0.00000000000000             4
    0.25396825396825    0.00000000000000    0.00000000000000             4
    0.26984126984127    0.00000000000000    0.00000000000000             4
    0.28571428571429    0.00000000000000    0.00000000000000             4
    0.30158730158731    0.00000000000000    0.00000000000000             4
    0.31746031746032    0.00000000000000    0.00000000000000             4
    0.33333333333334    0.00000000000000    0.00000000000000             4
    0.34920634920635    0.00000000000000    0.00000000000000             4
    0.36507936507937    0.00000000000000    0.00000000000000             4
    0.38095238095238    0.00000000000000    0.00000000000000             4
    0.39682539682540    0.00000000000000    0.00000000000000             4
    0.41269841269841    0.00000000000000    0.00000000000000             4
    0.42857142857143    0.00000000000000    0.00000000000000             4
    0.44444444444444    0.00000000000000    0.00000000000000             4
    0.46031746031746    0.00000000000000    0.00000000000000             4
    0.47619047619048    0.00000000000000    0.00000000000000             4
    0.49206349206350    0.00000000000000    0.00000000000000             4
    0.01587301587302    0.01587301587302    0.00000000000000             2
    0.03174603174603    0.01587301587302    0.00000000000000             4
    0.04761904761905    0.01587301587302    0.00000000000000             4
    0.06349206349206    0.01587301587302    0.00000000000000             4
    0.07936507936508    0.01587301587302    0.00000000000000             4
    0.09523809523810    0.01587301587302    0.00000000000000             4
    0.11111111111112    0.01587301587302    0.00000000000000             4
    0.12698412698413    0.01587301587302    0.00000000000000             4
    0.14285714285715    0.01587301587302    0.00000000000000             4
    0.15873015873016    0.01587301587302    0.00000000000000             4
    0.17460317460318    0.01587301587302    0.00000000000000             4
    0.19047619047619    0.01587301587302    0.00000000000000             4
    0.20634920634921    0.01587301587302    0.00000000000000             4
    0.22222222222222    0.01587301587302    0.00000000000000             4
    0.23809523809524    0.01587301587302    0.00000000000000             4
    0.25396825396825    0.01587301587302    0.00000000000000             4
    0.26984126984127    0.01587301587302    0.00000000000000             4
    0.28571428571429    0.01587301587302    0.00000000000000             4
    0.30158730158731    0.01587301587302    0.00000000000000             4
    0.31746031746032    0.01587301587302    0.00000000000000             4
    0.33333333333334    0.01587301587302    0.00000000000000             4
    0.34920634920635    0.01587301587302    0.00000000000000             4
    0.36507936507937    0.01587301587302    0.00000000000000             4
    0.38095238095238    0.01587301587302    0.00000000000000             4
    0.39682539682540    0.01587301587302    0.00000000000000             4
    0.41269841269841    0.01587301587302    0.00000000000000             4
    0.42857142857143    0.01587301587302    0.00000000000000             4
    0.44444444444444    0.01587301587302    0.00000000000000             4
    0.46031746031746    0.01587301587302    0.00000000000000             4
    0.47619047619048    0.01587301587302    0.00000000000000             4
    0.49206349206350    0.01587301587302    0.00000000000000             4
   -0.49206349206349    0.01587301587302    0.00000000000000             4
   -0.47619047619047    0.01587301587302    0.00000000000000             4
   -0.46031746031746    0.01587301587302    0.00000000000000             4
   -0.44444444444444    0.01587301587302    0.00000000000000             4
   -0.42857142857143    0.01587301587302    0.00000000000000             4
   -0.41269841269841    0.01587301587302    0.00000000000000             4
   -0.39682539682540    0.01587301587302    0.00000000000000             4
   -0.38095238095238    0.01587301587301    0.00000000000000             4
   -0.36507936507937    0.01587301587302    0.00000000000000             4
   -0.34920634920635    0.01587301587302    0.00000000000000             4
   -0.33333333333333    0.01587301587302    0.00000000000000             4
   -0.31746031746032    0.01587301587302    0.00000000000000             4
   -0.30158730158730    0.01587301587302    0.00000000000000             4
   -0.28571428571428    0.01587301587302    0.00000000000000             4
   -0.26984126984127    0.01587301587302    0.00000000000000             4
   -0.25396825396825    0.01587301587302    0.00000000000000             4
   -0.23809523809524    0.01587301587302    0.00000000000000             4
   -0.22222222222222    0.01587301587302    0.00000000000000             4
   -0.20634920634921    0.01587301587302    0.00000000000000             4
   -0.19047619047619    0.01587301587302    0.00000000000000             4
   -0.17460317460318    0.01587301587302    0.00000000000000             4
   -0.15873015873016    0.01587301587302    0.00000000000000             4
   -0.14285714285714    0.01587301587302    0.00000000000000             4
   -0.12698412698413    0.01587301587302    0.00000000000000             4
   -0.11111111111111    0.01587301587302    0.00000000000000             4
   -0.09523809523809    0.01587301587302    0.00000000000000             4
   -0.07936507936508    0.01587301587302    0.00000000000000             4
   -0.06349206349206    0.01587301587302    0.00000000000000             4
   -0.04761904761905    0.01587301587302    0.00000000000000             4
   -0.03174603174603    0.01587301587302    0.00000000000000             4
   -0.01587301587301    0.01587301587302    0.00000000000000             2
    0.03174603174603    0.03174603174603    0.00000000000000             2
    0.04761904761905    0.03174603174603    0.00000000000000             4
    0.06349206349206    0.03174603174603    0.00000000000000             4
    0.07936507936508    0.03174603174603    0.00000000000000             4
    0.09523809523810    0.03174603174603    0.00000000000000             4
    0.11111111111112    0.03174603174603    0.00000000000000             4
    0.12698412698413    0.03174603174603    0.00000000000000             4
    0.14285714285715    0.03174603174603    0.00000000000000             4
    0.15873015873016    0.03174603174603    0.00000000000000             4
    0.17460317460318    0.03174603174603    0.00000000000000             4
    0.19047619047619    0.03174603174603    0.00000000000000             4
    0.20634920634921    0.03174603174603    0.00000000000000             4
    0.22222222222222    0.03174603174603    0.00000000000000             4
    0.23809523809524    0.03174603174603    0.00000000000000             4
    0.25396825396825    0.03174603174603    0.00000000000000             4
    0.26984126984127    0.03174603174603    0.00000000000000             4
    0.28571428571429    0.03174603174603    0.00000000000000             4
    0.30158730158731    0.03174603174603    0.00000000000000             4
    0.31746031746032    0.03174603174603    0.00000000000000             4
    0.33333333333334    0.03174603174603    0.00000000000000             4
    0.34920634920635    0.03174603174603    0.00000000000000             4
    0.36507936507937    0.03174603174603    0.00000000000000             4
    0.38095238095238    0.03174603174603    0.00000000000000             4
    0.39682539682540    0.03174603174603    0.00000000000000             4
    0.41269841269841    0.03174603174603    0.00000000000000             4
    0.42857142857143    0.03174603174603    0.00000000000000             4
    0.44444444444444    0.03174603174603    0.00000000000000             4
    0.46031746031746    0.03174603174603    0.00000000000000             4
    0.47619047619048    0.03174603174603    0.00000000000000             4
    0.49206349206350    0.03174603174603    0.00000000000000             4
   -0.49206349206349    0.03174603174603    0.00000000000000             4
   -0.47619047619047    0.03174603174603    0.00000000000000             4
   -0.46031746031746    0.03174603174603    0.00000000000000             4
   -0.44444444444444    0.03174603174603    0.00000000000000             4
   -0.42857142857143    0.03174603174603    0.00000000000000             4
   -0.41269841269841    0.03174603174603    0.00000000000000             4
   -0.39682539682540    0.03174603174603    0.00000000000000             4
   -0.38095238095238    0.03174603174603    0.00000000000000             4
   -0.36507936507937    0.03174603174603    0.00000000000000             4
   -0.34920634920635    0.03174603174603    0.00000000000000             4
   -0.33333333333333    0.03174603174603    0.00000000000000             4
   -0.31746031746032    0.03174603174603    0.00000000000000             4
   -0.30158730158730    0.03174603174603    0.00000000000000             4
   -0.28571428571428    0.03174603174603    0.00000000000000             4
   -0.26984126984127    0.03174603174603    0.00000000000000             4
   -0.25396825396825    0.03174603174603    0.00000000000000             4
   -0.23809523809524    0.03174603174603    0.00000000000000             4
   -0.22222222222222    0.03174603174603    0.00000000000000             4
   -0.20634920634921    0.03174603174603    0.00000000000000             4
   -0.19047619047619    0.03174603174603    0.00000000000000             4
   -0.17460317460318    0.03174603174603    0.00000000000000             4
   -0.15873015873016    0.03174603174603    0.00000000000000             4
   -0.14285714285714    0.03174603174603    0.00000000000000             4
   -0.12698412698413    0.03174603174603    0.00000000000000             4
   -0.11111111111111    0.03174603174603    0.00000000000000             4
   -0.09523809523809    0.03174603174603    0.00000000000000             4
   -0.07936507936508    0.03174603174603    0.00000000000000             4
   -0.06349206349206    0.03174603174603    0.00000000000000             4
   -0.04761904761905    0.03174603174603    0.00000000000000             4
   -0.03174603174603    0.03174603174603    0.00000000000000             2
    0.04761904761905    0.04761904761905    0.00000000000000             2
    0.06349206349206    0.04761904761905    0.00000000000000             4
    0.07936507936508    0.04761904761905    0.00000000000000             4
    0.09523809523810    0.04761904761905    0.00000000000000             4
    0.11111111111112    0.04761904761905    0.00000000000000             4
    0.12698412698413    0.04761904761905    0.00000000000000             4
    0.14285714285715    0.04761904761905    0.00000000000000             4
    0.15873015873016    0.04761904761905    0.00000000000000             4
    0.17460317460318    0.04761904761905    0.00000000000000             4
    0.19047619047619    0.04761904761905    0.00000000000000             4
    0.20634920634921    0.04761904761905    0.00000000000000             4
    0.22222222222222    0.04761904761905    0.00000000000000             4
    0.23809523809524    0.04761904761905    0.00000000000000             4
    0.25396825396825    0.04761904761905    0.00000000000000             4
    0.26984126984127    0.04761904761905    0.00000000000000             4
    0.28571428571429    0.04761904761905    0.00000000000000             4
    0.30158730158731    0.04761904761905    0.00000000000000             4
    0.31746031746032    0.04761904761905    0.00000000000000             4
    0.33333333333334    0.04761904761905    0.00000000000000             4
    0.34920634920635    0.04761904761905    0.00000000000000             4
    0.36507936507937    0.04761904761905    0.00000000000000             4
    0.38095238095238    0.04761904761905    0.00000000000000             4
    0.39682539682540    0.04761904761905    0.00000000000000             4
    0.41269841269841    0.04761904761905    0.00000000000000             4
    0.42857142857143    0.04761904761905    0.00000000000000             4
    0.44444444444444    0.04761904761905    0.00000000000000             4
    0.46031746031746    0.04761904761905    0.00000000000000             4
    0.47619047619048    0.04761904761905    0.00000000000000             4
    0.49206349206350    0.04761904761905    0.00000000000000             4
   -0.49206349206349    0.04761904761905    0.00000000000000             4
   -0.47619047619047    0.04761904761905    0.00000000000000             4
   -0.46031746031746    0.04761904761905    0.00000000000000             4
   -0.44444444444444    0.04761904761905    0.00000000000000             4
   -0.42857142857143    0.04761904761905    0.00000000000000             4
   -0.41269841269841    0.04761904761905    0.00000000000000             4
   -0.39682539682540    0.04761904761905    0.00000000000000             4
   -0.38095238095238    0.04761904761905    0.00000000000000             4
   -0.36507936507937    0.04761904761905    0.00000000000000             4
   -0.34920634920635    0.04761904761905    0.00000000000000             4
   -0.33333333333333    0.04761904761905    0.00000000000000             4
   -0.31746031746032    0.04761904761905    0.00000000000000             4
   -0.30158730158730    0.04761904761905    0.00000000000000             4
   -0.28571428571428    0.04761904761905    0.00000000000000             4
   -0.26984126984127    0.04761904761905    0.00000000000000             4
   -0.25396825396825    0.04761904761905    0.00000000000000             4
   -0.23809523809524    0.04761904761905    0.00000000000000             4
   -0.22222222222222    0.04761904761905    0.00000000000000             4
   -0.20634920634921    0.04761904761905    0.00000000000000             4
   -0.19047619047619    0.04761904761905    0.00000000000000             4
   -0.17460317460318    0.04761904761905    0.00000000000000             4
   -0.15873015873016    0.04761904761905    0.00000000000000             4
   -0.14285714285714    0.04761904761905    0.00000000000000             4
   -0.12698412698413    0.04761904761905    0.00000000000000             4
   -0.11111111111111    0.04761904761905    0.00000000000000             4
   -0.09523809523809    0.04761904761905    0.00000000000000             4
   -0.07936507936508    0.04761904761905    0.00000000000000             4
   -0.06349206349206    0.04761904761905    0.00000000000000             4
   -0.04761904761905    0.04761904761905    0.00000000000000             2
    0.06349206349206    0.06349206349206    0.00000000000000             2
    0.07936507936508    0.06349206349206    0.00000000000000             4
    0.09523809523810    0.06349206349206    0.00000000000000             4
    0.11111111111112    0.06349206349206    0.00000000000000             4
    0.12698412698413    0.06349206349206    0.00000000000000             4
    0.14285714285715    0.06349206349206    0.00000000000000             4
    0.15873015873016    0.06349206349206    0.00000000000000             4
    0.17460317460318    0.06349206349206    0.00000000000000             4
    0.19047619047619    0.06349206349206    0.00000000000000             4
    0.20634920634921    0.06349206349206    0.00000000000000             4
    0.22222222222222    0.06349206349206    0.00000000000000             4
    0.23809523809524    0.06349206349206    0.00000000000000             4
    0.25396825396825    0.06349206349206    0.00000000000000             4
    0.26984126984127    0.06349206349206    0.00000000000000             4
    0.28571428571429    0.06349206349206    0.00000000000000             4
    0.30158730158731    0.06349206349206    0.00000000000000             4
    0.31746031746032    0.06349206349206    0.00000000000000             4
    0.33333333333334    0.06349206349206    0.00000000000000             4
    0.34920634920635    0.06349206349206    0.00000000000000             4
    0.36507936507937    0.06349206349206    0.00000000000000             4
    0.38095238095238    0.06349206349206    0.00000000000000             4
    0.39682539682540    0.06349206349206    0.00000000000000             4
    0.41269841269841    0.06349206349206    0.00000000000000             4
    0.42857142857143    0.06349206349206    0.00000000000000             4
    0.44444444444444    0.06349206349206    0.00000000000000             4
    0.46031746031746    0.06349206349206    0.00000000000000             4
    0.47619047619048    0.06349206349206    0.00000000000000             4
    0.49206349206350    0.06349206349206    0.00000000000000             4
   -0.49206349206349    0.06349206349206    0.00000000000000             4
   -0.47619047619047    0.06349206349206    0.00000000000000             4
   -0.46031746031746    0.06349206349206    0.00000000000000             4
   -0.44444444444444    0.06349206349206    0.00000000000000             4
   -0.42857142857143    0.06349206349206    0.00000000000000             4
   -0.41269841269841    0.06349206349206    0.00000000000000             4
   -0.39682539682540    0.06349206349206    0.00000000000000             4
   -0.38095238095238    0.06349206349206    0.00000000000000             4
   -0.36507936507937    0.06349206349206    0.00000000000000             4
   -0.34920634920635    0.06349206349206    0.00000000000000             4
   -0.33333333333333    0.06349206349206    0.00000000000000             4
   -0.31746031746032    0.06349206349206    0.00000000000000             4
   -0.30158730158730    0.06349206349206    0.00000000000000             4
   -0.28571428571428    0.06349206349206    0.00000000000000             4
   -0.26984126984127    0.06349206349206    0.00000000000000             4
   -0.25396825396825    0.06349206349206    0.00000000000000             4
   -0.23809523809524    0.06349206349206    0.00000000000000             4
   -0.22222222222222    0.06349206349206    0.00000000000000             4
   -0.20634920634921    0.06349206349206    0.00000000000000             4
   -0.19047619047619    0.06349206349206    0.00000000000000             4
   -0.17460317460318    0.06349206349206    0.00000000000000             4
   -0.15873015873016    0.06349206349206    0.00000000000000             4
   -0.14285714285714    0.06349206349206    0.00000000000000             4
   -0.12698412698413    0.06349206349206    0.00000000000000             4
   -0.11111111111111    0.06349206349206    0.00000000000000             4
   -0.09523809523809    0.06349206349206    0.00000000000000             4
   -0.07936507936508    0.06349206349206    0.00000000000000             4
   -0.06349206349206    0.06349206349206    0.00000000000000             2
    0.07936507936508    0.07936507936508    0.00000000000000             2
    0.09523809523810    0.07936507936508    0.00000000000000             4
    0.11111111111112    0.07936507936508    0.00000000000000             4
    0.12698412698413    0.07936507936508    0.00000000000000             4
    0.14285714285715    0.07936507936508    0.00000000000000             4
    0.15873015873016    0.07936507936508    0.00000000000000             4
    0.17460317460318    0.07936507936508    0.00000000000000             4
    0.19047619047619    0.07936507936508    0.00000000000000             4
    0.20634920634921    0.07936507936508    0.00000000000000             4
    0.22222222222222    0.07936507936508    0.00000000000000             4
    0.23809523809524    0.07936507936508    0.00000000000000             4
    0.25396825396825    0.07936507936508    0.00000000000000             4
    0.26984126984127    0.07936507936508    0.00000000000000             4
    0.28571428571429    0.07936507936508    0.00000000000000             4
    0.30158730158731    0.07936507936508    0.00000000000000             4
    0.31746031746032    0.07936507936508    0.00000000000000             4
    0.33333333333334    0.07936507936508    0.00000000000000             4
    0.34920634920635    0.07936507936508    0.00000000000000             4
    0.36507936507937    0.07936507936508    0.00000000000000             4
    0.38095238095238    0.07936507936508    0.00000000000000             4
    0.39682539682540    0.07936507936508    0.00000000000000             4
    0.41269841269841    0.07936507936508    0.00000000000000             4
    0.42857142857143    0.07936507936508    0.00000000000000             4
    0.44444444444444    0.07936507936508    0.00000000000000             4
    0.46031746031746    0.07936507936508    0.00000000000000             4
    0.47619047619048    0.07936507936508    0.00000000000000             4
    0.49206349206350    0.07936507936508    0.00000000000000             4
   -0.49206349206349    0.07936507936508    0.00000000000000             4
   -0.47619047619047    0.07936507936508    0.00000000000000             4
   -0.46031746031746    0.07936507936508    0.00000000000000             4
   -0.44444444444444    0.07936507936508    0.00000000000000             4
   -0.42857142857143    0.07936507936508    0.00000000000000             4
   -0.41269841269841    0.07936507936508    0.00000000000000             4
   -0.39682539682540    0.07936507936508    0.00000000000000             4
   -0.38095238095238    0.07936507936508    0.00000000000000             4
   -0.36507936507937    0.07936507936508    0.00000000000000             4
   -0.34920634920635    0.07936507936508    0.00000000000000             4
   -0.33333333333333    0.07936507936508    0.00000000000000             4
   -0.31746031746032    0.07936507936508    0.00000000000000             4
   -0.30158730158730    0.07936507936508    0.00000000000000             4
   -0.28571428571428    0.07936507936508    0.00000000000000             4
   -0.26984126984127    0.07936507936508    0.00000000000000             4
   -0.25396825396825    0.07936507936508    0.00000000000000             4
   -0.23809523809524    0.07936507936508    0.00000000000000             4
   -0.22222222222222    0.07936507936508    0.00000000000000             4
   -0.20634920634921    0.07936507936508    0.00000000000000             4
   -0.19047619047619    0.07936507936508    0.00000000000000             4
   -0.17460317460318    0.07936507936508    0.00000000000000             4
   -0.15873015873016    0.07936507936508    0.00000000000000             4
   -0.14285714285714    0.07936507936508    0.00000000000000             4
   -0.12698412698413    0.07936507936508    0.00000000000000             4
   -0.11111111111111    0.07936507936508    0.00000000000000             4
   -0.09523809523809    0.07936507936508    0.00000000000000             4
   -0.07936507936508    0.07936507936508    0.00000000000000             2
    0.09523809523810    0.09523809523810    0.00000000000000             2
    0.11111111111112    0.09523809523810    0.00000000000000             4
    0.12698412698413    0.09523809523810    0.00000000000000             4
    0.14285714285715    0.09523809523810    0.00000000000000             4
    0.15873015873016    0.09523809523810    0.00000000000000             4
    0.17460317460318    0.09523809523810    0.00000000000000             4
    0.19047619047619    0.09523809523810    0.00000000000000             4
    0.20634920634921    0.09523809523810    0.00000000000000             4
    0.22222222222222    0.09523809523810    0.00000000000000             4
    0.23809523809524    0.09523809523810    0.00000000000000             4
    0.25396825396825    0.09523809523810    0.00000000000000             4
    0.26984126984127    0.09523809523810    0.00000000000000             4
    0.28571428571429    0.09523809523810    0.00000000000000             4
    0.30158730158731    0.09523809523810    0.00000000000000             4
    0.31746031746032    0.09523809523810    0.00000000000000             4
    0.33333333333334    0.09523809523810    0.00000000000000             4
    0.34920634920635    0.09523809523810    0.00000000000000             4
    0.36507936507937    0.09523809523810    0.00000000000000             4
    0.38095238095238    0.09523809523810    0.00000000000000             4
    0.39682539682540    0.09523809523810    0.00000000000000             4
    0.41269841269841    0.09523809523810    0.00000000000000             4
    0.42857142857143    0.09523809523810    0.00000000000000             4
    0.44444444444444    0.09523809523810    0.00000000000000             4
    0.46031746031746    0.09523809523810    0.00000000000000             4
    0.47619047619048    0.09523809523810    0.00000000000000             4
    0.49206349206350    0.09523809523810    0.00000000000000             4
   -0.49206349206349    0.09523809523810    0.00000000000000             4
   -0.47619047619047    0.09523809523810    0.00000000000000             4
   -0.46031746031746    0.09523809523810    0.00000000000000             4
   -0.44444444444444    0.09523809523810    0.00000000000000             4
   -0.42857142857143    0.09523809523810    0.00000000000000             4
   -0.41269841269841    0.09523809523810    0.00000000000000             4
   -0.39682539682540    0.09523809523810    0.00000000000000             4
   -0.38095238095238    0.09523809523810    0.00000000000000             4
   -0.36507936507937    0.09523809523810    0.00000000000000             4
   -0.34920634920635    0.09523809523810    0.00000000000000             4
   -0.33333333333333    0.09523809523810    0.00000000000000             4
   -0.31746031746032    0.09523809523810    0.00000000000000             4
   -0.30158730158730    0.09523809523810    0.00000000000000             4
   -0.28571428571428    0.09523809523810    0.00000000000000             4
   -0.26984126984127    0.09523809523810    0.00000000000000             4
   -0.25396825396825    0.09523809523810    0.00000000000000             4
   -0.23809523809524    0.09523809523810    0.00000000000000             4
   -0.22222222222222    0.09523809523810    0.00000000000000             4
   -0.20634920634921    0.09523809523810    0.00000000000000             4
   -0.19047619047619    0.09523809523810    0.00000000000000             4
   -0.17460317460318    0.09523809523810    0.00000000000000             4
   -0.15873015873016    0.09523809523810    0.00000000000000             4
   -0.14285714285714    0.09523809523810    0.00000000000000             4
   -0.12698412698413    0.09523809523810    0.00000000000000             4
   -0.11111111111111    0.09523809523810    0.00000000000000             4
   -0.09523809523809    0.09523809523810    0.00000000000000             2
    0.11111111111112    0.11111111111112    0.00000000000000             2
    0.12698412698413    0.11111111111112    0.00000000000000             4
    0.14285714285715    0.11111111111112    0.00000000000000             4
    0.15873015873016    0.11111111111112    0.00000000000000             4
    0.17460317460318    0.11111111111112    0.00000000000000             4
    0.19047619047619    0.11111111111112    0.00000000000000             4
    0.20634920634921    0.11111111111112    0.00000000000000             4
    0.22222222222222    0.11111111111112    0.00000000000000             4
    0.23809523809524    0.11111111111112    0.00000000000000             4
    0.25396825396825    0.11111111111112    0.00000000000000             4
    0.26984126984127    0.11111111111112    0.00000000000000             4
    0.28571428571429    0.11111111111112    0.00000000000000             4
    0.30158730158731    0.11111111111112    0.00000000000000             4
    0.31746031746032    0.11111111111112    0.00000000000000             4
    0.33333333333334    0.11111111111112    0.00000000000000             4
    0.34920634920635    0.11111111111112    0.00000000000000             4
    0.36507936507937    0.11111111111112    0.00000000000000             4
    0.38095238095238    0.11111111111112    0.00000000000000             4
    0.39682539682540    0.11111111111112    0.00000000000000             4
    0.41269841269841    0.11111111111112    0.00000000000000             4
    0.42857142857143    0.11111111111112    0.00000000000000             4
    0.44444444444444    0.11111111111112    0.00000000000000             4
    0.46031746031746    0.11111111111112    0.00000000000000             4
    0.47619047619048    0.11111111111112    0.00000000000000             4
    0.49206349206350    0.11111111111112    0.00000000000000             4
   -0.49206349206349    0.11111111111112    0.00000000000000             4
   -0.47619047619047    0.11111111111112    0.00000000000000             4
   -0.46031746031746    0.11111111111112    0.00000000000000             4
   -0.44444444444444    0.11111111111112    0.00000000000000             4
   -0.42857142857143    0.11111111111112    0.00000000000000             4
   -0.41269841269841    0.11111111111112    0.00000000000000             4
   -0.39682539682540    0.11111111111112    0.00000000000000             4
   -0.38095238095238    0.11111111111112    0.00000000000000             4
   -0.36507936507937    0.11111111111112    0.00000000000000             4
   -0.34920634920635    0.11111111111112    0.00000000000000             4
   -0.33333333333333    0.11111111111112    0.00000000000000             4
   -0.31746031746032    0.11111111111112    0.00000000000000             4
   -0.30158730158730    0.11111111111112    0.00000000000000             4
   -0.28571428571428    0.11111111111112    0.00000000000000             4
   -0.26984126984127    0.11111111111112    0.00000000000000             4
   -0.25396825396825    0.11111111111112    0.00000000000000             4
   -0.23809523809524    0.11111111111112    0.00000000000000             4
   -0.22222222222222    0.11111111111112    0.00000000000000             4
   -0.20634920634921    0.11111111111112    0.00000000000000             4
   -0.19047619047619    0.11111111111112    0.00000000000000             4
   -0.17460317460318    0.11111111111112    0.00000000000000             4
   -0.15873015873016    0.11111111111112    0.00000000000000             4
   -0.14285714285714    0.11111111111112    0.00000000000000             4
   -0.12698412698413    0.11111111111112    0.00000000000000             4
   -0.11111111111111    0.11111111111112    0.00000000000000             2
    0.12698412698413    0.12698412698413    0.00000000000000             2
    0.14285714285715    0.12698412698413    0.00000000000000             4
    0.15873015873016    0.12698412698413    0.00000000000000             4
    0.17460317460318    0.12698412698413    0.00000000000000             4
    0.19047619047619    0.12698412698413    0.00000000000000             4
    0.20634920634921    0.12698412698413    0.00000000000000             4
    0.22222222222222    0.12698412698413    0.00000000000000             4
    0.23809523809524    0.12698412698413    0.00000000000000             4
    0.25396825396825    0.12698412698413    0.00000000000000             4
    0.26984126984127    0.12698412698413    0.00000000000000             4
    0.28571428571429    0.12698412698413    0.00000000000000             4
    0.30158730158731    0.12698412698413    0.00000000000000             4
    0.31746031746032    0.12698412698413    0.00000000000000             4
    0.33333333333334    0.12698412698413    0.00000000000000             4
    0.34920634920635    0.12698412698413    0.00000000000000             4
    0.36507936507937    0.12698412698413    0.00000000000000             4
    0.38095238095238    0.12698412698413    0.00000000000000             4
    0.39682539682540    0.12698412698413    0.00000000000000             4
    0.41269841269841    0.12698412698413    0.00000000000000             4
    0.42857142857143    0.12698412698413    0.00000000000000             4
    0.44444444444444    0.12698412698413    0.00000000000000             4
    0.46031746031746    0.12698412698413    0.00000000000000             4
    0.47619047619048    0.12698412698413    0.00000000000000             4
    0.49206349206350    0.12698412698413    0.00000000000000             4
   -0.49206349206349    0.12698412698413    0.00000000000000             4
   -0.47619047619047    0.12698412698413    0.00000000000000             4
   -0.46031746031746    0.12698412698413    0.00000000000000             4
   -0.44444444444444    0.12698412698413    0.00000000000000             4
   -0.42857142857143    0.12698412698413    0.00000000000000             4
   -0.41269841269841    0.12698412698413    0.00000000000000             4
   -0.39682539682540    0.12698412698413    0.00000000000000             4
   -0.38095238095238    0.12698412698413    0.00000000000000             4
   -0.36507936507937    0.12698412698413    0.00000000000000             4
   -0.34920634920635    0.12698412698413    0.00000000000000             4
   -0.33333333333333    0.12698412698413    0.00000000000000             4
   -0.31746031746032    0.12698412698413    0.00000000000000             4
   -0.30158730158730    0.12698412698413    0.00000000000000             4
   -0.28571428571428    0.12698412698413    0.00000000000000             4
   -0.26984126984127    0.12698412698413    0.00000000000000             4
   -0.25396825396825    0.12698412698413    0.00000000000000             4
   -0.23809523809524    0.12698412698413    0.00000000000000             4
   -0.22222222222222    0.12698412698413    0.00000000000000             4
   -0.20634920634921    0.12698412698413    0.00000000000000             4
   -0.19047619047619    0.12698412698413    0.00000000000000             4
   -0.17460317460318    0.12698412698413    0.00000000000000             4
   -0.15873015873016    0.12698412698413    0.00000000000000             4
   -0.14285714285714    0.12698412698413    0.00000000000000             4
   -0.12698412698413    0.12698412698413    0.00000000000000             2
    0.14285714285715    0.14285714285715    0.00000000000000             2
    0.15873015873016    0.14285714285715    0.00000000000000             4
    0.17460317460318    0.14285714285715    0.00000000000000             4
    0.19047619047619    0.14285714285715    0.00000000000000             4
    0.20634920634921    0.14285714285715    0.00000000000000             4
    0.22222222222222    0.14285714285715    0.00000000000000             4
    0.23809523809524    0.14285714285715    0.00000000000000             4
    0.25396825396825    0.14285714285715    0.00000000000000             4
    0.26984126984127    0.14285714285715    0.00000000000000             4
    0.28571428571429    0.14285714285715    0.00000000000000             4
    0.30158730158731    0.14285714285715    0.00000000000000             4
    0.31746031746032    0.14285714285715    0.00000000000000             4
    0.33333333333334    0.14285714285715    0.00000000000000             4
    0.34920634920635    0.14285714285715    0.00000000000000             4
    0.36507936507937    0.14285714285715    0.00000000000000             4
    0.38095238095238    0.14285714285715    0.00000000000000             4
    0.39682539682540    0.14285714285715    0.00000000000000             4
    0.41269841269841    0.14285714285715    0.00000000000000             4
    0.42857142857143    0.14285714285715    0.00000000000000             4
    0.44444444444444    0.14285714285715    0.00000000000000             4
    0.46031746031746    0.14285714285715    0.00000000000000             4
    0.47619047619048    0.14285714285715    0.00000000000000             4
    0.49206349206350    0.14285714285715    0.00000000000000             4
   -0.49206349206349    0.14285714285715    0.00000000000000             4
   -0.47619047619047    0.14285714285715    0.00000000000000             4
   -0.46031746031746    0.14285714285715    0.00000000000000             4
   -0.44444444444444    0.14285714285715    0.00000000000000             4
   -0.42857142857143    0.14285714285715    0.00000000000000             4
   -0.41269841269841    0.14285714285715    0.00000000000000             4
   -0.39682539682540    0.14285714285715    0.00000000000000             4
   -0.38095238095238    0.14285714285715    0.00000000000000             4
   -0.36507936507937    0.14285714285715    0.00000000000000             4
   -0.34920634920635    0.14285714285715    0.00000000000000             4
   -0.33333333333333    0.14285714285715    0.00000000000000             4
   -0.31746031746032    0.14285714285715    0.00000000000000             4
   -0.30158730158730    0.14285714285715    0.00000000000000             4
   -0.28571428571428    0.14285714285715    0.00000000000000             4
   -0.26984126984127    0.14285714285715    0.00000000000000             4
   -0.25396825396825    0.14285714285715    0.00000000000000             4
   -0.23809523809524    0.14285714285715    0.00000000000000             4
   -0.22222222222222    0.14285714285715    0.00000000000000             4
   -0.20634920634921    0.14285714285715    0.00000000000000             4
   -0.19047619047619    0.14285714285715    0.00000000000000             4
   -0.17460317460318    0.14285714285715    0.00000000000000             4
   -0.15873015873016    0.14285714285715    0.00000000000000             4
   -0.14285714285714    0.14285714285715    0.00000000000000             2
    0.15873015873016    0.15873015873016    0.00000000000000             2
    0.17460317460318    0.15873015873016    0.00000000000000             4
    0.19047619047619    0.15873015873016    0.00000000000000             4
    0.20634920634921    0.15873015873016    0.00000000000000             4
    0.22222222222222    0.15873015873016    0.00000000000000             4
    0.23809523809524    0.15873015873016    0.00000000000000             4
    0.25396825396825    0.15873015873016    0.00000000000000             4
    0.26984126984127    0.15873015873016    0.00000000000000             4
    0.28571428571429    0.15873015873016    0.00000000000000             4
    0.30158730158731    0.15873015873016    0.00000000000000             4
    0.31746031746032    0.15873015873016    0.00000000000000             4
    0.33333333333334    0.15873015873016    0.00000000000000             4
    0.34920634920635    0.15873015873016    0.00000000000000             4
    0.36507936507937    0.15873015873016    0.00000000000000             4
    0.38095238095238    0.15873015873016    0.00000000000000             4
    0.39682539682540    0.15873015873016    0.00000000000000             4
    0.41269841269841    0.15873015873016    0.00000000000000             4
    0.42857142857143    0.15873015873016    0.00000000000000             4
    0.44444444444444    0.15873015873016    0.00000000000000             4
    0.46031746031746    0.15873015873016    0.00000000000000             4
    0.47619047619048    0.15873015873016    0.00000000000000             4
    0.49206349206350    0.15873015873016    0.00000000000000             4
   -0.49206349206349    0.15873015873016    0.00000000000000             4
   -0.47619047619047    0.15873015873016    0.00000000000000             4
   -0.46031746031746    0.15873015873016    0.00000000000000             4
   -0.44444444444444    0.15873015873016    0.00000000000000             4
   -0.42857142857143    0.15873015873016    0.00000000000000             4
   -0.41269841269841    0.15873015873016    0.00000000000000             4
   -0.39682539682540    0.15873015873016    0.00000000000000             4
   -0.38095238095238    0.15873015873016    0.00000000000000             4
   -0.36507936507937    0.15873015873016    0.00000000000000             4
   -0.34920634920635    0.15873015873016    0.00000000000000             4
   -0.33333333333333    0.15873015873016    0.00000000000000             4
   -0.31746031746032    0.15873015873016    0.00000000000000             4
   -0.30158730158730    0.15873015873016    0.00000000000000             4
   -0.28571428571428    0.15873015873016    0.00000000000000             4
   -0.26984126984127    0.15873015873016    0.00000000000000             4
   -0.25396825396825    0.15873015873016    0.00000000000000             4
   -0.23809523809524    0.15873015873016    0.00000000000000             4
   -0.22222222222222    0.15873015873016    0.00000000000000             4
   -0.20634920634921    0.15873015873016    0.00000000000000             4
   -0.19047619047619    0.15873015873016    0.00000000000000             4
   -0.17460317460318    0.15873015873016    0.00000000000000             4
   -0.15873015873016    0.15873015873016    0.00000000000000             2
    0.17460317460318    0.17460317460318    0.00000000000000             2
    0.19047619047619    0.17460317460318    0.00000000000000             4
    0.20634920634921    0.17460317460318    0.00000000000000             4
    0.22222222222222    0.17460317460318    0.00000000000000             4
    0.23809523809524    0.17460317460318    0.00000000000000             4
    0.25396825396825    0.17460317460318    0.00000000000000             4
    0.26984126984127    0.17460317460318    0.00000000000000             4
    0.28571428571429    0.17460317460318    0.00000000000000             4
    0.30158730158731    0.17460317460318    0.00000000000000             4
    0.31746031746032    0.17460317460318    0.00000000000000             4
    0.33333333333334    0.17460317460318    0.00000000000000             4
    0.34920634920635    0.17460317460318    0.00000000000000             4
    0.36507936507937    0.17460317460318    0.00000000000000             4
    0.38095238095238    0.17460317460318    0.00000000000000             4
    0.39682539682540    0.17460317460318    0.00000000000000             4
    0.41269841269841    0.17460317460318    0.00000000000000             4
    0.42857142857143    0.17460317460318    0.00000000000000             4
    0.44444444444444    0.17460317460318    0.00000000000000             4
    0.46031746031746    0.17460317460318    0.00000000000000             4
    0.47619047619048    0.17460317460318    0.00000000000000             4
    0.49206349206350    0.17460317460318    0.00000000000000             4
   -0.49206349206349    0.17460317460318    0.00000000000000             4
   -0.47619047619047    0.17460317460318    0.00000000000000             4
   -0.46031746031746    0.17460317460318    0.00000000000000             4
   -0.44444444444444    0.17460317460318    0.00000000000000             4
   -0.42857142857143    0.17460317460318    0.00000000000000             4
   -0.41269841269841    0.17460317460318    0.00000000000000             4
   -0.39682539682540    0.17460317460318    0.00000000000000             4
   -0.38095238095238    0.17460317460318    0.00000000000000             4
   -0.36507936507937    0.17460317460318    0.00000000000000             4
   -0.34920634920635    0.17460317460318    0.00000000000000             4
   -0.33333333333333    0.17460317460318    0.00000000000000             4
   -0.31746031746032    0.17460317460318    0.00000000000000             4
   -0.30158730158730    0.17460317460318    0.00000000000000             4
   -0.28571428571428    0.17460317460318    0.00000000000000             4
   -0.26984126984127    0.17460317460318    0.00000000000000             4
   -0.25396825396825    0.17460317460318    0.00000000000000             4
   -0.23809523809524    0.17460317460318    0.00000000000000             4
   -0.22222222222222    0.17460317460318    0.00000000000000             4
   -0.20634920634921    0.17460317460318    0.00000000000000             4
   -0.19047619047619    0.17460317460318    0.00000000000000             4
   -0.17460317460318    0.17460317460318    0.00000000000000             2
    0.19047619047619    0.19047619047619    0.00000000000000             2
    0.20634920634921    0.19047619047619    0.00000000000000             4
    0.22222222222222    0.19047619047619    0.00000000000000             4
    0.23809523809524    0.19047619047619    0.00000000000000             4
    0.25396825396825    0.19047619047619    0.00000000000000             4
    0.26984126984127    0.19047619047619    0.00000000000000             4
    0.28571428571429    0.19047619047619    0.00000000000000             4
    0.30158730158731    0.19047619047619    0.00000000000000             4
    0.31746031746032    0.19047619047619    0.00000000000000             4
    0.33333333333334    0.19047619047619    0.00000000000000             4
    0.34920634920635    0.19047619047619    0.00000000000000             4
    0.36507936507937    0.19047619047619    0.00000000000000             4
    0.38095238095238    0.19047619047619    0.00000000000000             4
    0.39682539682540    0.19047619047619    0.00000000000000             4
    0.41269841269841    0.19047619047619    0.00000000000000             4
    0.42857142857143    0.19047619047619    0.00000000000000             4
    0.44444444444444    0.19047619047619    0.00000000000000             4
    0.46031746031746    0.19047619047619    0.00000000000000             4
    0.47619047619048    0.19047619047619    0.00000000000000             4
    0.49206349206350    0.19047619047619    0.00000000000000             4
   -0.49206349206349    0.19047619047619    0.00000000000000             4
   -0.47619047619047    0.19047619047619    0.00000000000000             4
   -0.46031746031746    0.19047619047619    0.00000000000000             4
   -0.44444444444444    0.19047619047619    0.00000000000000             4
   -0.42857142857143    0.19047619047619    0.00000000000000             4
   -0.41269841269841    0.19047619047619    0.00000000000000             4
   -0.39682539682540    0.19047619047619    0.00000000000000             4
   -0.38095238095238    0.19047619047619    0.00000000000000             4
   -0.36507936507937    0.19047619047619    0.00000000000000             4
   -0.34920634920635    0.19047619047619    0.00000000000000             4
   -0.33333333333333    0.19047619047619    0.00000000000000             4
   -0.31746031746032    0.19047619047619    0.00000000000000             4
   -0.30158730158730    0.19047619047619    0.00000000000000             4
   -0.28571428571428    0.19047619047619    0.00000000000000             4
   -0.26984126984127    0.19047619047619    0.00000000000000             4
   -0.25396825396825    0.19047619047619    0.00000000000000             4
   -0.23809523809524    0.19047619047619    0.00000000000000             4
   -0.22222222222222    0.19047619047619    0.00000000000000             4
   -0.20634920634921    0.19047619047619    0.00000000000000             4
   -0.19047619047619    0.19047619047619    0.00000000000000             2
    0.20634920634921    0.20634920634921    0.00000000000000             2
    0.22222222222222    0.20634920634921    0.00000000000000             4
    0.23809523809524    0.20634920634921    0.00000000000000             4
    0.25396825396825    0.20634920634921    0.00000000000000             4
    0.26984126984127    0.20634920634921    0.00000000000000             4
    0.28571428571429    0.20634920634921    0.00000000000000             4
    0.30158730158731    0.20634920634921    0.00000000000000             4
    0.31746031746032    0.20634920634921    0.00000000000000             4
    0.33333333333334    0.20634920634921    0.00000000000000             4
    0.34920634920635    0.20634920634921    0.00000000000000             4
    0.36507936507937    0.20634920634921    0.00000000000000             4
    0.38095238095238    0.20634920634921    0.00000000000000             4
    0.39682539682540    0.20634920634921    0.00000000000000             4
    0.41269841269841    0.20634920634921    0.00000000000000             4
    0.42857142857143    0.20634920634921    0.00000000000000             4
    0.44444444444444    0.20634920634921    0.00000000000000             4
    0.46031746031746    0.20634920634921    0.00000000000000             4
    0.47619047619048    0.20634920634921    0.00000000000000             4
    0.49206349206350    0.20634920634921    0.00000000000000             4
   -0.49206349206349    0.20634920634921    0.00000000000000             4
   -0.47619047619047    0.20634920634921    0.00000000000000             4
   -0.46031746031746    0.20634920634921    0.00000000000000             4
   -0.44444444444444    0.20634920634921    0.00000000000000             4
   -0.42857142857143    0.20634920634921    0.00000000000000             4
   -0.41269841269841    0.20634920634921    0.00000000000000             4
   -0.39682539682540    0.20634920634921    0.00000000000000             4
   -0.38095238095238    0.20634920634921    0.00000000000000             4
   -0.36507936507937    0.20634920634921    0.00000000000000             4
   -0.34920634920635    0.20634920634921    0.00000000000000             4
   -0.33333333333333    0.20634920634921    0.00000000000000             4
   -0.31746031746032    0.20634920634921    0.00000000000000             4
   -0.30158730158730    0.20634920634921    0.00000000000000             4
   -0.28571428571428    0.20634920634921    0.00000000000000             4
   -0.26984126984127    0.20634920634921    0.00000000000000             4
   -0.25396825396825    0.20634920634921    0.00000000000000             4
   -0.23809523809524    0.20634920634921    0.00000000000000             4
   -0.22222222222222    0.20634920634921    0.00000000000000             4
   -0.20634920634921    0.20634920634921    0.00000000000000             2
    0.22222222222222    0.22222222222222    0.00000000000000             2
    0.23809523809524    0.22222222222222    0.00000000000000             4
    0.25396825396825    0.22222222222222    0.00000000000000             4
    0.26984126984127    0.22222222222222    0.00000000000000             4
    0.28571428571429    0.22222222222222    0.00000000000000             4
    0.30158730158731    0.22222222222222    0.00000000000000             4
    0.31746031746032    0.22222222222222    0.00000000000000             4
    0.33333333333334    0.22222222222222    0.00000000000000             4
    0.34920634920635    0.22222222222222    0.00000000000000             4
    0.36507936507937    0.22222222222222    0.00000000000000             4
    0.38095238095238    0.22222222222222    0.00000000000000             4
    0.39682539682540    0.22222222222222    0.00000000000000             4
    0.41269841269841    0.22222222222222    0.00000000000000             4
    0.42857142857143    0.22222222222222    0.00000000000000             4
    0.44444444444444    0.22222222222222    0.00000000000000             4
    0.46031746031746    0.22222222222222    0.00000000000000             4
    0.47619047619048    0.22222222222222    0.00000000000000             4
    0.49206349206350    0.22222222222222    0.00000000000000             4
   -0.49206349206349    0.22222222222222    0.00000000000000             4
   -0.47619047619047    0.22222222222222    0.00000000000000             4
   -0.46031746031746    0.22222222222222    0.00000000000000             4
   -0.44444444444444    0.22222222222222    0.00000000000000             4
   -0.42857142857143    0.22222222222222    0.00000000000000             4
   -0.41269841269841    0.22222222222222    0.00000000000000             4
   -0.39682539682540    0.22222222222222    0.00000000000000             4
   -0.38095238095238    0.22222222222222    0.00000000000000             4
   -0.36507936507937    0.22222222222222    0.00000000000000             4
   -0.34920634920635    0.22222222222222    0.00000000000000             4
   -0.33333333333333    0.22222222222222    0.00000000000000             4
   -0.31746031746032    0.22222222222222    0.00000000000000             4
   -0.30158730158730    0.22222222222222    0.00000000000000             4
   -0.28571428571428    0.22222222222222    0.00000000000000             4
   -0.26984126984127    0.22222222222222    0.00000000000000             4
   -0.25396825396825    0.22222222222222    0.00000000000000             4
   -0.23809523809524    0.22222222222222    0.00000000000000             4
   -0.22222222222222    0.22222222222222    0.00000000000000             2
    0.23809523809524    0.23809523809524    0.00000000000000             2
    0.25396825396825    0.23809523809524    0.00000000000000             4
    0.26984126984127    0.23809523809524    0.00000000000000             4
    0.28571428571429    0.23809523809524    0.00000000000000             4
    0.30158730158731    0.23809523809524    0.00000000000000             4
    0.31746031746032    0.23809523809524    0.00000000000000             4
    0.33333333333334    0.23809523809524    0.00000000000000             4
    0.34920634920635    0.23809523809524    0.00000000000000             4
    0.36507936507937    0.23809523809524    0.00000000000000             4
    0.38095238095238    0.23809523809524    0.00000000000000             4
    0.39682539682540    0.23809523809524    0.00000000000000             4
    0.41269841269841    0.23809523809524    0.00000000000000             4
    0.42857142857143    0.23809523809524    0.00000000000000             4
    0.44444444444444    0.23809523809524    0.00000000000000             4
    0.46031746031746    0.23809523809524    0.00000000000000             4
    0.47619047619048    0.23809523809524    0.00000000000000             4
    0.49206349206350    0.23809523809524    0.00000000000000             4
   -0.49206349206349    0.23809523809524    0.00000000000000             4
   -0.47619047619047    0.23809523809524    0.00000000000000             4
   -0.46031746031746    0.23809523809524    0.00000000000000             4
   -0.44444444444444    0.23809523809524    0.00000000000000             4
   -0.42857142857143    0.23809523809524    0.00000000000000             4
   -0.41269841269841    0.23809523809524    0.00000000000000             4
   -0.39682539682540    0.23809523809524    0.00000000000000             4
   -0.38095238095238    0.23809523809524    0.00000000000000             4
   -0.36507936507937    0.23809523809524    0.00000000000000             4
   -0.34920634920635    0.23809523809524    0.00000000000000             4
   -0.33333333333333    0.23809523809524    0.00000000000000             4
   -0.31746031746032    0.23809523809524    0.00000000000000             4
   -0.30158730158730    0.23809523809524    0.00000000000000             4
   -0.28571428571428    0.23809523809524    0.00000000000000             4
   -0.26984126984127    0.23809523809524    0.00000000000000             4
   -0.25396825396825    0.23809523809524    0.00000000000000             4
   -0.23809523809524    0.23809523809524    0.00000000000000             2
    0.25396825396825    0.25396825396825    0.00000000000000             2
    0.26984126984127    0.25396825396825    0.00000000000000             4
    0.28571428571429    0.25396825396825    0.00000000000000             4
    0.30158730158731    0.25396825396825    0.00000000000000             4
    0.31746031746032    0.25396825396825    0.00000000000000             4
    0.33333333333334    0.25396825396825    0.00000000000000             4
    0.34920634920635    0.25396825396825    0.00000000000000             4
    0.36507936507937    0.25396825396825    0.00000000000000             4
    0.38095238095238    0.25396825396825    0.00000000000000             4
    0.39682539682540    0.25396825396825    0.00000000000000             4
    0.41269841269841    0.25396825396825    0.00000000000000             4
    0.42857142857143    0.25396825396825    0.00000000000000             4
    0.44444444444444    0.25396825396825    0.00000000000000             4
    0.46031746031746    0.25396825396825    0.00000000000000             4
    0.47619047619048    0.25396825396825    0.00000000000000             4
    0.49206349206350    0.25396825396825    0.00000000000000             4
   -0.49206349206349    0.25396825396825    0.00000000000000             4
   -0.47619047619047    0.25396825396825    0.00000000000000             4
   -0.46031746031746    0.25396825396825    0.00000000000000             4
   -0.44444444444444    0.25396825396825    0.00000000000000             4
   -0.42857142857143    0.25396825396825    0.00000000000000             4
   -0.41269841269841    0.25396825396825    0.00000000000000             4
   -0.39682539682540    0.25396825396825    0.00000000000000             4
   -0.38095238095238    0.25396825396825    0.00000000000000             4
   -0.36507936507937    0.25396825396825    0.00000000000000             4
   -0.34920634920635    0.25396825396825    0.00000000000000             4
   -0.33333333333333    0.25396825396825    0.00000000000000             4
   -0.31746031746032    0.25396825396825    0.00000000000000             4
   -0.30158730158730    0.25396825396825    0.00000000000000             4
   -0.28571428571428    0.25396825396825    0.00000000000000             4
   -0.26984126984127    0.25396825396825    0.00000000000000             4
   -0.25396825396825    0.25396825396825    0.00000000000000             2
    0.26984126984127    0.26984126984127    0.00000000000000             2
    0.28571428571429    0.26984126984127    0.00000000000000             4
    0.30158730158731    0.26984126984127    0.00000000000000             4
    0.31746031746032    0.26984126984127    0.00000000000000             4
    0.33333333333334    0.26984126984127    0.00000000000000             4
    0.34920634920635    0.26984126984127    0.00000000000000             4
    0.36507936507937    0.26984126984127    0.00000000000000             4
    0.38095238095238    0.26984126984127    0.00000000000000             4
    0.39682539682540    0.26984126984127    0.00000000000000             4
    0.41269841269841    0.26984126984127    0.00000000000000             4
    0.42857142857143    0.26984126984127    0.00000000000000             4
    0.44444444444444    0.26984126984127    0.00000000000000             4
    0.46031746031746    0.26984126984127    0.00000000000000             4
    0.47619047619048    0.26984126984127    0.00000000000000             4
    0.49206349206350    0.26984126984127    0.00000000000000             4
   -0.49206349206349    0.26984126984127    0.00000000000000             4
   -0.47619047619047    0.26984126984127    0.00000000000000             4
   -0.46031746031746    0.26984126984127    0.00000000000000             4
   -0.44444444444444    0.26984126984127    0.00000000000000             4
   -0.42857142857143    0.26984126984127    0.00000000000000             4
   -0.41269841269841    0.26984126984127    0.00000000000000             4
   -0.39682539682540    0.26984126984127    0.00000000000000             4
   -0.38095238095238    0.26984126984127    0.00000000000000             4
   -0.36507936507937    0.26984126984127    0.00000000000000             4
   -0.34920634920635    0.26984126984127    0.00000000000000             4
   -0.33333333333333    0.26984126984127    0.00000000000000             4
   -0.31746031746032    0.26984126984127    0.00000000000000             4
   -0.30158730158730    0.26984126984127    0.00000000000000             4
   -0.28571428571428    0.26984126984127    0.00000000000000             4
   -0.26984126984127    0.26984126984127    0.00000000000000             2
    0.28571428571429    0.28571428571429    0.00000000000000             2
    0.30158730158731    0.28571428571429    0.00000000000000             4
    0.31746031746032    0.28571428571429    0.00000000000000             4
    0.33333333333334    0.28571428571429    0.00000000000000             4
    0.34920634920635    0.28571428571429    0.00000000000000             4
    0.36507936507937    0.28571428571429    0.00000000000000             4
    0.38095238095238    0.28571428571429    0.00000000000000             4
    0.39682539682540    0.28571428571429    0.00000000000000             4
    0.41269841269841    0.28571428571429    0.00000000000000             4
    0.42857142857143    0.28571428571429    0.00000000000000             4
    0.44444444444444    0.28571428571429    0.00000000000000             4
    0.46031746031746    0.28571428571429    0.00000000000000             4
    0.47619047619048    0.28571428571429    0.00000000000000             4
    0.49206349206350    0.28571428571429    0.00000000000000             4
   -0.49206349206349    0.28571428571429    0.00000000000000             4
   -0.47619047619047    0.28571428571429    0.00000000000000             4
   -0.46031746031746    0.28571428571429    0.00000000000000             4
   -0.44444444444444    0.28571428571429    0.00000000000000             4
   -0.42857142857143    0.28571428571429    0.00000000000000             4
   -0.41269841269841    0.28571428571429    0.00000000000000             4
   -0.39682539682540    0.28571428571429    0.00000000000000             4
   -0.38095238095238    0.28571428571429    0.00000000000000             4
   -0.36507936507937    0.28571428571429    0.00000000000000             4
   -0.34920634920635    0.28571428571429    0.00000000000000             4
   -0.33333333333333    0.28571428571429    0.00000000000000             4
   -0.31746031746032    0.28571428571429    0.00000000000000             4
   -0.30158730158730    0.28571428571429    0.00000000000000             4
   -0.28571428571428    0.28571428571429    0.00000000000000             2
    0.30158730158731    0.30158730158731    0.00000000000000             2
    0.31746031746032    0.30158730158731    0.00000000000000             4
    0.33333333333334    0.30158730158731    0.00000000000000             4
    0.34920634920635    0.30158730158731    0.00000000000000             4
    0.36507936507937    0.30158730158731    0.00000000000000             4
    0.38095238095238    0.30158730158731    0.00000000000000             4
    0.39682539682540    0.30158730158731    0.00000000000000             4
    0.41269841269841    0.30158730158731    0.00000000000000             4
    0.42857142857143    0.30158730158731    0.00000000000000             4
    0.44444444444444    0.30158730158731    0.00000000000000             4
    0.46031746031746    0.30158730158731    0.00000000000000             4
    0.47619047619048    0.30158730158731    0.00000000000000             4
    0.49206349206350    0.30158730158731    0.00000000000000             4
   -0.49206349206349    0.30158730158731    0.00000000000000             4
   -0.47619047619047    0.30158730158731    0.00000000000000             4
   -0.46031746031746    0.30158730158731    0.00000000000000             4
   -0.44444444444444    0.30158730158731    0.00000000000000             4
   -0.42857142857143    0.30158730158731    0.00000000000000             4
   -0.41269841269841    0.30158730158731    0.00000000000000             4
   -0.39682539682540    0.30158730158731    0.00000000000000             4
   -0.38095238095238    0.30158730158731    0.00000000000000             4
   -0.36507936507937    0.30158730158731    0.00000000000000             4
   -0.34920634920635    0.30158730158731    0.00000000000000             4
   -0.33333333333333    0.30158730158731    0.00000000000000             4
   -0.31746031746032    0.30158730158731    0.00000000000000             4
   -0.30158730158730    0.30158730158731    0.00000000000000             2
    0.31746031746032    0.31746031746032    0.00000000000000             2
    0.33333333333334    0.31746031746032    0.00000000000000             4
    0.34920634920635    0.31746031746032    0.00000000000000             4
    0.36507936507937    0.31746031746032    0.00000000000000             4
    0.38095238095238    0.31746031746032    0.00000000000000             4
    0.39682539682540    0.31746031746032    0.00000000000000             4
    0.41269841269841    0.31746031746032    0.00000000000000             4
    0.42857142857143    0.31746031746032    0.00000000000000             4
    0.44444444444444    0.31746031746032    0.00000000000000             4
    0.46031746031746    0.31746031746032    0.00000000000000             4
    0.47619047619048    0.31746031746032    0.00000000000000             4
    0.49206349206350    0.31746031746032    0.00000000000000             4
   -0.49206349206349    0.31746031746032    0.00000000000000             4
   -0.47619047619047    0.31746031746032    0.00000000000000             4
   -0.46031746031746    0.31746031746032    0.00000000000000             4
   -0.44444444444444    0.31746031746032    0.00000000000000             4
   -0.42857142857143    0.31746031746032    0.00000000000000             4
   -0.41269841269841    0.31746031746032    0.00000000000000             4
   -0.39682539682540    0.31746031746032    0.00000000000000             4
   -0.38095238095238    0.31746031746032    0.00000000000000             4
   -0.36507936507937    0.31746031746032    0.00000000000000             4
   -0.34920634920635    0.31746031746032    0.00000000000000             4
   -0.33333333333333    0.31746031746032    0.00000000000000             4
   -0.31746031746032    0.31746031746032    0.00000000000000             2
    0.33333333333334    0.33333333333334    0.00000000000000             2
    0.34920634920635    0.33333333333334    0.00000000000000             4
    0.36507936507937    0.33333333333334    0.00000000000000             4
    0.38095238095238    0.33333333333334    0.00000000000000             4
    0.39682539682540    0.33333333333334    0.00000000000000             4
    0.41269841269841    0.33333333333334    0.00000000000000             4
    0.42857142857143    0.33333333333334    0.00000000000000             4
    0.44444444444444    0.33333333333334    0.00000000000000             4
    0.46031746031746    0.33333333333334    0.00000000000000             4
    0.47619047619048    0.33333333333334    0.00000000000000             4
    0.49206349206350    0.33333333333334    0.00000000000000             4
   -0.49206349206349    0.33333333333334    0.00000000000000             4
   -0.47619047619047    0.33333333333334    0.00000000000000             4
   -0.46031746031746    0.33333333333334    0.00000000000000             4
   -0.44444444444444    0.33333333333334    0.00000000000000             4
   -0.42857142857143    0.33333333333334    0.00000000000000             4
   -0.41269841269841    0.33333333333334    0.00000000000000             4
   -0.39682539682540    0.33333333333334    0.00000000000000             4
   -0.38095238095238    0.33333333333334    0.00000000000000             4
   -0.36507936507937    0.33333333333334    0.00000000000000             4
   -0.34920634920635    0.33333333333334    0.00000000000000             4
   -0.33333333333333    0.33333333333334    0.00000000000000             2
    0.34920634920635    0.34920634920635    0.00000000000000             2
    0.36507936507937    0.34920634920635    0.00000000000000             4
    0.38095238095238    0.34920634920635    0.00000000000000             4
    0.39682539682540    0.34920634920635    0.00000000000000             4
    0.41269841269841    0.34920634920635    0.00000000000000             4
    0.42857142857143    0.34920634920635    0.00000000000000             4
    0.44444444444444    0.34920634920635    0.00000000000000             4
    0.46031746031746    0.34920634920635    0.00000000000000             4
    0.47619047619048    0.34920634920635    0.00000000000000             4
    0.49206349206350    0.34920634920635    0.00000000000000             4
   -0.49206349206349    0.34920634920635    0.00000000000000             4
   -0.47619047619047    0.34920634920635    0.00000000000000             4
   -0.46031746031746    0.34920634920635    0.00000000000000             4
   -0.44444444444444    0.34920634920635    0.00000000000000             4
   -0.42857142857143    0.34920634920635    0.00000000000000             4
   -0.41269841269841    0.34920634920635    0.00000000000000             4
   -0.39682539682540    0.34920634920635    0.00000000000000             4
   -0.38095238095238    0.34920634920635    0.00000000000000             4
   -0.36507936507937    0.34920634920635    0.00000000000000             4
   -0.34920634920635    0.34920634920635    0.00000000000000             2
    0.36507936507937    0.36507936507937    0.00000000000000             2
    0.38095238095238    0.36507936507937    0.00000000000000             4
    0.39682539682540    0.36507936507937    0.00000000000000             4
    0.41269841269841    0.36507936507937    0.00000000000000             4
    0.42857142857143    0.36507936507937    0.00000000000000             4
    0.44444444444444    0.36507936507937    0.00000000000000             4
    0.46031746031746    0.36507936507937    0.00000000000000             4
    0.47619047619048    0.36507936507937    0.00000000000000             4
    0.49206349206350    0.36507936507937    0.00000000000000             4
   -0.49206349206349    0.36507936507937    0.00000000000000             4
   -0.47619047619047    0.36507936507937    0.00000000000000             4
   -0.46031746031746    0.36507936507937    0.00000000000000             4
   -0.44444444444444    0.36507936507937    0.00000000000000             4
   -0.42857142857143    0.36507936507937    0.00000000000000             4
   -0.41269841269841    0.36507936507937    0.00000000000000             4
   -0.39682539682540    0.36507936507937    0.00000000000000             4
   -0.38095238095238    0.36507936507937    0.00000000000000             4
   -0.36507936507937    0.36507936507937    0.00000000000000             2
    0.38095238095238    0.38095238095238    0.00000000000000             2
    0.39682539682540    0.38095238095238    0.00000000000000             4
    0.41269841269841    0.38095238095238    0.00000000000000             4
    0.42857142857143    0.38095238095238    0.00000000000000             4
    0.44444444444444    0.38095238095238    0.00000000000000             4
    0.46031746031746    0.38095238095238    0.00000000000000             4
    0.47619047619048    0.38095238095238    0.00000000000000             4
    0.49206349206350    0.38095238095238    0.00000000000000             4
   -0.49206349206349    0.38095238095238    0.00000000000000             4
   -0.47619047619047    0.38095238095238    0.00000000000000             4
   -0.46031746031746    0.38095238095238    0.00000000000000             4
   -0.44444444444444    0.38095238095238    0.00000000000000             4
   -0.42857142857143    0.38095238095238    0.00000000000000             4
   -0.41269841269841    0.38095238095238    0.00000000000000             4
   -0.39682539682540    0.38095238095238    0.00000000000000             4
   -0.38095238095238    0.38095238095238    0.00000000000000             2
    0.39682539682540    0.39682539682540    0.00000000000000             2
    0.41269841269841    0.39682539682540    0.00000000000000             4
    0.42857142857143    0.39682539682540    0.00000000000000             4
    0.44444444444444    0.39682539682540    0.00000000000000             4
    0.46031746031746    0.39682539682540    0.00000000000000             4
    0.47619047619048    0.39682539682540    0.00000000000000             4
    0.49206349206350    0.39682539682540    0.00000000000000             4
   -0.49206349206349    0.39682539682540    0.00000000000000             4
   -0.47619047619047    0.39682539682540    0.00000000000000             4
   -0.46031746031746    0.39682539682540    0.00000000000000             4
   -0.44444444444444    0.39682539682540    0.00000000000000             4
   -0.42857142857143    0.39682539682540    0.00000000000000             4
   -0.41269841269841    0.39682539682540    0.00000000000000             4
   -0.39682539682540    0.39682539682540    0.00000000000000             2
    0.41269841269841    0.41269841269841    0.00000000000000             2
    0.42857142857143    0.41269841269841    0.00000000000000             4
    0.44444444444444    0.41269841269841    0.00000000000000             4
    0.46031746031746    0.41269841269841    0.00000000000000             4
    0.47619047619048    0.41269841269841    0.00000000000000             4
    0.49206349206350    0.41269841269841    0.00000000000000             4
   -0.49206349206349    0.41269841269841    0.00000000000000             4
   -0.47619047619047    0.41269841269841    0.00000000000000             4
   -0.46031746031746    0.41269841269841    0.00000000000000             4
   -0.44444444444444    0.41269841269841    0.00000000000000             4
   -0.42857142857143    0.41269841269841    0.00000000000000             4
   -0.41269841269841    0.41269841269841    0.00000000000000             2
    0.42857142857143    0.42857142857143    0.00000000000000             2
    0.44444444444444    0.42857142857143    0.00000000000000             4
    0.46031746031746    0.42857142857143    0.00000000000000             4
    0.47619047619048    0.42857142857143    0.00000000000000             4
    0.49206349206350    0.42857142857143    0.00000000000000             4
   -0.49206349206349    0.42857142857143    0.00000000000000             4
   -0.47619047619047    0.42857142857143    0.00000000000000             4
   -0.46031746031746    0.42857142857143    0.00000000000000             4
   -0.44444444444444    0.42857142857143    0.00000000000000             4
   -0.42857142857143    0.42857142857143    0.00000000000000             2
    0.44444444444444    0.44444444444444    0.00000000000000             2
    0.46031746031746    0.44444444444444    0.00000000000000             4
    0.47619047619048    0.44444444444444    0.00000000000000             4
    0.49206349206350    0.44444444444444    0.00000000000000             4
   -0.49206349206349    0.44444444444444    0.00000000000000             4
   -0.47619047619047    0.44444444444444    0.00000000000000             4
   -0.46031746031746    0.44444444444444    0.00000000000000             4
   -0.44444444444444    0.44444444444444    0.00000000000000             2
    0.46031746031746    0.46031746031746    0.00000000000000             2
    0.47619047619048    0.46031746031746    0.00000000000000             4
    0.49206349206350    0.46031746031746    0.00000000000000             4
   -0.49206349206349    0.46031746031746    0.00000000000000             4
   -0.47619047619047    0.46031746031746    0.00000000000000             4
   -0.46031746031746    0.46031746031746    0.00000000000000             2
    0.47619047619048    0.47619047619048    0.00000000000000             2
    0.49206349206350    0.47619047619048    0.00000000000000             4
   -0.49206349206349    0.47619047619048    0.00000000000000             4
   -0.47619047619047    0.47619047619048    0.00000000000000             2
    0.49206349206350    0.49206349206350    0.00000000000000             2
   -0.49206349206349    0.49206349206350    0.00000000000000             2
