Automatically generated mesh
     936
Reciprocal lattice
    0.00000000000000    0.00000000000000    0.00000000000000             1
    0.04347826086956    0.00000000000000    0.00000000000000             4
    0.08695652173913    0.00000000000000    0.00000000000000             4
    0.13043478260870    0.00000000000000    0.00000000000000             4
    0.17391304347826    0.00000000000000    0.00000000000000             4
    0.21739130434783    0.00000000000000    0.00000000000000             4
    0.26086956521739    0.00000000000000    0.00000000000000             4
    0.30434782608695    0.00000000000000    0.00000000000000             4
    0.34782608695652    0.00000000000000    0.00000000000000             4
    0.39130434782609    0.00000000000000    0.00000000000000             4
    0.43478260869566    0.00000000000000    0.00000000000000             4
    0.47826086956522    0.00000000000000    0.00000000000000             4
    0.04347826086956    0.04347826086956    0.00000000000000             4
    0.08695652173913    0.04347826086956    0.00000000000000             8
    0.13043478260870    0.04347826086956    0.00000000000000             8
    0.17391304347826    0.04347826086956    0.00000000000000             8
    0.21739130434783    0.04347826086956    0.00000000000000             8
    0.26086956521739    0.04347826086956    0.00000000000000             8
    0.30434782608695    0.04347826086956    0.00000000000000             8
    0.34782608695652    0.04347826086956    0.00000000000000             8
    0.39130434782609    0.04347826086956    0.00000000000000             8
    0.43478260869566    0.04347826086956    0.00000000000000             8
    0.47826086956522    0.04347826086956    0.00000000000000             8
    0.08695652173913    0.08695652173913    0.00000000000000             4
    0.13043478260870    0.08695652173913    0.00000000000000             8
    0.17391304347826    0.08695652173913    0.00000000000000             8
    0.21739130434783    0.08695652173913    0.00000000000000             8
    0.26086956521739    0.08695652173913    0.00000000000000             8
    0.30434782608695    0.08695652173913    0.00000000000000             8
    0.34782608695652    0.08695652173913    0.00000000000000             8
    0.39130434782609    0.08695652173913    0.00000000000000             8
    0.43478260869566    0.08695652173913    0.00000000000000             8
    0.47826086956522    0.08695652173913    0.00000000000000             8
    0.13043478260870    0.13043478260870    0.00000000000000             4
    0.17391304347826    0.13043478260870    0.00000000000000             8
    0.21739130434783    0.13043478260870    0.00000000000000             8
    0.26086956521739    0.13043478260870    0.00000000000000             8
    0.30434782608695    0.13043478260870    0.00000000000000             8
    0.34782608695652    0.13043478260870    0.00000000000000             8
    0.39130434782609    0.13043478260870    0.00000000000000             8
    0.43478260869566    0.13043478260870    0.00000000000000             8
    0.47826086956522    0.13043478260870    0.00000000000000             8
    0.17391304347826    0.17391304347826    0.00000000000000             4
    0.21739130434783    0.17391304347826    0.00000000000000             8
    0.26086956521739    0.17391304347826    0.00000000000000             8
    0.30434782608695    0.17391304347826    0.00000000000000             8
    0.34782608695652    0.17391304347826    0.00000000000000             8
    0.39130434782609    0.17391304347826    0.00000000000000             8
    0.43478260869566    0.17391304347826    0.00000000000000             8
    0.47826086956522    0.17391304347826    0.00000000000000             8
    0.21739130434783    0.21739130434783    0.00000000000000             4
    0.26086956521739    0.21739130434783    0.00000000000000             8
    0.30434782608695    0.21739130434783    0.00000000000000             8
    0.34782608695652    0.21739130434783    0.00000000000000             8
    0.39130434782609    0.21739130434783    0.00000000000000             8
    0.43478260869566    0.21739130434783    0.00000000000000             8
    0.47826086956522    0.21739130434783    0.00000000000000             8
    0.26086956521739    0.26086956521739    0.00000000000000             4
    0.30434782608695    0.26086956521739    0.00000000000000             8
    0.34782608695652    0.26086956521739    0.00000000000000             8
    0.39130434782609    0.26086956521739    0.00000000000000             8
    0.43478260869566    0.26086956521739    0.00000000000000             8
    0.47826086956522    0.26086956521739    0.00000000000000             8
    0.30434782608695    0.30434782608695    0.00000000000000             4
    0.34782608695652    0.30434782608695    0.00000000000000             8
    0.39130434782609    0.30434782608695    0.00000000000000             8
    0.43478260869566    0.30434782608695    0.00000000000000             8
    0.47826086956522    0.30434782608695    0.00000000000000             8
    0.34782608695652    0.34782608695652    0.00000000000000             4
    0.39130434782609    0.34782608695652    0.00000000000000             8
    0.43478260869566    0.34782608695652    0.00000000000000             8
    0.47826086956522    0.34782608695652    0.00000000000000             8
    0.39130434782609    0.39130434782609    0.00000000000000             4
    0.43478260869566    0.39130434782609    0.00000000000000             8
    0.47826086956522    0.39130434782609    0.00000000000000             8
    0.43478260869566    0.43478260869566    0.00000000000000             4
    0.47826086956522    0.43478260869566    0.00000000000000             8
    0.47826086956522    0.47826086956522    0.00000000000000             4
    0.00000000000000    0.00000000000000    0.04347826086956             2
    0.04347826086956    0.00000000000000    0.04347826086956             8
    0.08695652173913    0.00000000000000    0.04347826086956             8
    0.13043478260870    0.00000000000000    0.04347826086956             8
    0.17391304347826    0.00000000000000    0.04347826086956             8
    0.21739130434783    0.00000000000000    0.04347826086956             8
    0.26086956521739    0.00000000000000    0.04347826086956             8
    0.30434782608695    0.00000000000000    0.04347826086956             8
    0.34782608695652    0.00000000000000    0.04347826086956             8
    0.39130434782609    0.00000000000000    0.04347826086956             8
    0.43478260869566    0.00000000000000    0.04347826086956             8
    0.47826086956522    0.00000000000000    0.04347826086956             8
    0.04347826086956    0.04347826086956    0.04347826086956             8
    0.08695652173913    0.04347826086956    0.04347826086956            16
    0.13043478260870    0.04347826086956    0.04347826086956            16
    0.17391304347826    0.04347826086956    0.04347826086956            16
    0.21739130434783    0.04347826086956    0.04347826086956            16
    0.26086956521739    0.04347826086956    0.04347826086956            16
    0.30434782608695    0.04347826086956    0.04347826086956            16
    0.34782608695652    0.04347826086956    0.04347826086956            16
    0.39130434782609    0.04347826086956    0.04347826086956            16
    0.43478260869566    0.04347826086956    0.04347826086956            16
    0.47826086956522    0.04347826086956    0.04347826086956            16
    0.08695652173913    0.08695652173913    0.04347826086956             8
    0.13043478260870    0.08695652173913    0.04347826086956            16
    0.17391304347826    0.08695652173913    0.04347826086956            16
    0.21739130434783    0.08695652173913    0.04347826086956            16
    0.26086956521739    0.08695652173913    0.04347826086956            16
    0.30434782608695    0.08695652173913    0.04347826086956            16
    0.34782608695652    0.08695652173913    0.04347826086956            16
    0.39130434782609    0.08695652173913    0.04347826086956            16
    0.43478260869566    0.08695652173913    0.04347826086956            16
    0.47826086956522    0.08695652173913    0.04347826086956            16
    0.13043478260870    0.13043478260870    0.04347826086956             8
    0.17391304347826    0.13043478260870    0.04347826086956            16
    0.21739130434783    0.13043478260870    0.04347826086956            16
    0.26086956521739    0.13043478260870    0.04347826086956            16
    0.30434782608695    0.13043478260870    0.04347826086956            16
    0.34782608695652    0.13043478260870    0.04347826086956            16
    0.39130434782609    0.13043478260870    0.04347826086956            16
    0.43478260869566    0.13043478260870    0.04347826086956            16
    0.47826086956522    0.13043478260870    0.04347826086956            16
    0.17391304347826    0.17391304347826    0.04347826086956             8
    0.21739130434783    0.17391304347826    0.04347826086956            16
    0.26086956521739    0.17391304347826    0.04347826086956            16
    0.30434782608695    0.17391304347826    0.04347826086956            16
    0.34782608695652    0.17391304347826    0.04347826086956            16
    0.39130434782609    0.17391304347826    0.04347826086956            16
    0.43478260869566    0.17391304347826    0.04347826086956            16
    0.47826086956522    0.17391304347826    0.04347826086956            16
    0.21739130434783    0.21739130434783    0.04347826086956             8
    0.26086956521739    0.21739130434783    0.04347826086956            16
    0.30434782608695    0.21739130434783    0.04347826086956            16
    0.34782608695652    0.21739130434783    0.04347826086956            16
    0.39130434782609    0.21739130434783    0.04347826086956            16
    0.43478260869566    0.21739130434783    0.04347826086956            16
    0.47826086956522    0.21739130434783    0.04347826086956            16
    0.26086956521739    0.26086956521739    0.04347826086956             8
    0.30434782608695    0.26086956521739    0.04347826086956            16
    0.34782608695652    0.26086956521739    0.04347826086956            16
    0.39130434782609    0.26086956521739    0.04347826086956            16
    0.43478260869566    0.26086956521739    0.04347826086956            16
    0.47826086956522    0.26086956521739    0.04347826086956            16
    0.30434782608695    0.30434782608695    0.04347826086956             8
    0.34782608695652    0.30434782608695    0.04347826086956            16
    0.39130434782609    0.30434782608695    0.04347826086956            16
    0.43478260869566    0.30434782608695    0.04347826086956            16
    0.47826086956522    0.30434782608695    0.04347826086956            16
    0.34782608695652    0.34782608695652    0.04347826086956             8
    0.39130434782609    0.34782608695652    0.04347826086956            16
    0.43478260869566    0.34782608695652    0.04347826086956            16
    0.47826086956522    0.34782608695652    0.04347826086956            16
    0.39130434782609    0.39130434782609    0.04347826086956             8
    0.43478260869566    0.39130434782609    0.04347826086956            16
    0.47826086956522    0.39130434782609    0.04347826086956            16
    0.43478260869566    0.43478260869566    0.04347826086956             8
    0.47826086956522    0.43478260869566    0.04347826086956            16
    0.47826086956522    0.47826086956522    0.04347826086956             8
    0.00000000000000    0.00000000000000    0.08695652173913             2
    0.04347826086956    0.00000000000000    0.08695652173913             8
    0.08695652173913    0.00000000000000    0.08695652173913             8
    0.13043478260870    0.00000000000000    0.08695652173913             8
    0.17391304347826    0.00000000000000    0.08695652173913             8
    0.21739130434783    0.00000000000000    0.08695652173913             8
    0.26086956521739    0.00000000000000    0.08695652173913             8
    0.30434782608695    0.00000000000000    0.08695652173913             8
    0.34782608695652    0.00000000000000    0.08695652173913             8
    0.39130434782609    0.00000000000000    0.08695652173913             8
    0.43478260869566    0.00000000000000    0.08695652173913             8
    0.47826086956522    0.00000000000000    0.08695652173913             8
    0.04347826086956    0.04347826086956    0.08695652173913             8
    0.08695652173913    0.04347826086956    0.08695652173913            16
    0.13043478260870    0.04347826086956    0.08695652173913            16
    0.17391304347826    0.04347826086956    0.08695652173913            16
    0.21739130434783    0.04347826086956    0.08695652173913            16
    0.26086956521739    0.04347826086956    0.08695652173913            16
    0.30434782608695    0.04347826086956    0.08695652173913            16
    0.34782608695652    0.04347826086956    0.08695652173913            16
    0.39130434782609    0.04347826086956    0.08695652173913            16
    0.43478260869566    0.04347826086956    0.08695652173913            16
    0.47826086956522    0.04347826086956    0.08695652173913            16
    0.08695652173913    0.08695652173913    0.08695652173913             8
    0.13043478260870    0.08695652173913    0.08695652173913            16
    0.17391304347826    0.08695652173913    0.08695652173913            16
    0.21739130434783    0.08695652173913    0.08695652173913            16
    0.26086956521739    0.08695652173913    0.08695652173913            16
    0.30434782608695    0.08695652173913    0.08695652173913            16
    0.34782608695652    0.08695652173913    0.08695652173913            16
    0.39130434782609    0.08695652173913    0.08695652173913            16
    0.43478260869566    0.08695652173913    0.08695652173913            16
    0.47826086956522    0.08695652173913    0.08695652173913            16
    0.13043478260870    0.13043478260870    0.08695652173913             8
    0.17391304347826    0.13043478260870    0.08695652173913            16
    0.21739130434783    0.13043478260870    0.08695652173913            16
    0.26086956521739    0.13043478260870    0.08695652173913            16
    0.30434782608695    0.13043478260870    0.08695652173913            16
    0.34782608695652    0.13043478260870    0.08695652173913            16
    0.39130434782609    0.13043478260870    0.08695652173913            16
    0.43478260869566    0.13043478260870    0.08695652173913            16
    0.47826086956522    0.13043478260870    0.08695652173913            16
    0.17391304347826    0.17391304347826    0.08695652173913             8
    0.21739130434783    0.17391304347826    0.08695652173913            16
    0.26086956521739    0.17391304347826    0.08695652173913            16
    0.30434782608695    0.17391304347826    0.08695652173913            16
    0.34782608695652    0.17391304347826    0.08695652173913            16
    0.39130434782609    0.17391304347826    0.08695652173913            16
    0.43478260869566    0.17391304347826    0.08695652173913            16
    0.47826086956522    0.17391304347826    0.08695652173913            16
    0.21739130434783    0.21739130434783    0.08695652173913             8
    0.26086956521739    0.21739130434783    0.08695652173913            16
    0.30434782608695    0.21739130434783    0.08695652173913            16
    0.34782608695652    0.21739130434783    0.08695652173913            16
    0.39130434782609    0.21739130434783    0.08695652173913            16
    0.43478260869566    0.21739130434783    0.08695652173913            16
    0.47826086956522    0.21739130434783    0.08695652173913            16
    0.26086956521739    0.26086956521739    0.08695652173913             8
    0.30434782608695    0.26086956521739    0.08695652173913            16
    0.34782608695652    0.26086956521739    0.08695652173913            16
    0.39130434782609    0.26086956521739    0.08695652173913            16
    0.43478260869566    0.26086956521739    0.08695652173913            16
    0.47826086956522    0.26086956521739    0.08695652173913            16
    0.30434782608695    0.30434782608695    0.08695652173913             8
    0.34782608695652    0.30434782608695    0.08695652173913            16
    0.39130434782609    0.30434782608695    0.08695652173913            16
    0.43478260869566    0.30434782608695    0.08695652173913            16
    0.47826086956522    0.30434782608695    0.08695652173913            16
    0.34782608695652    0.34782608695652    0.08695652173913             8
    0.39130434782609    0.34782608695652    0.08695652173913            16
    0.43478260869566    0.34782608695652    0.08695652173913            16
    0.47826086956522    0.34782608695652    0.08695652173913            16
    0.39130434782609    0.39130434782609    0.08695652173913             8
    0.43478260869566    0.39130434782609    0.08695652173913            16
    0.47826086956522    0.39130434782609    0.08695652173913            16
    0.43478260869566    0.43478260869566    0.08695652173913             8
    0.47826086956522    0.43478260869566    0.08695652173913            16
    0.47826086956522    0.47826086956522    0.08695652173913             8
    0.00000000000000    0.00000000000000    0.13043478260870             2
    0.04347826086956    0.00000000000000    0.13043478260870             8
    0.08695652173913    0.00000000000000    0.13043478260870             8
    0.13043478260870    0.00000000000000    0.13043478260870             8
    0.17391304347826    0.00000000000000    0.13043478260870             8
    0.21739130434783    0.00000000000000    0.13043478260870             8
    0.26086956521739    0.00000000000000    0.13043478260870             8
    0.30434782608695    0.00000000000000    0.13043478260870             8
    0.34782608695652    0.00000000000000    0.13043478260870             8
    0.39130434782609    0.00000000000000    0.13043478260870             8
    0.43478260869566    0.00000000000000    0.13043478260870             8
    0.47826086956522    0.00000000000000    0.13043478260870             8
    0.04347826086956    0.04347826086956    0.13043478260870             8
    0.08695652173913    0.04347826086956    0.13043478260870            16
    0.13043478260870    0.04347826086956    0.13043478260870            16
    0.17391304347826    0.04347826086956    0.13043478260870            16
    0.21739130434783    0.04347826086956    0.13043478260870            16
    0.26086956521739    0.04347826086956    0.13043478260870            16
    0.30434782608695    0.04347826086956    0.13043478260870            16
    0.34782608695652    0.04347826086956    0.13043478260870            16
    0.39130434782609    0.04347826086956    0.13043478260870            16
    0.43478260869566    0.04347826086956    0.13043478260870            16
    0.47826086956522    0.04347826086956    0.13043478260870            16
    0.08695652173913    0.08695652173913    0.13043478260870             8
    0.13043478260870    0.08695652173913    0.13043478260870            16
    0.17391304347826    0.08695652173913    0.13043478260870            16
    0.21739130434783    0.08695652173913    0.13043478260870            16
    0.26086956521739    0.08695652173913    0.13043478260870            16
    0.30434782608695    0.08695652173913    0.13043478260870            16
    0.34782608695652    0.08695652173913    0.13043478260870            16
    0.39130434782609    0.08695652173913    0.13043478260870            16
    0.43478260869566    0.08695652173913    0.13043478260870            16
    0.47826086956522    0.08695652173913    0.13043478260870            16
    0.13043478260870    0.13043478260870    0.13043478260870             8
    0.17391304347826    0.13043478260870    0.13043478260870            16
    0.21739130434783    0.13043478260870    0.13043478260870            16
    0.26086956521739    0.13043478260870    0.13043478260870            16
    0.30434782608695    0.13043478260870    0.13043478260870            16
    0.34782608695652    0.13043478260870    0.13043478260870            16
    0.39130434782609    0.13043478260870    0.13043478260870            16
    0.43478260869566    0.13043478260870    0.13043478260870            16
    0.47826086956522    0.13043478260870    0.13043478260870            16
    0.17391304347826    0.17391304347826    0.13043478260870             8
    0.21739130434783    0.17391304347826    0.13043478260870            16
    0.26086956521739    0.17391304347826    0.13043478260870            16
    0.30434782608695    0.17391304347826    0.13043478260870            16
    0.34782608695652    0.17391304347826    0.13043478260870            16
    0.39130434782609    0.17391304347826    0.13043478260870            16
    0.43478260869566    0.17391304347826    0.13043478260870            16
    0.47826086956522    0.17391304347826    0.13043478260870            16
    0.21739130434783    0.21739130434783    0.13043478260870             8
    0.26086956521739    0.21739130434783    0.13043478260870            16
    0.30434782608695    0.21739130434783    0.13043478260870            16
    0.34782608695652    0.21739130434783    0.13043478260870            16
    0.39130434782609    0.21739130434783    0.13043478260870            16
    0.43478260869566    0.21739130434783    0.13043478260870            16
    0.47826086956522    0.21739130434783    0.13043478260870            16
    0.26086956521739    0.26086956521739    0.13043478260870             8
    0.30434782608695    0.26086956521739    0.13043478260870            16
    0.34782608695652    0.26086956521739    0.13043478260870            16
    0.39130434782609    0.26086956521739    0.13043478260870            16
    0.43478260869566    0.26086956521739    0.13043478260870            16
    0.47826086956522    0.26086956521739    0.13043478260870            16
    0.30434782608695    0.30434782608695    0.13043478260870             8
    0.34782608695652    0.30434782608695    0.13043478260870            16
    0.39130434782609    0.30434782608695    0.13043478260870            16
    0.43478260869566    0.30434782608695    0.13043478260870            16
    0.47826086956522    0.30434782608695    0.13043478260870            16
    0.34782608695652    0.34782608695652    0.13043478260870             8
    0.39130434782609    0.34782608695652    0.13043478260870            16
    0.43478260869566    0.34782608695652    0.13043478260870            16
    0.47826086956522    0.34782608695652    0.13043478260870            16
    0.39130434782609    0.39130434782609    0.13043478260870             8
    0.43478260869566    0.39130434782609    0.13043478260870            16
    0.47826086956522    0.39130434782609    0.13043478260870            16
    0.43478260869566    0.43478260869566    0.13043478260870             8
    0.47826086956522    0.43478260869566    0.13043478260870            16
    0.47826086956522    0.47826086956522    0.13043478260870             8
    0.00000000000000    0.00000000000000    0.17391304347826             2
    0.04347826086956    0.00000000000000    0.17391304347826             8
    0.08695652173913    0.00000000000000    0.17391304347826             8
    0.13043478260870    0.00000000000000    0.17391304347826             8
    0.17391304347826    0.00000000000000    0.17391304347826             8
    0.21739130434783    0.00000000000000    0.17391304347826             8
    0.26086956521739    0.00000000000000    0.17391304347826             8
    0.30434782608695    0.00000000000000    0.17391304347826             8
    0.34782608695652    0.00000000000000    0.17391304347826             8
    0.39130434782609    0.00000000000000    0.17391304347826             8
    0.43478260869566    0.00000000000000    0.17391304347826             8
    0.47826086956522    0.00000000000000    0.17391304347826             8
    0.04347826086956    0.04347826086956    0.17391304347826             8
    0.08695652173913    0.04347826086956    0.17391304347826            16
    0.13043478260870    0.04347826086956    0.17391304347826            16
    0.17391304347826    0.04347826086956    0.17391304347826            16
    0.21739130434783    0.04347826086956    0.17391304347826            16
    0.26086956521739    0.04347826086956    0.17391304347826            16
    0.30434782608695    0.04347826086956    0.17391304347826            16
    0.34782608695652    0.04347826086956    0.17391304347826            16
    0.39130434782609    0.04347826086956    0.17391304347826            16
    0.43478260869566    0.04347826086956    0.17391304347826            16
    0.47826086956522    0.04347826086956    0.17391304347826            16
    0.08695652173913    0.08695652173913    0.17391304347826             8
    0.13043478260870    0.08695652173913    0.17391304347826            16
    0.17391304347826    0.08695652173913    0.17391304347826            16
    0.21739130434783    0.08695652173913    0.17391304347826            16
    0.26086956521739    0.08695652173913    0.17391304347826            16
    0.30434782608695    0.08695652173913    0.17391304347826            16
    0.34782608695652    0.08695652173913    0.17391304347826            16
    0.39130434782609    0.08695652173913    0.17391304347826            16
    0.43478260869566    0.08695652173913    0.17391304347826            16
    0.47826086956522    0.08695652173913    0.17391304347826            16
    0.13043478260870    0.13043478260870    0.17391304347826             8
    0.17391304347826    0.13043478260870    0.17391304347826            16
    0.21739130434783    0.13043478260870    0.17391304347826            16
    0.26086956521739    0.13043478260870    0.17391304347826            16
    0.30434782608695    0.13043478260870    0.17391304347826            16
    0.34782608695652    0.13043478260870    0.17391304347826            16
    0.39130434782609    0.13043478260870    0.17391304347826            16
    0.43478260869566    0.13043478260870    0.17391304347826            16
    0.47826086956522    0.13043478260870    0.17391304347826            16
    0.17391304347826    0.17391304347826    0.17391304347826             8
    0.21739130434783    0.17391304347826    0.17391304347826            16
    0.26086956521739    0.17391304347826    0.17391304347826            16
    0.30434782608695    0.17391304347826    0.17391304347826            16
    0.34782608695652    0.17391304347826    0.17391304347826            16
    0.39130434782609    0.17391304347826    0.17391304347826            16
    0.43478260869566    0.17391304347826    0.17391304347826            16
    0.47826086956522    0.17391304347826    0.17391304347826            16
    0.21739130434783    0.21739130434783    0.17391304347826             8
    0.26086956521739    0.21739130434783    0.17391304347826            16
    0.30434782608695    0.21739130434783    0.17391304347826            16
    0.34782608695652    0.21739130434783    0.17391304347826            16
    0.39130434782609    0.21739130434783    0.17391304347826            16
    0.43478260869566    0.21739130434783    0.17391304347826            16
    0.47826086956522    0.21739130434783    0.17391304347826            16
    0.26086956521739    0.26086956521739    0.17391304347826             8
    0.30434782608695    0.26086956521739    0.17391304347826            16
    0.34782608695652    0.26086956521739    0.17391304347826            16
    0.39130434782609    0.26086956521739    0.17391304347826            16
    0.43478260869566    0.26086956521739    0.17391304347826            16
    0.47826086956522    0.26086956521739    0.17391304347826            16
    0.30434782608695    0.30434782608695    0.17391304347826             8
    0.34782608695652    0.30434782608695    0.17391304347826            16
    0.39130434782609    0.30434782608695    0.17391304347826            16
    0.43478260869566    0.30434782608695    0.17391304347826            16
    0.47826086956522    0.30434782608695    0.17391304347826            16
    0.34782608695652    0.34782608695652    0.17391304347826             8
    0.39130434782609    0.34782608695652    0.17391304347826            16
    0.43478260869566    0.34782608695652    0.17391304347826            16
    0.47826086956522    0.34782608695652    0.17391304347826            16
    0.39130434782609    0.39130434782609    0.17391304347826             8
    0.43478260869566    0.39130434782609    0.17391304347826            16
    0.47826086956522    0.39130434782609    0.17391304347826            16
    0.43478260869566    0.43478260869566    0.17391304347826             8
    0.47826086956522    0.43478260869566    0.17391304347826            16
    0.47826086956522    0.47826086956522    0.17391304347826             8
    0.00000000000000    0.00000000000000    0.21739130434783             2
    0.04347826086956    0.00000000000000    0.21739130434783             8
    0.08695652173913    0.00000000000000    0.21739130434783             8
    0.13043478260870    0.00000000000000    0.21739130434783             8
    0.17391304347826    0.00000000000000    0.21739130434783             8
    0.21739130434783    0.00000000000000    0.21739130434783             8
    0.26086956521739    0.00000000000000    0.21739130434783             8
    0.30434782608695    0.00000000000000    0.21739130434783             8
    0.34782608695652    0.00000000000000    0.21739130434783             8
    0.39130434782609    0.00000000000000    0.21739130434783             8
    0.43478260869566    0.00000000000000    0.21739130434783             8
    0.47826086956522    0.00000000000000    0.21739130434783             8
    0.04347826086956    0.04347826086956    0.21739130434783             8
    0.08695652173913    0.04347826086956    0.21739130434783            16
    0.13043478260870    0.04347826086956    0.21739130434783            16
    0.17391304347826    0.04347826086956    0.21739130434783            16
    0.21739130434783    0.04347826086956    0.21739130434783            16
    0.26086956521739    0.04347826086956    0.21739130434783            16
    0.30434782608695    0.04347826086956    0.21739130434783            16
    0.34782608695652    0.04347826086956    0.21739130434783            16
    0.39130434782609    0.04347826086956    0.21739130434783            16
    0.43478260869566    0.04347826086956    0.21739130434783            16
    0.47826086956522    0.04347826086956    0.21739130434783            16
    0.08695652173913    0.08695652173913    0.21739130434783             8
    0.13043478260870    0.08695652173913    0.21739130434783            16
    0.17391304347826    0.08695652173913    0.21739130434783            16
    0.21739130434783    0.08695652173913    0.21739130434783            16
    0.26086956521739    0.08695652173913    0.21739130434783            16
    0.30434782608695    0.08695652173913    0.21739130434783            16
    0.34782608695652    0.08695652173913    0.21739130434783            16
    0.39130434782609    0.08695652173913    0.21739130434783            16
    0.43478260869566    0.08695652173913    0.21739130434783            16
    0.47826086956522    0.08695652173913    0.21739130434783            16
    0.13043478260870    0.13043478260870    0.21739130434783             8
    0.17391304347826    0.13043478260870    0.21739130434783            16
    0.21739130434783    0.13043478260870    0.21739130434783            16
    0.26086956521739    0.13043478260870    0.21739130434783            16
    0.30434782608695    0.13043478260870    0.21739130434783            16
    0.34782608695652    0.13043478260870    0.21739130434783            16
    0.39130434782609    0.13043478260870    0.21739130434783            16
    0.43478260869566    0.13043478260870    0.21739130434783            16
    0.47826086956522    0.13043478260870    0.21739130434783            16
    0.17391304347826    0.17391304347826    0.21739130434783             8
    0.21739130434783    0.17391304347826    0.21739130434783            16
    0.26086956521739    0.17391304347826    0.21739130434783            16
    0.30434782608695    0.17391304347826    0.21739130434783            16
    0.34782608695652    0.17391304347826    0.21739130434783            16
    0.39130434782609    0.17391304347826    0.21739130434783            16
    0.43478260869566    0.17391304347826    0.21739130434783            16
    0.47826086956522    0.17391304347826    0.21739130434783            16
    0.21739130434783    0.21739130434783    0.21739130434783             8
    0.26086956521739    0.21739130434783    0.21739130434783            16
    0.30434782608695    0.21739130434783    0.21739130434783            16
    0.34782608695652    0.21739130434783    0.21739130434783            16
    0.39130434782609    0.21739130434783    0.21739130434783            16
    0.43478260869566    0.21739130434783    0.21739130434783            16
    0.47826086956522    0.21739130434783    0.21739130434783            16
    0.26086956521739    0.26086956521739    0.21739130434783             8
    0.30434782608695    0.26086956521739    0.21739130434783            16
    0.34782608695652    0.26086956521739    0.21739130434783            16
    0.39130434782609    0.26086956521739    0.21739130434783            16
    0.43478260869566    0.26086956521739    0.21739130434783            16
    0.47826086956522    0.26086956521739    0.21739130434783            16
    0.30434782608695    0.30434782608695    0.21739130434783             8
    0.34782608695652    0.30434782608695    0.21739130434783            16
    0.39130434782609    0.30434782608695    0.21739130434783            16
    0.43478260869566    0.30434782608695    0.21739130434783            16
    0.47826086956522    0.30434782608695    0.21739130434783            16
    0.34782608695652    0.34782608695652    0.21739130434783             8
    0.39130434782609    0.34782608695652    0.21739130434783            16
    0.43478260869566    0.34782608695652    0.21739130434783            16
    0.47826086956522    0.34782608695652    0.21739130434783            16
    0.39130434782609    0.39130434782609    0.21739130434783             8
    0.43478260869566    0.39130434782609    0.21739130434783            16
    0.47826086956522    0.39130434782609    0.21739130434783            16
    0.43478260869566    0.43478260869566    0.21739130434783             8
    0.47826086956522    0.43478260869566    0.21739130434783            16
    0.47826086956522    0.47826086956522    0.21739130434783             8
    0.00000000000000    0.00000000000000    0.26086956521739             2
    0.04347826086956    0.00000000000000    0.26086956521739             8
    0.08695652173913    0.00000000000000    0.26086956521739             8
    0.13043478260870    0.00000000000000    0.26086956521739             8
    0.17391304347826    0.00000000000000    0.26086956521739             8
    0.21739130434783    0.00000000000000    0.26086956521739             8
    0.26086956521739    0.00000000000000    0.26086956521739             8
    0.30434782608695    0.00000000000000    0.26086956521739             8
    0.34782608695652    0.00000000000000    0.26086956521739             8
    0.39130434782609    0.00000000000000    0.26086956521739             8
    0.43478260869566    0.00000000000000    0.26086956521739             8
    0.47826086956522    0.00000000000000    0.26086956521739             8
    0.04347826086956    0.04347826086956    0.26086956521739             8
    0.08695652173913    0.04347826086956    0.26086956521739            16
    0.13043478260870    0.04347826086956    0.26086956521739            16
    0.17391304347826    0.04347826086956    0.26086956521739            16
    0.21739130434783    0.04347826086956    0.26086956521739            16
    0.26086956521739    0.04347826086956    0.26086956521739            16
    0.30434782608695    0.04347826086956    0.26086956521739            16
    0.34782608695652    0.04347826086956    0.26086956521739            16
    0.39130434782609    0.04347826086956    0.26086956521739            16
    0.43478260869566    0.04347826086956    0.26086956521739            16
    0.47826086956522    0.04347826086956    0.26086956521739            16
    0.08695652173913    0.08695652173913    0.26086956521739             8
    0.13043478260870    0.08695652173913    0.26086956521739            16
    0.17391304347826    0.08695652173913    0.26086956521739            16
    0.21739130434783    0.08695652173913    0.26086956521739            16
    0.26086956521739    0.08695652173913    0.26086956521739            16
    0.30434782608695    0.08695652173913    0.26086956521739            16
    0.34782608695652    0.08695652173913    0.26086956521739            16
    0.39130434782609    0.08695652173913    0.26086956521739            16
    0.43478260869566    0.08695652173913    0.26086956521739            16
    0.47826086956522    0.08695652173913    0.26086956521739            16
    0.13043478260870    0.13043478260870    0.26086956521739             8
    0.17391304347826    0.13043478260870    0.26086956521739            16
    0.21739130434783    0.13043478260870    0.26086956521739            16
    0.26086956521739    0.13043478260870    0.26086956521739            16
    0.30434782608695    0.13043478260870    0.26086956521739            16
    0.34782608695652    0.13043478260870    0.26086956521739            16
    0.39130434782609    0.13043478260870    0.26086956521739            16
    0.43478260869566    0.13043478260870    0.26086956521739            16
    0.47826086956522    0.13043478260870    0.26086956521739            16
    0.17391304347826    0.17391304347826    0.26086956521739             8
    0.21739130434783    0.17391304347826    0.26086956521739            16
    0.26086956521739    0.17391304347826    0.26086956521739            16
    0.30434782608695    0.17391304347826    0.26086956521739            16
    0.34782608695652    0.17391304347826    0.26086956521739            16
    0.39130434782609    0.17391304347826    0.26086956521739            16
    0.43478260869566    0.17391304347826    0.26086956521739            16
    0.47826086956522    0.17391304347826    0.26086956521739            16
    0.21739130434783    0.21739130434783    0.26086956521739             8
    0.26086956521739    0.21739130434783    0.26086956521739            16
    0.30434782608695    0.21739130434783    0.26086956521739            16
    0.34782608695652    0.21739130434783    0.26086956521739            16
    0.39130434782609    0.21739130434783    0.26086956521739            16
    0.43478260869566    0.21739130434783    0.26086956521739            16
    0.47826086956522    0.21739130434783    0.26086956521739            16
    0.26086956521739    0.26086956521739    0.26086956521739             8
    0.30434782608695    0.26086956521739    0.26086956521739            16
    0.34782608695652    0.26086956521739    0.26086956521739            16
    0.39130434782609    0.26086956521739    0.26086956521739            16
    0.43478260869566    0.26086956521739    0.26086956521739            16
    0.47826086956522    0.26086956521739    0.26086956521739            16
    0.30434782608695    0.30434782608695    0.26086956521739             8
    0.34782608695652    0.30434782608695    0.26086956521739            16
    0.39130434782609    0.30434782608695    0.26086956521739            16
    0.43478260869566    0.30434782608695    0.26086956521739            16
    0.47826086956522    0.30434782608695    0.26086956521739            16
    0.34782608695652    0.34782608695652    0.26086956521739             8
    0.39130434782609    0.34782608695652    0.26086956521739            16
    0.43478260869566    0.34782608695652    0.26086956521739            16
    0.47826086956522    0.34782608695652    0.26086956521739            16
    0.39130434782609    0.39130434782609    0.26086956521739             8
    0.43478260869566    0.39130434782609    0.26086956521739            16
    0.47826086956522    0.39130434782609    0.26086956521739            16
    0.43478260869566    0.43478260869566    0.26086956521739             8
    0.47826086956522    0.43478260869566    0.26086956521739            16
    0.47826086956522    0.47826086956522    0.26086956521739             8
    0.00000000000000    0.00000000000000    0.30434782608695             2
    0.04347826086956    0.00000000000000    0.30434782608695             8
    0.08695652173913    0.00000000000000    0.30434782608695             8
    0.13043478260870    0.00000000000000    0.30434782608695             8
    0.17391304347826    0.00000000000000    0.30434782608695             8
    0.21739130434783    0.00000000000000    0.30434782608695             8
    0.26086956521739    0.00000000000000    0.30434782608695             8
    0.30434782608695    0.00000000000000    0.30434782608695             8
    0.34782608695652    0.00000000000000    0.30434782608695             8
    0.39130434782609    0.00000000000000    0.30434782608695             8
    0.43478260869566    0.00000000000000    0.30434782608695             8
    0.47826086956522    0.00000000000000    0.30434782608695             8
    0.04347826086956    0.04347826086956    0.30434782608695             8
    0.08695652173913    0.04347826086956    0.30434782608695            16
    0.13043478260870    0.04347826086956    0.30434782608695            16
    0.17391304347826    0.04347826086956    0.30434782608695            16
    0.21739130434783    0.04347826086956    0.30434782608695            16
    0.26086956521739    0.04347826086956    0.30434782608695            16
    0.30434782608695    0.04347826086956    0.30434782608695            16
    0.34782608695652    0.04347826086956    0.30434782608695            16
    0.39130434782609    0.04347826086956    0.30434782608695            16
    0.43478260869566    0.04347826086956    0.30434782608695            16
    0.47826086956522    0.04347826086956    0.30434782608695            16
    0.08695652173913    0.08695652173913    0.30434782608695             8
    0.13043478260870    0.08695652173913    0.30434782608695            16
    0.17391304347826    0.08695652173913    0.30434782608695            16
    0.21739130434783    0.08695652173913    0.30434782608695            16
    0.26086956521739    0.08695652173913    0.30434782608695            16
    0.30434782608695    0.08695652173913    0.30434782608695            16
    0.34782608695652    0.08695652173913    0.30434782608695            16
    0.39130434782609    0.08695652173913    0.30434782608695            16
    0.43478260869566    0.08695652173913    0.30434782608695            16
    0.47826086956522    0.08695652173913    0.30434782608695            16
    0.13043478260870    0.13043478260870    0.30434782608695             8
    0.17391304347826    0.13043478260870    0.30434782608695            16
    0.21739130434783    0.13043478260870    0.30434782608695            16
    0.26086956521739    0.13043478260870    0.30434782608695            16
    0.30434782608695    0.13043478260870    0.30434782608695            16
    0.34782608695652    0.13043478260870    0.30434782608695            16
    0.39130434782609    0.13043478260870    0.30434782608695            16
    0.43478260869566    0.13043478260870    0.30434782608695            16
    0.47826086956522    0.13043478260870    0.30434782608695            16
    0.17391304347826    0.17391304347826    0.30434782608695             8
    0.21739130434783    0.17391304347826    0.30434782608695            16
    0.26086956521739    0.17391304347826    0.30434782608695            16
    0.30434782608695    0.17391304347826    0.30434782608695            16
    0.34782608695652    0.17391304347826    0.30434782608695            16
    0.39130434782609    0.17391304347826    0.30434782608695            16
    0.43478260869566    0.17391304347826    0.30434782608695            16
    0.47826086956522    0.17391304347826    0.30434782608695            16
    0.21739130434783    0.21739130434783    0.30434782608695             8
    0.26086956521739    0.21739130434783    0.30434782608695            16
    0.30434782608695    0.21739130434783    0.30434782608695            16
    0.34782608695652    0.21739130434783    0.30434782608695            16
    0.39130434782609    0.21739130434783    0.30434782608695            16
    0.43478260869566    0.21739130434783    0.30434782608695            16
    0.47826086956522    0.21739130434783    0.30434782608695            16
    0.26086956521739    0.26086956521739    0.30434782608695             8
    0.30434782608695    0.26086956521739    0.30434782608695            16
    0.34782608695652    0.26086956521739    0.30434782608695            16
    0.39130434782609    0.26086956521739    0.30434782608695            16
    0.43478260869566    0.26086956521739    0.30434782608695            16
    0.47826086956522    0.26086956521739    0.30434782608695            16
    0.30434782608695    0.30434782608695    0.30434782608695             8
    0.34782608695652    0.30434782608695    0.30434782608695            16
    0.39130434782609    0.30434782608695    0.30434782608695            16
    0.43478260869566    0.30434782608695    0.30434782608695            16
    0.47826086956522    0.30434782608695    0.30434782608695            16
    0.34782608695652    0.34782608695652    0.30434782608695             8
    0.39130434782609    0.34782608695652    0.30434782608695            16
    0.43478260869566    0.34782608695652    0.30434782608695            16
    0.47826086956522    0.34782608695652    0.30434782608695            16
    0.39130434782609    0.39130434782609    0.30434782608695             8
    0.43478260869566    0.39130434782609    0.30434782608695            16
    0.47826086956522    0.39130434782609    0.30434782608695            16
    0.43478260869566    0.43478260869566    0.30434782608695             8
    0.47826086956522    0.43478260869566    0.30434782608695            16
    0.47826086956522    0.47826086956522    0.30434782608695             8
    0.00000000000000    0.00000000000000    0.34782608695652             2
    0.04347826086956    0.00000000000000    0.34782608695652             8
    0.08695652173913    0.00000000000000    0.34782608695652             8
    0.13043478260870    0.00000000000000    0.34782608695652             8
    0.17391304347826    0.00000000000000    0.34782608695652             8
    0.21739130434783    0.00000000000000    0.34782608695652             8
    0.26086956521739    0.00000000000000    0.34782608695652             8
    0.30434782608695    0.00000000000000    0.34782608695652             8
    0.34782608695652    0.00000000000000    0.34782608695652             8
    0.39130434782609    0.00000000000000    0.34782608695652             8
    0.43478260869566    0.00000000000000    0.34782608695652             8
    0.47826086956522    0.00000000000000    0.34782608695652             8
    0.04347826086956    0.04347826086956    0.34782608695652             8
    0.08695652173913    0.04347826086956    0.34782608695652            16
    0.13043478260870    0.04347826086956    0.34782608695652            16
    0.17391304347826    0.04347826086956    0.34782608695652            16
    0.21739130434783    0.04347826086956    0.34782608695652            16
    0.26086956521739    0.04347826086956    0.34782608695652            16
    0.30434782608695    0.04347826086956    0.34782608695652            16
    0.34782608695652    0.04347826086956    0.34782608695652            16
    0.39130434782609    0.04347826086956    0.34782608695652            16
    0.43478260869566    0.04347826086956    0.34782608695652            16
    0.47826086956522    0.04347826086956    0.34782608695652            16
    0.08695652173913    0.08695652173913    0.34782608695652             8
    0.13043478260870    0.08695652173913    0.34782608695652            16
    0.17391304347826    0.08695652173913    0.34782608695652            16
    0.21739130434783    0.08695652173913    0.34782608695652            16
    0.26086956521739    0.08695652173913    0.34782608695652            16
    0.30434782608695    0.08695652173913    0.34782608695652            16
    0.34782608695652    0.08695652173913    0.34782608695652            16
    0.39130434782609    0.08695652173913    0.34782608695652            16
    0.43478260869566    0.08695652173913    0.34782608695652            16
    0.47826086956522    0.08695652173913    0.34782608695652            16
    0.13043478260870    0.13043478260870    0.34782608695652             8
    0.17391304347826    0.13043478260870    0.34782608695652            16
    0.21739130434783    0.13043478260870    0.34782608695652            16
    0.26086956521739    0.13043478260870    0.34782608695652            16
    0.30434782608695    0.13043478260870    0.34782608695652            16
    0.34782608695652    0.13043478260870    0.34782608695652            16
    0.39130434782609    0.13043478260870    0.34782608695652            16
    0.43478260869566    0.13043478260870    0.34782608695652            16
    0.47826086956522    0.13043478260870    0.34782608695652            16
    0.17391304347826    0.17391304347826    0.34782608695652             8
    0.21739130434783    0.17391304347826    0.34782608695652            16
    0.26086956521739    0.17391304347826    0.34782608695652            16
    0.30434782608695    0.17391304347826    0.34782608695652            16
    0.34782608695652    0.17391304347826    0.34782608695652            16
    0.39130434782609    0.17391304347826    0.34782608695652            16
    0.43478260869566    0.17391304347826    0.34782608695652            16
    0.47826086956522    0.17391304347826    0.34782608695652            16
    0.21739130434783    0.21739130434783    0.34782608695652             8
    0.26086956521739    0.21739130434783    0.34782608695652            16
    0.30434782608695    0.21739130434783    0.34782608695652            16
    0.34782608695652    0.21739130434783    0.34782608695652            16
    0.39130434782609    0.21739130434783    0.34782608695652            16
    0.43478260869566    0.21739130434783    0.34782608695652            16
    0.47826086956522    0.21739130434783    0.34782608695652            16
    0.26086956521739    0.26086956521739    0.34782608695652             8
    0.30434782608695    0.26086956521739    0.34782608695652            16
    0.34782608695652    0.26086956521739    0.34782608695652            16
    0.39130434782609    0.26086956521739    0.34782608695652            16
    0.43478260869566    0.26086956521739    0.34782608695652            16
    0.47826086956522    0.26086956521739    0.34782608695652            16
    0.30434782608695    0.30434782608695    0.34782608695652             8
    0.34782608695652    0.30434782608695    0.34782608695652            16
    0.39130434782609    0.30434782608695    0.34782608695652            16
    0.43478260869566    0.30434782608695    0.34782608695652            16
    0.47826086956522    0.30434782608695    0.34782608695652            16
    0.34782608695652    0.34782608695652    0.34782608695652             8
    0.39130434782609    0.34782608695652    0.34782608695652            16
    0.43478260869566    0.34782608695652    0.34782608695652            16
    0.47826086956522    0.34782608695652    0.34782608695652            16
    0.39130434782609    0.39130434782609    0.34782608695652             8
    0.43478260869566    0.39130434782609    0.34782608695652            16
    0.47826086956522    0.39130434782609    0.34782608695652            16
    0.43478260869566    0.43478260869566    0.34782608695652             8
    0.47826086956522    0.43478260869566    0.34782608695652            16
    0.47826086956522    0.47826086956522    0.34782608695652             8
    0.00000000000000    0.00000000000000    0.39130434782609             2
    0.04347826086956    0.00000000000000    0.39130434782609             8
    0.08695652173913    0.00000000000000    0.39130434782609             8
    0.13043478260870    0.00000000000000    0.39130434782609             8
    0.17391304347826    0.00000000000000    0.39130434782609             8
    0.21739130434783    0.00000000000000    0.39130434782609             8
    0.26086956521739    0.00000000000000    0.39130434782609             8
    0.30434782608695    0.00000000000000    0.39130434782609             8
    0.34782608695652    0.00000000000000    0.39130434782609             8
    0.39130434782609    0.00000000000000    0.39130434782609             8
    0.43478260869566    0.00000000000000    0.39130434782609             8
    0.47826086956522    0.00000000000000    0.39130434782609             8
    0.04347826086956    0.04347826086956    0.39130434782609             8
    0.08695652173913    0.04347826086956    0.39130434782609            16
    0.13043478260870    0.04347826086956    0.39130434782609            16
    0.17391304347826    0.04347826086956    0.39130434782609            16
    0.21739130434783    0.04347826086956    0.39130434782609            16
    0.26086956521739    0.04347826086956    0.39130434782609            16
    0.30434782608695    0.04347826086956    0.39130434782609            16
    0.34782608695652    0.04347826086956    0.39130434782609            16
    0.39130434782609    0.04347826086956    0.39130434782609            16
    0.43478260869566    0.04347826086956    0.39130434782609            16
    0.47826086956522    0.04347826086956    0.39130434782609            16
    0.08695652173913    0.08695652173913    0.39130434782609             8
    0.13043478260870    0.08695652173913    0.39130434782609            16
    0.17391304347826    0.08695652173913    0.39130434782609            16
    0.21739130434783    0.08695652173913    0.39130434782609            16
    0.26086956521739    0.08695652173913    0.39130434782609            16
    0.30434782608695    0.08695652173913    0.39130434782609            16
    0.34782608695652    0.08695652173913    0.39130434782609            16
    0.39130434782609    0.08695652173913    0.39130434782609            16
    0.43478260869566    0.08695652173913    0.39130434782609            16
    0.47826086956522    0.08695652173913    0.39130434782609            16
    0.13043478260870    0.13043478260870    0.39130434782609             8
    0.17391304347826    0.13043478260870    0.39130434782609            16
    0.21739130434783    0.13043478260870    0.39130434782609            16
    0.26086956521739    0.13043478260870    0.39130434782609            16
    0.30434782608695    0.13043478260870    0.39130434782609            16
    0.34782608695652    0.13043478260870    0.39130434782609            16
    0.39130434782609    0.13043478260870    0.39130434782609            16
    0.43478260869566    0.13043478260870    0.39130434782609            16
    0.47826086956522    0.13043478260870    0.39130434782609            16
    0.17391304347826    0.17391304347826    0.39130434782609             8
    0.21739130434783    0.17391304347826    0.39130434782609            16
    0.26086956521739    0.17391304347826    0.39130434782609            16
    0.30434782608695    0.17391304347826    0.39130434782609            16
    0.34782608695652    0.17391304347826    0.39130434782609            16
    0.39130434782609    0.17391304347826    0.39130434782609            16
    0.43478260869566    0.17391304347826    0.39130434782609            16
    0.47826086956522    0.17391304347826    0.39130434782609            16
    0.21739130434783    0.21739130434783    0.39130434782609             8
    0.26086956521739    0.21739130434783    0.39130434782609            16
    0.30434782608695    0.21739130434783    0.39130434782609            16
    0.34782608695652    0.21739130434783    0.39130434782609            16
    0.39130434782609    0.21739130434783    0.39130434782609            16
    0.43478260869566    0.21739130434783    0.39130434782609            16
    0.47826086956522    0.21739130434783    0.39130434782609            16
    0.26086956521739    0.26086956521739    0.39130434782609             8
    0.30434782608695    0.26086956521739    0.39130434782609            16
    0.34782608695652    0.26086956521739    0.39130434782609            16
    0.39130434782609    0.26086956521739    0.39130434782609            16
    0.43478260869566    0.26086956521739    0.39130434782609            16
    0.47826086956522    0.26086956521739    0.39130434782609            16
    0.30434782608695    0.30434782608695    0.39130434782609             8
    0.34782608695652    0.30434782608695    0.39130434782609            16
    0.39130434782609    0.30434782608695    0.39130434782609            16
    0.43478260869566    0.30434782608695    0.39130434782609            16
    0.47826086956522    0.30434782608695    0.39130434782609            16
    0.34782608695652    0.34782608695652    0.39130434782609             8
    0.39130434782609    0.34782608695652    0.39130434782609            16
    0.43478260869566    0.34782608695652    0.39130434782609            16
    0.47826086956522    0.34782608695652    0.39130434782609            16
    0.39130434782609    0.39130434782609    0.39130434782609             8
    0.43478260869566    0.39130434782609    0.39130434782609            16
    0.47826086956522    0.39130434782609    0.39130434782609            16
    0.43478260869566    0.43478260869566    0.39130434782609             8
    0.47826086956522    0.43478260869566    0.39130434782609            16
    0.47826086956522    0.47826086956522    0.39130434782609             8
    0.00000000000000    0.00000000000000    0.43478260869565             2
    0.04347826086956    0.00000000000000    0.43478260869565             8
    0.08695652173913    0.00000000000000    0.43478260869565             8
    0.13043478260870    0.00000000000000    0.43478260869565             8
    0.17391304347826    0.00000000000000    0.43478260869565             8
    0.21739130434783    0.00000000000000    0.43478260869565             8
    0.26086956521739    0.00000000000000    0.43478260869565             8
    0.30434782608695    0.00000000000000    0.43478260869565             8
    0.34782608695652    0.00000000000000    0.43478260869565             8
    0.39130434782609    0.00000000000000    0.43478260869565             8
    0.43478260869566    0.00000000000000    0.43478260869565             8
    0.47826086956522    0.00000000000000    0.43478260869565             8
    0.04347826086956    0.04347826086956    0.43478260869565             8
    0.08695652173913    0.04347826086956    0.43478260869565            16
    0.13043478260870    0.04347826086956    0.43478260869565            16
    0.17391304347826    0.04347826086956    0.43478260869565            16
    0.21739130434783    0.04347826086956    0.43478260869565            16
    0.26086956521739    0.04347826086956    0.43478260869565            16
    0.30434782608695    0.04347826086956    0.43478260869565            16
    0.34782608695652    0.04347826086956    0.43478260869565            16
    0.39130434782609    0.04347826086956    0.43478260869565            16
    0.43478260869566    0.04347826086956    0.43478260869565            16
    0.47826086956522    0.04347826086956    0.43478260869565            16
    0.08695652173913    0.08695652173913    0.43478260869565             8
    0.13043478260870    0.08695652173913    0.43478260869565            16
    0.17391304347826    0.08695652173913    0.43478260869565            16
    0.21739130434783    0.08695652173913    0.43478260869565            16
    0.26086956521739    0.08695652173913    0.43478260869565            16
    0.30434782608695    0.08695652173913    0.43478260869565            16
    0.34782608695652    0.08695652173913    0.43478260869565            16
    0.39130434782609    0.08695652173913    0.43478260869565            16
    0.43478260869566    0.08695652173913    0.43478260869565            16
    0.47826086956522    0.08695652173913    0.43478260869565            16
    0.13043478260870    0.13043478260870    0.43478260869565             8
    0.17391304347826    0.13043478260870    0.43478260869565            16
    0.21739130434783    0.13043478260870    0.43478260869565            16
    0.26086956521739    0.13043478260870    0.43478260869565            16
    0.30434782608695    0.13043478260870    0.43478260869565            16
    0.34782608695652    0.13043478260870    0.43478260869565            16
    0.39130434782609    0.13043478260870    0.43478260869565            16
    0.43478260869566    0.13043478260870    0.43478260869565            16
    0.47826086956522    0.13043478260870    0.43478260869565            16
    0.17391304347826    0.17391304347826    0.43478260869565             8
    0.21739130434783    0.17391304347826    0.43478260869565            16
    0.26086956521739    0.17391304347826    0.43478260869565            16
    0.30434782608695    0.17391304347826    0.43478260869565            16
    0.34782608695652    0.17391304347826    0.43478260869565            16
    0.39130434782609    0.17391304347826    0.43478260869565            16
    0.43478260869566    0.17391304347826    0.43478260869565            16
    0.47826086956522    0.17391304347826    0.43478260869565            16
    0.21739130434783    0.21739130434783    0.43478260869565             8
    0.26086956521739    0.21739130434783    0.43478260869565            16
    0.30434782608695    0.21739130434783    0.43478260869565            16
    0.34782608695652    0.21739130434783    0.43478260869565            16
    0.39130434782609    0.21739130434783    0.43478260869565            16
    0.43478260869566    0.21739130434783    0.43478260869565            16
    0.47826086956522    0.21739130434783    0.43478260869565            16
    0.26086956521739    0.26086956521739    0.43478260869565             8
    0.30434782608695    0.26086956521739    0.43478260869565            16
    0.34782608695652    0.26086956521739    0.43478260869565            16
    0.39130434782609    0.26086956521739    0.43478260869565            16
    0.43478260869566    0.26086956521739    0.43478260869565            16
    0.47826086956522    0.26086956521739    0.43478260869565            16
    0.30434782608695    0.30434782608695    0.43478260869565             8
    0.34782608695652    0.30434782608695    0.43478260869565            16
    0.39130434782609    0.30434782608695    0.43478260869565            16
    0.43478260869566    0.30434782608695    0.43478260869565            16
    0.47826086956522    0.30434782608695    0.43478260869565            16
    0.34782608695652    0.34782608695652    0.43478260869565             8
    0.39130434782609    0.34782608695652    0.43478260869565            16
    0.43478260869566    0.34782608695652    0.43478260869565            16
    0.47826086956522    0.34782608695652    0.43478260869565            16
    0.39130434782609    0.39130434782609    0.43478260869565             8
    0.43478260869566    0.39130434782609    0.43478260869565            16
    0.47826086956522    0.39130434782609    0.43478260869565            16
    0.43478260869566    0.43478260869566    0.43478260869565             8
    0.47826086956522    0.43478260869566    0.43478260869565            16
    0.47826086956522    0.47826086956522    0.43478260869565             8
    0.00000000000000    0.00000000000000    0.47826086956522             2
    0.04347826086956    0.00000000000000    0.47826086956522             8
    0.08695652173913    0.00000000000000    0.47826086956522             8
    0.13043478260870    0.00000000000000    0.47826086956522             8
    0.17391304347826    0.00000000000000    0.47826086956522             8
    0.21739130434783    0.00000000000000    0.47826086956522             8
    0.26086956521739    0.00000000000000    0.47826086956522             8
    0.30434782608695    0.00000000000000    0.47826086956522             8
    0.34782608695652    0.00000000000000    0.47826086956522             8
    0.39130434782609    0.00000000000000    0.47826086956522             8
    0.43478260869566    0.00000000000000    0.47826086956522             8
    0.47826086956522    0.00000000000000    0.47826086956522             8
    0.04347826086956    0.04347826086956    0.47826086956522             8
    0.08695652173913    0.04347826086956    0.47826086956522            16
    0.13043478260870    0.04347826086956    0.47826086956522            16
    0.17391304347826    0.04347826086956    0.47826086956522            16
    0.21739130434783    0.04347826086956    0.47826086956522            16
    0.26086956521739    0.04347826086956    0.47826086956522            16
    0.30434782608695    0.04347826086956    0.47826086956522            16
    0.34782608695652    0.04347826086956    0.47826086956522            16
    0.39130434782609    0.04347826086956    0.47826086956522            16
    0.43478260869566    0.04347826086956    0.47826086956522            16
    0.47826086956522    0.04347826086956    0.47826086956522            16
    0.08695652173913    0.08695652173913    0.47826086956522             8
    0.13043478260870    0.08695652173913    0.47826086956522            16
    0.17391304347826    0.08695652173913    0.47826086956522            16
    0.21739130434783    0.08695652173913    0.47826086956522            16
    0.26086956521739    0.08695652173913    0.47826086956522            16
    0.30434782608695    0.08695652173913    0.47826086956522            16
    0.34782608695652    0.08695652173913    0.47826086956522            16
    0.39130434782609    0.08695652173913    0.47826086956522            16
    0.43478260869566    0.08695652173913    0.47826086956522            16
    0.47826086956522    0.08695652173913    0.47826086956522            16
    0.13043478260870    0.13043478260870    0.47826086956522             8
    0.17391304347826    0.13043478260870    0.47826086956522            16
    0.21739130434783    0.13043478260870    0.47826086956522            16
    0.26086956521739    0.13043478260870    0.47826086956522            16
    0.30434782608695    0.13043478260870    0.47826086956522            16
    0.34782608695652    0.13043478260870    0.47826086956522            16
    0.39130434782609    0.13043478260870    0.47826086956522            16
    0.43478260869566    0.13043478260870    0.47826086956522            16
    0.47826086956522    0.13043478260870    0.47826086956522            16
    0.17391304347826    0.17391304347826    0.47826086956522             8
    0.21739130434783    0.17391304347826    0.47826086956522            16
    0.26086956521739    0.17391304347826    0.47826086956522            16
    0.30434782608695    0.17391304347826    0.47826086956522            16
    0.34782608695652    0.17391304347826    0.47826086956522            16
    0.39130434782609    0.17391304347826    0.47826086956522            16
    0.43478260869566    0.17391304347826    0.47826086956522            16
    0.47826086956522    0.17391304347826    0.47826086956522            16
    0.21739130434783    0.21739130434783    0.47826086956522             8
    0.26086956521739    0.21739130434783    0.47826086956522            16
    0.30434782608695    0.21739130434783    0.47826086956522            16
    0.34782608695652    0.21739130434783    0.47826086956522            16
    0.39130434782609    0.21739130434783    0.47826086956522            16
    0.43478260869566    0.21739130434783    0.47826086956522            16
    0.47826086956522    0.21739130434783    0.47826086956522            16
    0.26086956521739    0.26086956521739    0.47826086956522             8
    0.30434782608695    0.26086956521739    0.47826086956522            16
    0.34782608695652    0.26086956521739    0.47826086956522            16
    0.39130434782609    0.26086956521739    0.47826086956522            16
    0.43478260869566    0.26086956521739    0.47826086956522            16
    0.47826086956522    0.26086956521739    0.47826086956522            16
    0.30434782608695    0.30434782608695    0.47826086956522             8
    0.34782608695652    0.30434782608695    0.47826086956522            16
    0.39130434782609    0.30434782608695    0.47826086956522            16
    0.43478260869566    0.30434782608695    0.47826086956522            16
    0.47826086956522    0.30434782608695    0.47826086956522            16
    0.34782608695652    0.34782608695652    0.47826086956522             8
    0.39130434782609    0.34782608695652    0.47826086956522            16
    0.43478260869566    0.34782608695652    0.47826086956522            16
    0.47826086956522    0.34782608695652    0.47826086956522            16
    0.39130434782609    0.39130434782609    0.47826086956522             8
    0.43478260869566    0.39130434782609    0.47826086956522            16
    0.47826086956522    0.39130434782609    0.47826086956522            16
    0.43478260869566    0.43478260869566    0.47826086956522             8
    0.47826086956522    0.43478260869566    0.47826086956522            16
    0.47826086956522    0.47826086956522    0.47826086956522             8
