Automatically generated mesh
     127
Reciprocal lattice
    0.00000000000000    0.00000000000000    0.00000000000000             1
    0.02777777777778    0.00000000000000    0.00000000000000             6
    0.05555555555556    0.00000000000000    0.00000000000000             6
    0.08333333333334    0.00000000000000    0.00000000000000             6
    0.11111111111112    0.00000000000000    0.00000000000000             6
    0.13888888888889    0.00000000000000    0.00000000000000             6
    0.16666666666667    0.00000000000000    0.00000000000000             6
    0.19444444444444    0.00000000000000    0.00000000000000             6
    0.22222222222222    0.00000000000000    0.00000000000000             6
    0.25000000000000    0.00000000000000    0.00000000000000             6
    0.27777777777778    0.00000000000000    0.00000000000000             6
    0.30555555555556    0.00000000000000    0.00000000000000             6
    0.33333333333334    0.00000000000000    0.00000000000000             6
    0.36111111111112    0.00000000000000    0.00000000000000             6
    0.38888888888889    0.00000000000000    0.00000000000000             6
    0.41666666666667    0.00000000000000    0.00000000000000             6
    0.44444444444444    0.00000000000000    0.00000000000000             6
    0.47222222222222    0.00000000000000    0.00000000000000             6
    0.50000000000000    0.00000000000000    0.00000000000000             3
    0.02777777777778    0.02777777777778    0.00000000000000             6
    0.05555555555556    0.02777777777778    0.00000000000000            12
    0.08333333333334    0.02777777777778    0.00000000000000            12
    0.11111111111112    0.02777777777778    0.00000000000000            12
    0.13888888888889    0.02777777777778    0.00000000000000            12
    0.16666666666667    0.02777777777778    0.00000000000000            12
    0.19444444444444    0.02777777777778    0.00000000000000            12
    0.22222222222222    0.02777777777778    0.00000000000000            12
    0.25000000000000    0.02777777777778    0.00000000000000            12
    0.27777777777778    0.02777777777778    0.00000000000000            12
    0.30555555555556    0.02777777777778    0.00000000000000            12
    0.33333333333334    0.02777777777778    0.00000000000000            12
    0.36111111111112    0.02777777777778    0.00000000000000            12
    0.38888888888889    0.02777777777778    0.00000000000000            12
    0.41666666666667    0.02777777777778    0.00000000000000            12
    0.44444444444444    0.02777777777778    0.00000000000000            12
    0.47222222222222    0.02777777777778    0.00000000000000            12
    0.05555555555556    0.05555555555556    0.00000000000000             6
    0.08333333333334    0.05555555555556    0.00000000000000            12
    0.11111111111112    0.05555555555556    0.00000000000000            12
    0.13888888888889    0.05555555555556    0.00000000000000            12
    0.16666666666667    0.05555555555556    0.00000000000000            12
    0.19444444444444    0.05555555555556    0.00000000000000            12
    0.22222222222222    0.05555555555556    0.00000000000000            12
    0.25000000000000    0.05555555555556    0.00000000000000            12
    0.27777777777778    0.05555555555556    0.00000000000000            12
    0.30555555555556    0.05555555555556    0.00000000000000            12
    0.33333333333334    0.05555555555556    0.00000000000000            12
    0.36111111111112    0.05555555555556    0.00000000000000            12
    0.38888888888889    0.05555555555556    0.00000000000000            12
    0.41666666666667    0.05555555555556    0.00000000000000            12
    0.44444444444444    0.05555555555556    0.00000000000000            12
    0.47222222222222    0.05555555555556    0.00000000000000             6
    0.08333333333334    0.08333333333334    0.00000000000000             6
    0.11111111111112    0.08333333333334    0.00000000000000            12
    0.13888888888889    0.08333333333334    0.00000000000000            12
    0.16666666666667    0.08333333333334    0.00000000000000            12
    0.19444444444444    0.08333333333334    0.00000000000000            12
    0.22222222222222    0.08333333333334    0.00000000000000            12
    0.25000000000000    0.08333333333334    0.00000000000000            12
    0.27777777777778    0.08333333333334    0.00000000000000            12
    0.30555555555556    0.08333333333334    0.00000000000000            12
    0.33333333333334    0.08333333333334    0.00000000000000            12
    0.36111111111112    0.08333333333334    0.00000000000000            12
    0.38888888888889    0.08333333333334    0.00000000000000            12
    0.41666666666667    0.08333333333334    0.00000000000000            12
    0.44444444444444    0.08333333333334    0.00000000000000            12
    0.11111111111112    0.11111111111112    0.00000000000000             6
    0.13888888888889    0.11111111111112    0.00000000000000            12
    0.16666666666667    0.11111111111112    0.00000000000000            12
    0.19444444444444    0.11111111111112    0.00000000000000            12
    0.22222222222222    0.11111111111112    0.00000000000000            12
    0.25000000000000    0.11111111111112    0.00000000000000            12
    0.27777777777778    0.11111111111112    0.00000000000000            12
    0.30555555555556    0.11111111111112    0.00000000000000            12
    0.33333333333334    0.11111111111112    0.00000000000000            12
    0.36111111111112    0.11111111111112    0.00000000000000            12
    0.38888888888889    0.11111111111112    0.00000000000000            12
    0.41666666666667    0.11111111111112    0.00000000000000            12
    0.44444444444444    0.11111111111112    0.00000000000000             6
    0.13888888888889    0.13888888888889    0.00000000000000             6
    0.16666666666667    0.13888888888889    0.00000000000000            12
    0.19444444444444    0.13888888888889    0.00000000000000            12
    0.22222222222222    0.13888888888889    0.00000000000000            12
    0.25000000000000    0.13888888888889    0.00000000000000            12
    0.27777777777778    0.13888888888889    0.00000000000000            12
    0.30555555555556    0.13888888888889    0.00000000000000            12
    0.33333333333334    0.13888888888889    0.00000000000000            12
    0.36111111111112    0.13888888888889    0.00000000000000            12
    0.38888888888889    0.13888888888889    0.00000000000000            12
    0.41666666666667    0.13888888888889    0.00000000000000            12
    0.16666666666667    0.16666666666667    0.00000000000000             6
    0.19444444444444    0.16666666666667    0.00000000000000            12
    0.22222222222222    0.16666666666667    0.00000000000000            12
    0.25000000000000    0.16666666666667    0.00000000000000            12
    0.27777777777778    0.16666666666667    0.00000000000000            12
    0.30555555555556    0.16666666666667    0.00000000000000            12
    0.33333333333334    0.16666666666667    0.00000000000000            12
    0.36111111111112    0.16666666666667    0.00000000000000            12
    0.38888888888889    0.16666666666667    0.00000000000000            12
    0.41666666666667    0.16666666666667    0.00000000000000             6
    0.19444444444444    0.19444444444444    0.00000000000000             6
    0.22222222222222    0.19444444444444    0.00000000000000            12
    0.25000000000000    0.19444444444444    0.00000000000000            12
    0.27777777777778    0.19444444444444    0.00000000000000            12
    0.30555555555556    0.19444444444444    0.00000000000000            12
    0.33333333333334    0.19444444444444    0.00000000000000            12
    0.36111111111112    0.19444444444444    0.00000000000000            12
    0.38888888888889    0.19444444444444    0.00000000000000            12
    0.22222222222222    0.22222222222222    0.00000000000000             6
    0.25000000000000    0.22222222222222    0.00000000000000            12
    0.27777777777778    0.22222222222222    0.00000000000000            12
    0.30555555555556    0.22222222222222    0.00000000000000            12
    0.33333333333334    0.22222222222222    0.00000000000000            12
    0.36111111111112    0.22222222222222    0.00000000000000            12
    0.38888888888889    0.22222222222222    0.00000000000000             6
    0.25000000000000    0.25000000000000    0.00000000000000             6
    0.27777777777778    0.25000000000000    0.00000000000000            12
    0.30555555555556    0.25000000000000    0.00000000000000            12
    0.33333333333334    0.25000000000000    0.00000000000000            12
    0.36111111111112    0.25000000000000    0.00000000000000            12
    0.27777777777778    0.27777777777778    0.00000000000000             6
    0.30555555555556    0.27777777777778    0.00000000000000            12
    0.33333333333334    0.27777777777778    0.00000000000000            12
    0.36111111111112    0.27777777777778    0.00000000000000             6
    0.30555555555556    0.30555555555556    0.00000000000000             6
    0.33333333333334    0.30555555555556    0.00000000000000            12
    0.33333333333334    0.33333333333334    0.00000000000000             2
