Automatically generated mesh
      31
Reciprocal lattice
    0.00000000000000    0.22500000000000    0.00000000000000             1
    0.03225806451613    0.22500000000000    0.00000000000000             1
    0.06451612903226    0.22500000000000    0.00000000000000             1
    0.09677419354839    0.22500000000000    0.00000000000000             1
    0.12903225806452    0.22500000000000    0.00000000000000             1
    0.16129032258065    0.22500000000000    0.00000000000000             1
    0.19354838709678    0.22500000000000    0.00000000000000             1
    0.22580645161291    0.22500000000000    0.00000000000000             1
    0.25806451612903    0.22500000000000    0.00000000000000             1
    0.29032258064516    0.22500000000000    0.00000000000000             1
    0.32258064516129    0.22500000000000    0.00000000000000             1
    0.35483870967742    0.22500000000000    0.00000000000000             1
    0.38709677419355    0.22500000000000    0.00000000000000             1
    0.41935483870968    0.22500000000000    0.00000000000000             1
    0.45161290322581    0.22500000000000    0.00000000000000             1
    0.48387096774194    0.22500000000000    0.00000000000000             1
   -0.48387096774193    0.22500000000000    0.00000000000000             1
   -0.45161290322581    0.22500000000000    0.00000000000000             1
   -0.41935483870968    0.22500000000000    0.00000000000000             1
   -0.38709677419355    0.22500000000000    0.00000000000000             1
   -0.35483870967742    0.22500000000000    0.00000000000000             1
   -0.32258064516129    0.22500000000000    0.00000000000000             1
   -0.29032258064516    0.22500000000000    0.00000000000000             1
   -0.25806451612903    0.22500000000000    0.00000000000000             1
   -0.22580645161290    0.22500000000000    0.00000000000000             1
   -0.19354838709677    0.22500000000000    0.00000000000000             1
   -0.16129032258065    0.22500000000000    0.00000000000000             1
   -0.12903225806452    0.22500000000000    0.00000000000000             1
   -0.09677419354838    0.22500000000000    0.00000000000000             1
   -0.06451612903225    0.22500000000000    0.00000000000000             1
   -0.03225806451613    0.22500000000000    0.00000000000000             1
