Automatically generated mesh
     211
Reciprocal lattice
    0.00000000000000    0.00000000000000    0.00000000000000             1
    0.03571428571429    0.00000000000000    0.00000000000000             4
    0.07142857142857    0.00000000000000    0.00000000000000             4
    0.10714285714286    0.00000000000000    0.00000000000000             4
    0.14285714285715    0.00000000000000    0.00000000000000             4
    0.17857142857143    0.00000000000000    0.00000000000000             4
    0.21428571428572    0.00000000000000    0.00000000000000             4
    0.25000000000000    0.00000000000000    0.00000000000000             4
    0.28571428571429    0.00000000000000    0.00000000000000             4
    0.32142857142857    0.00000000000000    0.00000000000000             4
    0.35714285714286    0.00000000000000    0.00000000000000             4
    0.39285714285715    0.00000000000000    0.00000000000000             4
    0.42857142857143    0.00000000000000    0.00000000000000             4
    0.46428571428572    0.00000000000000    0.00000000000000             4
    0.50000000000000    0.00000000000000    0.00000000000000             2
    0.00000000000000    0.03571428571429    0.00000000000000             2
    0.07142857142857    0.03571428571429    0.00000000000000             2
    0.10714285714286    0.03571428571429    0.00000000000000             4
    0.14285714285715    0.03571428571429    0.00000000000000             4
    0.17857142857143    0.03571428571429    0.00000000000000             4
    0.21428571428572    0.03571428571429    0.00000000000000             4
    0.25000000000000    0.03571428571429    0.00000000000000             4
    0.28571428571429    0.03571428571429    0.00000000000000             4
    0.32142857142857    0.03571428571429    0.00000000000000             4
    0.35714285714286    0.03571428571429    0.00000000000000             4
    0.39285714285715    0.03571428571429    0.00000000000000             4
    0.42857142857143    0.03571428571429    0.00000000000000             4
    0.46428571428572    0.03571428571429    0.00000000000000             4
    0.50000000000000    0.03571428571429    0.00000000000000             4
   -0.46428571428571    0.03571428571429    0.00000000000000             4
   -0.42857142857143    0.03571428571429    0.00000000000000             4
   -0.39285714285714    0.03571428571429    0.00000000000000             4
   -0.35714285714285    0.03571428571429    0.00000000000000             4
   -0.32142857142857    0.03571428571429    0.00000000000000             4
   -0.28571428571428    0.03571428571429    0.00000000000000             4
   -0.25000000000000    0.03571428571429    0.00000000000000             4
   -0.21428571428571    0.03571428571429    0.00000000000000             4
   -0.17857142857143    0.03571428571429    0.00000000000000             4
   -0.14285714285714    0.03571428571429    0.00000000000000             4
   -0.10714285714285    0.03571428571429    0.00000000000000             4
   -0.07142857142857    0.03571428571429    0.00000000000000             4
   -0.03571428571428    0.03571428571429    0.00000000000000             4
    0.00000000000000    0.07142857142857    0.00000000000000             2
    0.14285714285715    0.07142857142857    0.00000000000000             2
    0.17857142857143    0.07142857142857    0.00000000000000             4
    0.21428571428572    0.07142857142857    0.00000000000000             4
    0.25000000000000    0.07142857142857    0.00000000000000             4
    0.28571428571429    0.07142857142857    0.00000000000000             4
    0.32142857142857    0.07142857142857    0.00000000000000             4
    0.35714285714286    0.07142857142857    0.00000000000000             4
    0.39285714285715    0.07142857142857    0.00000000000000             4
    0.42857142857143    0.07142857142857    0.00000000000000             4
    0.46428571428572    0.07142857142857    0.00000000000000             4
    0.50000000000000    0.07142857142857    0.00000000000000             4
   -0.46428571428571    0.07142857142857    0.00000000000000             4
   -0.42857142857143    0.07142857142857    0.00000000000000             4
   -0.39285714285714    0.07142857142857    0.00000000000000             4
   -0.35714285714285    0.07142857142857    0.00000000000000             4
   -0.32142857142857    0.07142857142857    0.00000000000000             4
   -0.28571428571428    0.07142857142857    0.00000000000000             4
   -0.25000000000000    0.07142857142857    0.00000000000000             4
   -0.21428571428571    0.07142857142857    0.00000000000000             4
   -0.17857142857143    0.07142857142857    0.00000000000000             4
   -0.14285714285714    0.07142857142857    0.00000000000000             4
   -0.10714285714285    0.07142857142857    0.00000000000000             4
   -0.07142857142857    0.07142857142857    0.00000000000000             4
   -0.03571428571428    0.07142857142857    0.00000000000000             4
    0.00000000000000    0.10714285714286    0.00000000000000             2
    0.21428571428572    0.10714285714286    0.00000000000000             2
    0.25000000000000    0.10714285714286    0.00000000000000             4
    0.28571428571429    0.10714285714286    0.00000000000000             4
    0.32142857142857    0.10714285714286    0.00000000000000             4
    0.35714285714286    0.10714285714286    0.00000000000000             4
    0.39285714285715    0.10714285714286    0.00000000000000             4
    0.42857142857143    0.10714285714286    0.00000000000000             4
    0.46428571428572    0.10714285714286    0.00000000000000             4
    0.50000000000000    0.10714285714286    0.00000000000000             4
   -0.46428571428571    0.10714285714286    0.00000000000000             4
   -0.42857142857143    0.10714285714286    0.00000000000000             4
   -0.39285714285714    0.10714285714286    0.00000000000000             4
   -0.35714285714285    0.10714285714286    0.00000000000000             4
   -0.32142857142857    0.10714285714286    0.00000000000000             4
   -0.28571428571428    0.10714285714286    0.00000000000000             4
   -0.25000000000000    0.10714285714286    0.00000000000000             4
   -0.21428571428571    0.10714285714286    0.00000000000000             4
   -0.17857142857143    0.10714285714286    0.00000000000000             4
   -0.14285714285714    0.10714285714286    0.00000000000000             4
   -0.10714285714285    0.10714285714286    0.00000000000000             4
   -0.07142857142857    0.10714285714286    0.00000000000000             4
   -0.03571428571428    0.10714285714286    0.00000000000000             4
    0.00000000000000    0.14285714285715    0.00000000000000             2
    0.28571428571429    0.14285714285715    0.00000000000000             2
    0.32142857142857    0.14285714285715    0.00000000000000             4
    0.35714285714286    0.14285714285715    0.00000000000000             4
    0.39285714285715    0.14285714285715    0.00000000000000             4
    0.42857142857143    0.14285714285715    0.00000000000000             4
    0.46428571428572    0.14285714285715    0.00000000000000             4
    0.50000000000000    0.14285714285715    0.00000000000000             4
   -0.46428571428571    0.14285714285715    0.00000000000000             4
   -0.42857142857143    0.14285714285715    0.00000000000000             4
   -0.39285714285714    0.14285714285715    0.00000000000000             4
   -0.35714285714285    0.14285714285715    0.00000000000000             4
   -0.32142857142857    0.14285714285715    0.00000000000000             4
   -0.28571428571428    0.14285714285715    0.00000000000000             4
   -0.25000000000000    0.14285714285715    0.00000000000000             4
   -0.21428571428571    0.14285714285715    0.00000000000000             4
   -0.17857142857143    0.14285714285715    0.00000000000000             4
   -0.14285714285714    0.14285714285715    0.00000000000000             4
   -0.10714285714285    0.14285714285715    0.00000000000000             4
   -0.07142857142857    0.14285714285715    0.00000000000000             4
   -0.03571428571428    0.14285714285715    0.00000000000000             4
    0.00000000000000    0.17857142857143    0.00000000000000             2
    0.35714285714286    0.17857142857143    0.00000000000000             2
    0.39285714285715    0.17857142857143    0.00000000000000             4
    0.42857142857143    0.17857142857143    0.00000000000000             4
    0.46428571428572    0.17857142857143    0.00000000000000             4
    0.50000000000000    0.17857142857143    0.00000000000000             4
   -0.46428571428571    0.17857142857143    0.00000000000000             4
   -0.42857142857143    0.17857142857143    0.00000000000000             4
   -0.39285714285714    0.17857142857143    0.00000000000000             4
   -0.35714285714285    0.17857142857143    0.00000000000000             4
   -0.32142857142857    0.17857142857143    0.00000000000000             4
   -0.28571428571428    0.17857142857143    0.00000000000000             4
   -0.25000000000000    0.17857142857143    0.00000000000000             4
   -0.21428571428571    0.17857142857143    0.00000000000000             4
   -0.17857142857143    0.17857142857143    0.00000000000000             4
   -0.14285714285714    0.17857142857143    0.00000000000000             4
   -0.10714285714285    0.17857142857143    0.00000000000000             4
   -0.07142857142857    0.17857142857143    0.00000000000000             4
   -0.03571428571428    0.17857142857143    0.00000000000000             4
    0.00000000000000    0.21428571428572    0.00000000000000             2
    0.42857142857143    0.21428571428572    0.00000000000000             2
    0.46428571428572    0.21428571428572    0.00000000000000             4
    0.50000000000000    0.21428571428572    0.00000000000000             4
   -0.46428571428571    0.21428571428572    0.00000000000000             4
   -0.42857142857143    0.21428571428572    0.00000000000000             4
   -0.39285714285714    0.21428571428572    0.00000000000000             4
   -0.35714285714285    0.21428571428572    0.00000000000000             4
   -0.32142857142857    0.21428571428572    0.00000000000000             4
   -0.28571428571428    0.21428571428572    0.00000000000000             4
   -0.25000000000000    0.21428571428572    0.00000000000000             4
   -0.21428571428571    0.21428571428572    0.00000000000000             4
   -0.17857142857143    0.21428571428572    0.00000000000000             4
   -0.14285714285714    0.21428571428572    0.00000000000000             4
   -0.10714285714285    0.21428571428572    0.00000000000000             4
   -0.07142857142857    0.21428571428572    0.00000000000000             4
   -0.03571428571428    0.21428571428572    0.00000000000000             4
    0.00000000000000    0.25000000000000    0.00000000000000             2
    0.50000000000000    0.25000000000000    0.00000000000000             2
   -0.46428571428571    0.25000000000000    0.00000000000000             4
   -0.42857142857143    0.25000000000000    0.00000000000000             4
   -0.39285714285714    0.25000000000000    0.00000000000000             4
   -0.35714285714285    0.25000000000000    0.00000000000000             4
   -0.32142857142857    0.25000000000000    0.00000000000000             4
   -0.28571428571428    0.25000000000000    0.00000000000000             4
   -0.25000000000000    0.25000000000000    0.00000000000000             4
   -0.21428571428571    0.25000000000000    0.00000000000000             4
   -0.17857142857143    0.25000000000000    0.00000000000000             4
   -0.14285714285714    0.25000000000000    0.00000000000000             4
   -0.10714285714285    0.25000000000000    0.00000000000000             4
   -0.07142857142857    0.25000000000000    0.00000000000000             4
   -0.03571428571428    0.25000000000000    0.00000000000000             4
    0.00000000000000    0.28571428571429    0.00000000000000             2
   -0.42857142857143    0.28571428571429    0.00000000000000             2
   -0.39285714285714    0.28571428571429    0.00000000000000             4
   -0.35714285714285    0.28571428571429    0.00000000000000             4
   -0.32142857142857    0.28571428571429    0.00000000000000             4
   -0.28571428571428    0.28571428571429    0.00000000000000             4
   -0.25000000000000    0.28571428571429    0.00000000000000             4
   -0.21428571428571    0.28571428571429    0.00000000000000             4
   -0.17857142857143    0.28571428571429    0.00000000000000             4
   -0.14285714285714    0.28571428571429    0.00000000000000             4
   -0.10714285714285    0.28571428571429    0.00000000000000             4
   -0.07142857142857    0.28571428571429    0.00000000000000             4
   -0.03571428571428    0.28571428571429    0.00000000000000             4
    0.00000000000000    0.32142857142857    0.00000000000000             2
   -0.35714285714285    0.32142857142857    0.00000000000000             2
   -0.32142857142857    0.32142857142857    0.00000000000000             4
   -0.28571428571428    0.32142857142857    0.00000000000000             4
   -0.25000000000000    0.32142857142857    0.00000000000000             4
   -0.21428571428571    0.32142857142857    0.00000000000000             4
   -0.17857142857143    0.32142857142857    0.00000000000000             4
   -0.14285714285714    0.32142857142857    0.00000000000000             4
   -0.10714285714285    0.32142857142857    0.00000000000000             4
   -0.07142857142857    0.32142857142857    0.00000000000000             4
   -0.03571428571428    0.32142857142857    0.00000000000000             4
    0.00000000000000    0.35714285714286    0.00000000000000             2
   -0.28571428571428    0.35714285714286    0.00000000000000             2
   -0.25000000000000    0.35714285714286    0.00000000000000             4
   -0.21428571428571    0.35714285714286    0.00000000000000             4
   -0.17857142857143    0.35714285714286    0.00000000000000             4
   -0.14285714285714    0.35714285714286    0.00000000000000             4
   -0.10714285714285    0.35714285714286    0.00000000000000             4
   -0.07142857142857    0.35714285714286    0.00000000000000             4
   -0.03571428571428    0.35714285714286    0.00000000000000             4
    0.00000000000000    0.39285714285715    0.00000000000000             2
   -0.21428571428571    0.39285714285715    0.00000000000000             2
   -0.17857142857143    0.39285714285715    0.00000000000000             4
   -0.14285714285714    0.39285714285715    0.00000000000000             4
   -0.10714285714285    0.39285714285715    0.00000000000000             4
   -0.07142857142857    0.39285714285715    0.00000000000000             4
   -0.03571428571428    0.39285714285715    0.00000000000000             4
    0.00000000000000    0.42857142857143    0.00000000000000             2
   -0.14285714285714    0.42857142857143    0.00000000000000             2
   -0.10714285714285    0.42857142857143    0.00000000000000             4
   -0.07142857142857    0.42857142857143    0.00000000000000             4
   -0.03571428571428    0.42857142857143    0.00000000000000             4
    0.00000000000000    0.46428571428572    0.00000000000000             2
   -0.07142857142857    0.46428571428572    0.00000000000000             2
   -0.03571428571428    0.46428571428572    0.00000000000000             4
    0.00000000000000    0.50000000000000    0.00000000000000             1
