Automatically generated mesh
     176
Reciprocal lattice
    0.00000000000000    0.00000000000000    0.00000000000000             1
    0.02325581395349    0.00000000000000    0.00000000000000             6
    0.04651162790697    0.00000000000000    0.00000000000000             6
    0.06976744186046    0.00000000000000    0.00000000000000             6
    0.09302325581395    0.00000000000000    0.00000000000000             6
    0.11627906976745    0.00000000000000    0.00000000000000             6
    0.13953488372093    0.00000000000000    0.00000000000000             6
    0.16279069767442    0.00000000000000    0.00000000000000             6
    0.18604651162791    0.00000000000000    0.00000000000000             6
    0.20930232558140    0.00000000000000    0.00000000000000             6
    0.23255813953488    0.00000000000000    0.00000000000000             6
    0.25581395348837    0.00000000000000    0.00000000000000             6
    0.27906976744186    0.00000000000000    0.00000000000000             6
    0.30232558139535    0.00000000000000    0.00000000000000             6
    0.32558139534884    0.00000000000000    0.00000000000000             6
    0.34883720930233    0.00000000000000    0.00000000000000             6
    0.37209302325582    0.00000000000000    0.00000000000000             6
    0.39534883720931    0.00000000000000    0.00000000000000             6
    0.41860465116279    0.00000000000000    0.00000000000000             6
    0.44186046511628    0.00000000000000    0.00000000000000             6
    0.46511627906977    0.00000000000000    0.00000000000000             6
    0.48837209302326    0.00000000000000    0.00000000000000             6
    0.02325581395349    0.02325581395349    0.00000000000000             6
    0.04651162790697    0.02325581395349    0.00000000000000            12
    0.06976744186046    0.02325581395349    0.00000000000000            12
    0.09302325581395    0.02325581395349    0.00000000000000            12
    0.11627906976745    0.02325581395349    0.00000000000000            12
    0.13953488372093    0.02325581395349    0.00000000000000            12
    0.16279069767442    0.02325581395349    0.00000000000000            12
    0.18604651162791    0.02325581395349    0.00000000000000            12
    0.20930232558140    0.02325581395349    0.00000000000000            12
    0.23255813953488    0.02325581395349    0.00000000000000            12
    0.25581395348837    0.02325581395349    0.00000000000000            12
    0.27906976744186    0.02325581395349    0.00000000000000            12
    0.30232558139535    0.02325581395349    0.00000000000000            12
    0.32558139534884    0.02325581395349    0.00000000000000            12
    0.34883720930233    0.02325581395349    0.00000000000000            12
    0.37209302325582    0.02325581395349    0.00000000000000            12
    0.39534883720931    0.02325581395349    0.00000000000000            12
    0.41860465116279    0.02325581395349    0.00000000000000            12
    0.44186046511628    0.02325581395349    0.00000000000000            12
    0.46511627906977    0.02325581395349    0.00000000000000            12
    0.48837209302326    0.02325581395349    0.00000000000000             6
    0.04651162790697    0.04651162790697    0.00000000000000             6
    0.06976744186046    0.04651162790697    0.00000000000000            12
    0.09302325581395    0.04651162790697    0.00000000000000            12
    0.11627906976745    0.04651162790697    0.00000000000000            12
    0.13953488372093    0.04651162790697    0.00000000000000            12
    0.16279069767442    0.04651162790697    0.00000000000000            12
    0.18604651162791    0.04651162790697    0.00000000000000            12
    0.20930232558140    0.04651162790697    0.00000000000000            12
    0.23255813953488    0.04651162790697    0.00000000000000            12
    0.25581395348837    0.04651162790697    0.00000000000000            12
    0.27906976744186    0.04651162790697    0.00000000000000            12
    0.30232558139535    0.04651162790697    0.00000000000000            12
    0.32558139534884    0.04651162790697    0.00000000000000            12
    0.34883720930233    0.04651162790697    0.00000000000000            12
    0.37209302325582    0.04651162790697    0.00000000000000            12
    0.39534883720931    0.04651162790697    0.00000000000000            12
    0.41860465116279    0.04651162790697    0.00000000000000            12
    0.44186046511628    0.04651162790697    0.00000000000000            12
    0.46511627906977    0.04651162790697    0.00000000000000            12
    0.06976744186046    0.06976744186046    0.00000000000000             6
    0.09302325581395    0.06976744186046    0.00000000000000            12
    0.11627906976745    0.06976744186046    0.00000000000000            12
    0.13953488372093    0.06976744186046    0.00000000000000            12
    0.16279069767442    0.06976744186046    0.00000000000000            12
    0.18604651162791    0.06976744186046    0.00000000000000            12
    0.20930232558140    0.06976744186046    0.00000000000000            12
    0.23255813953488    0.06976744186046    0.00000000000000            12
    0.25581395348837    0.06976744186046    0.00000000000000            12
    0.27906976744186    0.06976744186046    0.00000000000000            12
    0.30232558139535    0.06976744186046    0.00000000000000            12
    0.32558139534884    0.06976744186046    0.00000000000000            12
    0.34883720930233    0.06976744186046    0.00000000000000            12
    0.37209302325582    0.06976744186046    0.00000000000000            12
    0.39534883720931    0.06976744186046    0.00000000000000            12
    0.41860465116279    0.06976744186046    0.00000000000000            12
    0.44186046511628    0.06976744186046    0.00000000000000            12
    0.46511627906977    0.06976744186046    0.00000000000000             6
    0.09302325581395    0.09302325581395    0.00000000000000             6
    0.11627906976745    0.09302325581395    0.00000000000000            12
    0.13953488372093    0.09302325581395    0.00000000000000            12
    0.16279069767442    0.09302325581395    0.00000000000000            12
    0.18604651162791    0.09302325581395    0.00000000000000            12
    0.20930232558140    0.09302325581395    0.00000000000000            12
    0.23255813953488    0.09302325581395    0.00000000000000            12
    0.25581395348837    0.09302325581395    0.00000000000000            12
    0.27906976744186    0.09302325581395    0.00000000000000            12
    0.30232558139535    0.09302325581395    0.00000000000000            12
    0.32558139534884    0.09302325581395    0.00000000000000            12
    0.34883720930233    0.09302325581395    0.00000000000000            12
    0.37209302325582    0.09302325581395    0.00000000000000            12
    0.39534883720931    0.09302325581395    0.00000000000000            12
    0.41860465116279    0.09302325581395    0.00000000000000            12
    0.44186046511628    0.09302325581395    0.00000000000000            12
    0.11627906976745    0.11627906976745    0.00000000000000             6
    0.13953488372093    0.11627906976745    0.00000000000000            12
    0.16279069767442    0.11627906976745    0.00000000000000            12
    0.18604651162791    0.11627906976745    0.00000000000000            12
    0.20930232558140    0.11627906976745    0.00000000000000            12
    0.23255813953488    0.11627906976745    0.00000000000000            12
    0.25581395348837    0.11627906976745    0.00000000000000            12
    0.27906976744186    0.11627906976745    0.00000000000000            12
    0.30232558139535    0.11627906976745    0.00000000000000            12
    0.32558139534884    0.11627906976745    0.00000000000000            12
    0.34883720930233    0.11627906976745    0.00000000000000            12
    0.37209302325582    0.11627906976745    0.00000000000000            12
    0.39534883720931    0.11627906976745    0.00000000000000            12
    0.41860465116279    0.11627906976745    0.00000000000000            12
    0.44186046511628    0.11627906976745    0.00000000000000             6
    0.13953488372093    0.13953488372093    0.00000000000000             6
    0.16279069767442    0.13953488372093    0.00000000000000            12
    0.18604651162791    0.13953488372093    0.00000000000000            12
    0.20930232558140    0.13953488372093    0.00000000000000            12
    0.23255813953488    0.13953488372093    0.00000000000000            12
    0.25581395348837    0.13953488372093    0.00000000000000            12
    0.27906976744186    0.13953488372093    0.00000000000000            12
    0.30232558139535    0.13953488372093    0.00000000000000            12
    0.32558139534884    0.13953488372093    0.00000000000000            12
    0.34883720930233    0.13953488372093    0.00000000000000            12
    0.37209302325582    0.13953488372093    0.00000000000000            12
    0.39534883720931    0.13953488372093    0.00000000000000            12
    0.41860465116279    0.13953488372093    0.00000000000000            12
    0.16279069767442    0.16279069767442    0.00000000000000             6
    0.18604651162791    0.16279069767442    0.00000000000000            12
    0.20930232558140    0.16279069767442    0.00000000000000            12
    0.23255813953488    0.16279069767442    0.00000000000000            12
    0.25581395348837    0.16279069767442    0.00000000000000            12
    0.27906976744186    0.16279069767442    0.00000000000000            12
    0.30232558139535    0.16279069767442    0.00000000000000            12
    0.32558139534884    0.16279069767442    0.00000000000000            12
    0.34883720930233    0.16279069767442    0.00000000000000            12
    0.37209302325582    0.16279069767442    0.00000000000000            12
    0.39534883720931    0.16279069767442    0.00000000000000            12
    0.41860465116279    0.16279069767442    0.00000000000000             6
    0.18604651162791    0.18604651162791    0.00000000000000             6
    0.20930232558140    0.18604651162791    0.00000000000000            12
    0.23255813953488    0.18604651162791    0.00000000000000            12
    0.25581395348837    0.18604651162791    0.00000000000000            12
    0.27906976744186    0.18604651162791    0.00000000000000            12
    0.30232558139535    0.18604651162791    0.00000000000000            12
    0.32558139534884    0.18604651162791    0.00000000000000            12
    0.34883720930233    0.18604651162791    0.00000000000000            12
    0.37209302325582    0.18604651162791    0.00000000000000            12
    0.39534883720931    0.18604651162791    0.00000000000000            12
    0.20930232558140    0.20930232558140    0.00000000000000             6
    0.23255813953488    0.20930232558140    0.00000000000000            12
    0.25581395348837    0.20930232558140    0.00000000000000            12
    0.27906976744186    0.20930232558140    0.00000000000000            12
    0.30232558139535    0.20930232558140    0.00000000000000            12
    0.32558139534884    0.20930232558140    0.00000000000000            12
    0.34883720930233    0.20930232558140    0.00000000000000            12
    0.37209302325582    0.20930232558140    0.00000000000000            12
    0.39534883720931    0.20930232558140    0.00000000000000             6
    0.23255813953488    0.23255813953488    0.00000000000000             6
    0.25581395348837    0.23255813953488    0.00000000000000            12
    0.27906976744186    0.23255813953488    0.00000000000000            12
    0.30232558139535    0.23255813953488    0.00000000000000            12
    0.32558139534884    0.23255813953488    0.00000000000000            12
    0.34883720930233    0.23255813953488    0.00000000000000            12
    0.37209302325582    0.23255813953488    0.00000000000000            12
    0.25581395348837    0.25581395348837    0.00000000000000             6
    0.27906976744186    0.25581395348837    0.00000000000000            12
    0.30232558139535    0.25581395348837    0.00000000000000            12
    0.32558139534884    0.25581395348837    0.00000000000000            12
    0.34883720930233    0.25581395348837    0.00000000000000            12
    0.37209302325582    0.25581395348837    0.00000000000000             6
    0.27906976744186    0.27906976744186    0.00000000000000             6
    0.30232558139535    0.27906976744186    0.00000000000000            12
    0.32558139534884    0.27906976744186    0.00000000000000            12
    0.34883720930233    0.27906976744186    0.00000000000000            12
    0.30232558139535    0.30232558139535    0.00000000000000             6
    0.32558139534884    0.30232558139535    0.00000000000000            12
    0.34883720930233    0.30232558139535    0.00000000000000             6
    0.32558139534884    0.32558139534884    0.00000000000000             6
