a-Beryllium
128
line
reciprocal
0.000000    0.000000    0.000000    Γ
0.333333    0.333333    0.000000    K

0.333333    0.333333    0.000000    K
0.500000    0.000000    0.000000    M

0.500000    0.000000    0.000000    M
0.000000    0.000000    0.000000    Γ

0.000000    0.000000    0.000000    Γ
0.000000    0.000000    0.500000    A

0.000000    0.000000    0.500000    A
0.333333    0.333333    0.500000    H

0.333333    0.333333    0.500000    H
0.500000    0.000000    0.500000    L

0.500000    0.000000    0.500000    L
0.000000    0.000000    0.500000    A
