    1  100    2
  9.013
    1    1  0.0150  0.0000  0.0000
 -0.057992567632  -0.000001475388  -0.000002551735
 -0.001225408074   0.002825456316   0.001118588250
  0.000186553348  -0.000135352469   0.000094715859
  0.000177429687  -0.000096276287  -0.000216759126
 -0.001204694797  -0.000092886714   0.000428091406
 -0.003607573225   0.001455540241  -0.000703481469
 -0.001223482285  -0.002823574347  -0.001118050727
  0.000038573856  -0.000001413988   0.000000313447
 -0.000122366871  -0.000045904306   0.000072569899
  0.000128025776  -0.000056725783   0.000367675872
  0.000391775423  -0.000012102967  -0.000307046521
  0.000155125137   0.000066577932   0.000324546136
  0.000188596509   0.000134471951  -0.000093703673
 -0.000119005790   0.000045357063  -0.000076141700
 -0.000065108333   0.000001700914  -0.000001253944
  0.000389243990   0.000016620474   0.000307274287
 -0.000094868203  -0.000001127671   0.000001217074
 -0.000147475911   0.000036611473  -0.000707442636
  0.000180766638   0.000093508095   0.000217371392
  0.000129851235   0.000058178924  -0.000368315916
 -0.003611357478  -0.001453866987   0.000703018442
  0.000154654885  -0.000066121511  -0.000321388672
 -0.000146437632  -0.000035141087   0.000710729292
  0.000026021087  -0.000001772032   0.000001582874
 -0.001202825861   0.000086317191  -0.000428323276
  0.044760343672  -0.033529456616   0.002612442035
 -0.013303349998   0.000002547877  -0.000000446802
 -0.000124997782   0.000288358047   0.000339645827
 -0.000136436463   0.000089354406   0.000003550236
 -0.000112054444   0.000270413832  -0.000242448993
 -0.000582866432  -0.000013479751  -0.000588158462
  0.001166222254   0.000246483126   0.000797425047
 -0.000124125693  -0.000287253278  -0.000338237669
  0.000024759068  -0.000001959142  -0.000001246843
 -0.000139924705   0.000096041663   0.000807989866
 -0.000309837461   0.000001328236  -0.000000775749
  0.000070605562   0.000490103045  -0.000039431310
  0.000635496759   0.000141875865  -0.000315528809
 -0.000135733359  -0.000091375840  -0.000007118897
 -0.000139175771  -0.000096865362  -0.000809657411
 -0.000580189114   0.000016725495   0.000586405684
  0.000068899666  -0.000487830603   0.000041575090
 -0.000041639166   0.000001220276   0.000000903561
 -0.000179906321  -0.000316998190  -0.000272620575
 -0.000108475205  -0.000267184175   0.000241785349
  0.044758210727   0.033529518441  -0.002620376113
  0.001163672420  -0.000245891995  -0.000794470064
  0.000635271142  -0.000140819682   0.000318776744
 -0.000180900300   0.000314677662   0.000276322423
  0.000759605441  -0.000001047905   0.000000635488
 -0.010323437514   0.000001496010   0.000000745839
  0.001381617813   0.000410686407  -0.000899313309
 -0.000372057506   0.000034972989  -0.000026109650
 -0.000391106374  -0.000292432326   0.000027885201
  0.001425070323   0.000933024642  -0.000608553606
  0.000233081610  -0.000281269081   0.000307543769
  0.001386152770  -0.000408940093   0.000900835202
  0.000192677961  -0.000002230631   0.000000315407
  0.000079287184   0.000008469341  -0.000328014516
  0.000495076697  -0.000180764389  -0.000307862945
 -0.000149690935   0.000177209894   0.000053875652
  0.000516546272   0.000204554664  -0.000219346219
 -0.000370039663  -0.000036099168   0.000024227170
  0.000081981233  -0.000011396721   0.000330369278
  0.000057263061   0.000001403256   0.000001635397
 -0.000151050464  -0.000174532823  -0.000053951867
  0.000032411892  -0.000000657392  -0.000001246200
  0.000074607764  -0.000026626698   0.000424882710
 -0.000389531161   0.000289454585  -0.000029677687
  0.000496366914   0.000180778945   0.000310519005
  0.000228971089   0.000287096547  -0.000308240700
  0.000516425563  -0.000204397048   0.000217326220
  0.000075787436   0.000027580052  -0.000427907002
  0.000175062299  -0.000001603726   0.000000009536
  0.001423504045  -0.000934833973   0.000609070214
 -0.004756849379   0.003141184835  -0.008709163541
  0.000688006067   0.000003032942   0.000000826276
 -0.000614675058  -0.000233548380  -0.000208834650
  0.000068283478   0.000326062349   0.000004156987
  0.000990755294  -0.001169387597   0.000634368632
  0.001426292511  -0.000929606096   0.000848259993
  0.000753289451  -0.000070399668   0.000423928837
 -0.000613419938   0.000233406234   0.000208185412
  0.000221178386  -0.000001379081   0.000001636656
 -0.001246790671   0.000847837454  -0.000432508335
 -0.000513035136   0.000001912442   0.000000217828
 -0.000269980780  -0.000204750049  -0.000294677973
 -0.000333889785  -0.000181473955   0.000028730920
  0.000071450550  -0.000328105007  -0.000003312911
 -0.001243520232  -0.000848406013   0.000434792308
  0.001425500005   0.000928725648  -0.000845627477
 -0.000269843687   0.000205538105   0.000292388306
  0.000651643340  -0.000000111719  -0.000001145385
  0.000036605420   0.000051046385   0.000319595083
  0.000988467378   0.001168158334  -0.000631853698
 -0.004761266320  -0.003145838911   0.008709775802
  0.000751899011   0.000073415288  -0.000424393773
 -0.000335017552   0.000182357526  -0.000031637906
  0.000035444201  -0.000051219176  -0.000323360602
  0.000897575159  -0.000004479625   0.000000461820
    1    2  0.0000  0.0000  0.0150
  0.000000000000   0.000000000000  -0.059454105836
  0.000361675946   0.001172351693   0.000524252833
 -0.000212669153   0.000212499822  -0.000256977397
  0.000077695667  -0.000290426800  -0.000256977397
  0.001196124321  -0.000272955289   0.000524252833
  0.000834448375  -0.000899396404   0.000524252833
 -0.000361675946   0.001172351693   0.000524252833
  0.000000000000  -0.000383831868   0.000286680566
  0.000700430800   0.000404393911  -0.000186164950
 -0.000332408148   0.000191915934   0.000286680566
  0.000290364821   0.000077926978  -0.000256977397
 -0.000336399476  -0.000194220328   0.000322391504
  0.000212669153   0.000212499822  -0.000256977397
 -0.000700430800   0.000404393911  -0.000186164950
  0.000000000000  -0.000808787821  -0.000186164950
 -0.000290364821   0.000077926978  -0.000256977397
  0.000000000000  -0.000196436706  -0.000189194134
 -0.000170119177   0.000098218353  -0.000189194134
 -0.000077695667  -0.000290426800  -0.000256977397
  0.000332408148   0.000191915934   0.000286680566
 -0.000834448375  -0.000899396404   0.000524252833
  0.000336399476  -0.000194220328   0.000322391504
  0.000170119177   0.000098218353  -0.000189194134
  0.000000000000   0.000388440656   0.000322391504
 -0.001196124321  -0.000272955289   0.000524252833
 -0.002763539913   0.001595530513  -0.001304844365
 -0.000000000000  -0.003191061026  -0.001304844365
 -0.000354946176   0.000497417895  -0.000112413472
 -0.000038231118  -0.000022072746   0.000127070287
  0.000253303445  -0.000556101353  -0.000112413472
  0.000608249622   0.000058683458  -0.000112413472
 -0.000809634942  -0.000467442952  -0.000413326467
  0.000354946176   0.000497417895  -0.000112413472
  0.000000000000  -0.000925182309   0.000883729598
 -0.000801231383   0.000462591155   0.000883729598
  0.000000000000   0.000044145492   0.000127070287
  0.000015948304   0.000329402927  -0.000012316920
  0.000293245454  -0.000150889827  -0.000012316920
  0.000038231118  -0.000022072746   0.000127070287
  0.000801231383   0.000462591155   0.000883729598
 -0.000608249622   0.000058683458  -0.000112413472
 -0.000015948304   0.000329402927  -0.000012316920
  0.000000000000  -0.000000000000  -0.000652985759
  0.000277297151  -0.000178513100  -0.000012316920
 -0.000253303445  -0.000556101353  -0.000112413472
  0.002763539913   0.001595530513  -0.001304844365
  0.000809634942  -0.000467442952  -0.000413326467
 -0.000293245454  -0.000150889827  -0.000012316920
 -0.000277297151  -0.000178513100  -0.000012316920
  0.000000000000   0.000934885903  -0.000413326467
  0.000000000000  -0.000000000000   0.084263293635
  0.000587250450   0.000781985050   0.001069413221
 -0.000009063339   0.000018164838   0.000433635062
  0.000011199542  -0.000016931501   0.000433635062
  0.000970844143   0.000117581283   0.001069413221
  0.000383593694  -0.000899566333   0.001069413221
 -0.000587250450   0.000781985050   0.001069413221
  0.000000000000  -0.000294362658  -0.000279468678
  0.000405363765   0.000234036879   0.000012013592
 -0.000254925540   0.000147181329  -0.000279468678
  0.000020262880  -0.000001233337   0.000433635062
 -0.000318925860  -0.000184131931  -0.000306221742
  0.000009063339   0.000018164838   0.000433635062
 -0.000405363765   0.000234036879   0.000012013592
  0.000000000000  -0.000468073757   0.000012013592
 -0.000020262880  -0.000001233337   0.000433635062
  0.000000000000  -0.000472333646   0.000002519093
 -0.000409052936   0.000236166823   0.000002519093
 -0.000011199542  -0.000016931501   0.000433635062
  0.000254925540   0.000147181329  -0.000279468678
 -0.000383593694  -0.000899566333   0.001069413221
  0.000318925860  -0.000184131931  -0.000306221742
  0.000409052936   0.000236166823   0.000002519093
  0.000000000000   0.000368263862  -0.000306221742
 -0.000970844143   0.000117581283   0.001069413221
 -0.008859570239   0.005115075263  -0.009521642975
  0.000000000000  -0.010230150525  -0.009521642975
 -0.000222492736   0.000847640526  -0.000264436670
 -0.000034102257  -0.000019688948  -0.000139705134
  0.000622831861  -0.000616504624  -0.000264436670
  0.000845324597  -0.000231135902  -0.000264436670
  0.000381711380   0.000220381168   0.000316227718
  0.000222492736   0.000847640526  -0.000264436670
  0.000000000000  -0.000492584838  -0.000847174905
 -0.000426590983   0.000246292419  -0.000847174905
  0.000000000000   0.000039377895  -0.000139705134
 -0.000300528358   0.000192144872   0.000104055883
  0.000016138161  -0.000356337628   0.000104055883
  0.000034102257  -0.000019688948  -0.000139705134
  0.000426590983   0.000246292419  -0.000847174905
 -0.000845324597  -0.000231135902  -0.000264436670
  0.000300528358   0.000192144872   0.000104055883
  0.000000000000  -0.000000000000   0.000643855694
  0.000316666519   0.000164192756   0.000104055883
 -0.000622831861  -0.000616504624  -0.000264436670
  0.008859570239   0.005115075263  -0.009521642975
 -0.000381711380   0.000220381168   0.000316227718
 -0.000016138161  -0.000356337628   0.000104055883
 -0.000316666519   0.000164192756   0.000104055883
  0.000000000000  -0.000440762337   0.000316227718
