Automatically generated mesh
     231
Reciprocal lattice
    0.00000000000000    0.00000000000000    0.00000000000000             1
    0.02500000000000    0.00000000000000    0.00000000000000             4
    0.05000000000000    0.00000000000000    0.00000000000000             4
    0.07500000000000    0.00000000000000    0.00000000000000             4
    0.10000000000000    0.00000000000000    0.00000000000000             4
    0.12500000000000    0.00000000000000    0.00000000000000             4
    0.15000000000000    0.00000000000000    0.00000000000000             4
    0.17500000000000    0.00000000000000    0.00000000000000             4
    0.20000000000000    0.00000000000000    0.00000000000000             4
    0.22500000000000    0.00000000000000    0.00000000000000             4
    0.25000000000000    0.00000000000000    0.00000000000000             4
    0.27500000000000    0.00000000000000    0.00000000000000             4
    0.30000000000000    0.00000000000000    0.00000000000000             4
    0.32500000000000    0.00000000000000    0.00000000000000             4
    0.35000000000000    0.00000000000000    0.00000000000000             4
    0.37500000000000    0.00000000000000    0.00000000000000             4
    0.40000000000000    0.00000000000000    0.00000000000000             4
    0.42500000000000    0.00000000000000    0.00000000000000             4
    0.45000000000000    0.00000000000000    0.00000000000000             4
    0.47500000000000    0.00000000000000    0.00000000000000             4
    0.50000000000000    0.00000000000000    0.00000000000000             2
    0.02500000000000    0.02500000000000    0.00000000000000             4
    0.05000000000000    0.02500000000000    0.00000000000000             8
    0.07500000000000    0.02500000000000    0.00000000000000             8
    0.10000000000000    0.02500000000000    0.00000000000000             8
    0.12500000000000    0.02500000000000    0.00000000000000             8
    0.15000000000000    0.02500000000000    0.00000000000000             8
    0.17500000000000    0.02500000000000    0.00000000000000             8
    0.20000000000000    0.02500000000000    0.00000000000000             8
    0.22500000000000    0.02500000000000    0.00000000000000             8
    0.25000000000000    0.02500000000000    0.00000000000000             8
    0.27500000000000    0.02500000000000    0.00000000000000             8
    0.30000000000000    0.02500000000000    0.00000000000000             8
    0.32500000000000    0.02500000000000    0.00000000000000             8
    0.35000000000000    0.02500000000000    0.00000000000000             8
    0.37500000000000    0.02500000000000    0.00000000000000             8
    0.40000000000000    0.02500000000000    0.00000000000000             8
    0.42500000000000    0.02500000000000    0.00000000000000             8
    0.45000000000000    0.02500000000000    0.00000000000000             8
    0.47500000000000    0.02500000000000    0.00000000000000             8
    0.50000000000000    0.02500000000000    0.00000000000000             4
    0.05000000000000    0.05000000000000    0.00000000000000             4
    0.07500000000000    0.05000000000000    0.00000000000000             8
    0.10000000000000    0.05000000000000    0.00000000000000             8
    0.12500000000000    0.05000000000000    0.00000000000000             8
    0.15000000000000    0.05000000000000    0.00000000000000             8
    0.17500000000000    0.05000000000000    0.00000000000000             8
    0.20000000000000    0.05000000000000    0.00000000000000             8
    0.22500000000000    0.05000000000000    0.00000000000000             8
    0.25000000000000    0.05000000000000    0.00000000000000             8
    0.27500000000000    0.05000000000000    0.00000000000000             8
    0.30000000000000    0.05000000000000    0.00000000000000             8
    0.32500000000000    0.05000000000000    0.00000000000000             8
    0.35000000000000    0.05000000000000    0.00000000000000             8
    0.37500000000000    0.05000000000000    0.00000000000000             8
    0.40000000000000    0.05000000000000    0.00000000000000             8
    0.42500000000000    0.05000000000000    0.00000000000000             8
    0.45000000000000    0.05000000000000    0.00000000000000             8
    0.47500000000000    0.05000000000000    0.00000000000000             8
    0.50000000000000    0.05000000000000    0.00000000000000             4
    0.07500000000000    0.07500000000000    0.00000000000000             4
    0.10000000000000    0.07500000000000    0.00000000000000             8
    0.12500000000000    0.07500000000000    0.00000000000000             8
    0.15000000000000    0.07500000000000    0.00000000000000             8
    0.17500000000000    0.07500000000000    0.00000000000000             8
    0.20000000000000    0.07500000000000    0.00000000000000             8
    0.22500000000000    0.07500000000000    0.00000000000000             8
    0.25000000000000    0.07500000000000    0.00000000000000             8
    0.27500000000000    0.07500000000000    0.00000000000000             8
    0.30000000000000    0.07500000000000    0.00000000000000             8
    0.32500000000000    0.07500000000000    0.00000000000000             8
    0.35000000000000    0.07500000000000    0.00000000000000             8
    0.37500000000000    0.07500000000000    0.00000000000000             8
    0.40000000000000    0.07500000000000    0.00000000000000             8
    0.42500000000000    0.07500000000000    0.00000000000000             8
    0.45000000000000    0.07500000000000    0.00000000000000             8
    0.47500000000000    0.07500000000000    0.00000000000000             8
    0.50000000000000    0.07500000000000    0.00000000000000             4
    0.10000000000000    0.10000000000000    0.00000000000000             4
    0.12500000000000    0.10000000000000    0.00000000000000             8
    0.15000000000000    0.10000000000000    0.00000000000000             8
    0.17500000000000    0.10000000000000    0.00000000000000             8
    0.20000000000000    0.10000000000000    0.00000000000000             8
    0.22500000000000    0.10000000000000    0.00000000000000             8
    0.25000000000000    0.10000000000000    0.00000000000000             8
    0.27500000000000    0.10000000000000    0.00000000000000             8
    0.30000000000000    0.10000000000000    0.00000000000000             8
    0.32500000000000    0.10000000000000    0.00000000000000             8
    0.35000000000000    0.10000000000000    0.00000000000000             8
    0.37500000000000    0.10000000000000    0.00000000000000             8
    0.40000000000000    0.10000000000000    0.00000000000000             8
    0.42500000000000    0.10000000000000    0.00000000000000             8
    0.45000000000000    0.10000000000000    0.00000000000000             8
    0.47500000000000    0.10000000000000    0.00000000000000             8
    0.50000000000000    0.10000000000000    0.00000000000000             4
    0.12500000000000    0.12500000000000    0.00000000000000             4
    0.15000000000000    0.12500000000000    0.00000000000000             8
    0.17500000000000    0.12500000000000    0.00000000000000             8
    0.20000000000000    0.12500000000000    0.00000000000000             8
    0.22500000000000    0.12500000000000    0.00000000000000             8
    0.25000000000000    0.12500000000000    0.00000000000000             8
    0.27500000000000    0.12500000000000    0.00000000000000             8
    0.30000000000000    0.12500000000000    0.00000000000000             8
    0.32500000000000    0.12500000000000    0.00000000000000             8
    0.35000000000000    0.12500000000000    0.00000000000000             8
    0.37500000000000    0.12500000000000    0.00000000000000             8
    0.40000000000000    0.12500000000000    0.00000000000000             8
    0.42500000000000    0.12500000000000    0.00000000000000             8
    0.45000000000000    0.12500000000000    0.00000000000000             8
    0.47500000000000    0.12500000000000    0.00000000000000             8
    0.50000000000000    0.12500000000000    0.00000000000000             4
    0.15000000000000    0.15000000000000    0.00000000000000             4
    0.17500000000000    0.15000000000000    0.00000000000000             8
    0.20000000000000    0.15000000000000    0.00000000000000             8
    0.22500000000000    0.15000000000000    0.00000000000000             8
    0.25000000000000    0.15000000000000    0.00000000000000             8
    0.27500000000000    0.15000000000000    0.00000000000000             8
    0.30000000000000    0.15000000000000    0.00000000000000             8
    0.32500000000000    0.15000000000000    0.00000000000000             8
    0.35000000000000    0.15000000000000    0.00000000000000             8
    0.37500000000000    0.15000000000000    0.00000000000000             8
    0.40000000000000    0.15000000000000    0.00000000000000             8
    0.42500000000000    0.15000000000000    0.00000000000000             8
    0.45000000000000    0.15000000000000    0.00000000000000             8
    0.47500000000000    0.15000000000000    0.00000000000000             8
    0.50000000000000    0.15000000000000    0.00000000000000             4
    0.17500000000000    0.17500000000000    0.00000000000000             4
    0.20000000000000    0.17500000000000    0.00000000000000             8
    0.22500000000000    0.17500000000000    0.00000000000000             8
    0.25000000000000    0.17500000000000    0.00000000000000             8
    0.27500000000000    0.17500000000000    0.00000000000000             8
    0.30000000000000    0.17500000000000    0.00000000000000             8
    0.32500000000000    0.17500000000000    0.00000000000000             8
    0.35000000000000    0.17500000000000    0.00000000000000             8
    0.37500000000000    0.17500000000000    0.00000000000000             8
    0.40000000000000    0.17500000000000    0.00000000000000             8
    0.42500000000000    0.17500000000000    0.00000000000000             8
    0.45000000000000    0.17500000000000    0.00000000000000             8
    0.47500000000000    0.17500000000000    0.00000000000000             8
    0.50000000000000    0.17500000000000    0.00000000000000             4
    0.20000000000000    0.20000000000000    0.00000000000000             4
    0.22500000000000    0.20000000000000    0.00000000000000             8
    0.25000000000000    0.20000000000000    0.00000000000000             8
    0.27500000000000    0.20000000000000    0.00000000000000             8
    0.30000000000000    0.20000000000000    0.00000000000000             8
    0.32500000000000    0.20000000000000    0.00000000000000             8
    0.35000000000000    0.20000000000000    0.00000000000000             8
    0.37500000000000    0.20000000000000    0.00000000000000             8
    0.40000000000000    0.20000000000000    0.00000000000000             8
    0.42500000000000    0.20000000000000    0.00000000000000             8
    0.45000000000000    0.20000000000000    0.00000000000000             8
    0.47500000000000    0.20000000000000    0.00000000000000             8
    0.50000000000000    0.20000000000000    0.00000000000000             4
    0.22500000000000    0.22500000000000    0.00000000000000             4
    0.25000000000000    0.22500000000000    0.00000000000000             8
    0.27500000000000    0.22500000000000    0.00000000000000             8
    0.30000000000000    0.22500000000000    0.00000000000000             8
    0.32500000000000    0.22500000000000    0.00000000000000             8
    0.35000000000000    0.22500000000000    0.00000000000000             8
    0.37500000000000    0.22500000000000    0.00000000000000             8
    0.40000000000000    0.22500000000000    0.00000000000000             8
    0.42500000000000    0.22500000000000    0.00000000000000             8
    0.45000000000000    0.22500000000000    0.00000000000000             8
    0.47500000000000    0.22500000000000    0.00000000000000             8
    0.50000000000000    0.22500000000000    0.00000000000000             4
    0.25000000000000    0.25000000000000    0.00000000000000             4
    0.27500000000000    0.25000000000000    0.00000000000000             8
    0.30000000000000    0.25000000000000    0.00000000000000             8
    0.32500000000000    0.25000000000000    0.00000000000000             8
    0.35000000000000    0.25000000000000    0.00000000000000             8
    0.37500000000000    0.25000000000000    0.00000000000000             8
    0.40000000000000    0.25000000000000    0.00000000000000             8
    0.42500000000000    0.25000000000000    0.00000000000000             8
    0.45000000000000    0.25000000000000    0.00000000000000             8
    0.47500000000000    0.25000000000000    0.00000000000000             8
    0.50000000000000    0.25000000000000    0.00000000000000             4
    0.27500000000000    0.27500000000000    0.00000000000000             4
    0.30000000000000    0.27500000000000    0.00000000000000             8
    0.32500000000000    0.27500000000000    0.00000000000000             8
    0.35000000000000    0.27500000000000    0.00000000000000             8
    0.37500000000000    0.27500000000000    0.00000000000000             8
    0.40000000000000    0.27500000000000    0.00000000000000             8
    0.42500000000000    0.27500000000000    0.00000000000000             8
    0.45000000000000    0.27500000000000    0.00000000000000             8
    0.47500000000000    0.27500000000000    0.00000000000000             8
    0.50000000000000    0.27500000000000    0.00000000000000             4
    0.30000000000000    0.30000000000000    0.00000000000000             4
    0.32500000000000    0.30000000000000    0.00000000000000             8
    0.35000000000000    0.30000000000000    0.00000000000000             8
    0.37500000000000    0.30000000000000    0.00000000000000             8
    0.40000000000000    0.30000000000000    0.00000000000000             8
    0.42500000000000    0.30000000000000    0.00000000000000             8
    0.45000000000000    0.30000000000000    0.00000000000000             8
    0.47500000000000    0.30000000000000    0.00000000000000             8
    0.50000000000000    0.30000000000000    0.00000000000000             4
    0.32500000000000    0.32500000000000    0.00000000000000             4
    0.35000000000000    0.32500000000000    0.00000000000000             8
    0.37500000000000    0.32500000000000    0.00000000000000             8
    0.40000000000000    0.32500000000000    0.00000000000000             8
    0.42500000000000    0.32500000000000    0.00000000000000             8
    0.45000000000000    0.32500000000000    0.00000000000000             8
    0.47500000000000    0.32500000000000    0.00000000000000             8
    0.50000000000000    0.32500000000000    0.00000000000000             4
    0.35000000000000    0.35000000000000    0.00000000000000             4
    0.37500000000000    0.35000000000000    0.00000000000000             8
    0.40000000000000    0.35000000000000    0.00000000000000             8
    0.42500000000000    0.35000000000000    0.00000000000000             8
    0.45000000000000    0.35000000000000    0.00000000000000             8
    0.47500000000000    0.35000000000000    0.00000000000000             8
    0.50000000000000    0.35000000000000    0.00000000000000             4
    0.37500000000000    0.37500000000000    0.00000000000000             4
    0.40000000000000    0.37500000000000    0.00000000000000             8
    0.42500000000000    0.37500000000000    0.00000000000000             8
    0.45000000000000    0.37500000000000    0.00000000000000             8
    0.47500000000000    0.37500000000000    0.00000000000000             8
    0.50000000000000    0.37500000000000    0.00000000000000             4
    0.40000000000000    0.40000000000000    0.00000000000000             4
    0.42500000000000    0.40000000000000    0.00000000000000             8
    0.45000000000000    0.40000000000000    0.00000000000000             8
    0.47500000000000    0.40000000000000    0.00000000000000             8
    0.50000000000000    0.40000000000000    0.00000000000000             4
    0.42500000000000    0.42500000000000    0.00000000000000             4
    0.45000000000000    0.42500000000000    0.00000000000000             8
    0.47500000000000    0.42500000000000    0.00000000000000             8
    0.50000000000000    0.42500000000000    0.00000000000000             4
    0.45000000000000    0.45000000000000    0.00000000000000             4
    0.47500000000000    0.45000000000000    0.00000000000000             8
    0.50000000000000    0.45000000000000    0.00000000000000             4
    0.47500000000000    0.47500000000000    0.00000000000000             4
    0.50000000000000    0.47500000000000    0.00000000000000             4
    0.50000000000000    0.50000000000000    0.00000000000000             1
