Automatically generated mesh
      75
Reciprocal lattice
    0.00000000000000    0.00000000000000    0.00000000000000             1
    0.11111111111112    0.00000000000000    0.00000000000000             4
    0.22222222222222    0.00000000000000    0.00000000000000             4
    0.33333333333334    0.00000000000000    0.00000000000000             4
    0.44444444444444    0.00000000000000    0.00000000000000             4
    0.11111111111112    0.11111111111112    0.00000000000000             4
    0.22222222222222    0.11111111111112    0.00000000000000             8
    0.33333333333334    0.11111111111112    0.00000000000000             8
    0.44444444444444    0.11111111111112    0.00000000000000             8
    0.22222222222222    0.22222222222222    0.00000000000000             4
    0.33333333333334    0.22222222222222    0.00000000000000             8
    0.44444444444444    0.22222222222222    0.00000000000000             8
    0.33333333333334    0.33333333333334    0.00000000000000             4
    0.44444444444444    0.33333333333334    0.00000000000000             8
    0.44444444444444    0.44444444444444    0.00000000000000             4
    0.00000000000000    0.00000000000000    0.11111111111112             2
    0.11111111111112    0.00000000000000    0.11111111111112             8
    0.22222222222222    0.00000000000000    0.11111111111112             8
    0.33333333333334    0.00000000000000    0.11111111111112             8
    0.44444444444444    0.00000000000000    0.11111111111112             8
    0.11111111111112    0.11111111111112    0.11111111111112             8
    0.22222222222222    0.11111111111112    0.11111111111112            16
    0.33333333333334    0.11111111111112    0.11111111111112            16
    0.44444444444444    0.11111111111112    0.11111111111112            16
    0.22222222222222    0.22222222222222    0.11111111111112             8
    0.33333333333334    0.22222222222222    0.11111111111112            16
    0.44444444444444    0.22222222222222    0.11111111111112            16
    0.33333333333334    0.33333333333334    0.11111111111112             8
    0.44444444444444    0.33333333333334    0.11111111111112            16
    0.44444444444444    0.44444444444444    0.11111111111112             8
    0.00000000000000    0.00000000000000    0.22222222222222             2
    0.11111111111112    0.00000000000000    0.22222222222222             8
    0.22222222222222    0.00000000000000    0.22222222222222             8
    0.33333333333334    0.00000000000000    0.22222222222222             8
    0.44444444444444    0.00000000000000    0.22222222222222             8
    0.11111111111112    0.11111111111112    0.22222222222222             8
    0.22222222222222    0.11111111111112    0.22222222222222            16
    0.33333333333334    0.11111111111112    0.22222222222222            16
    0.44444444444444    0.11111111111112    0.22222222222222            16
    0.22222222222222    0.22222222222222    0.22222222222222             8
    0.33333333333334    0.22222222222222    0.22222222222222            16
    0.44444444444444    0.22222222222222    0.22222222222222            16
    0.33333333333334    0.33333333333334    0.22222222222222             8
    0.44444444444444    0.33333333333334    0.22222222222222            16
    0.44444444444444    0.44444444444444    0.22222222222222             8
    0.00000000000000    0.00000000000000    0.33333333333334             2
    0.11111111111112    0.00000000000000    0.33333333333334             8
    0.22222222222222    0.00000000000000    0.33333333333334             8
    0.33333333333334    0.00000000000000    0.33333333333334             8
    0.44444444444444    0.00000000000000    0.33333333333334             8
    0.11111111111112    0.11111111111112    0.33333333333334             8
    0.22222222222222    0.11111111111112    0.33333333333334            16
    0.33333333333334    0.11111111111112    0.33333333333334            16
    0.44444444444444    0.11111111111112    0.33333333333334            16
    0.22222222222222    0.22222222222222    0.33333333333334             8
    0.33333333333334    0.22222222222222    0.33333333333334            16
    0.44444444444444    0.22222222222222    0.33333333333334            16
    0.33333333333334    0.33333333333334    0.33333333333334             8
    0.44444444444444    0.33333333333334    0.33333333333334            16
    0.44444444444444    0.44444444444444    0.33333333333334             8
    0.00000000000000    0.00000000000000    0.44444444444444             2
    0.11111111111112    0.00000000000000    0.44444444444444             8
    0.22222222222222    0.00000000000000    0.44444444444444             8
    0.33333333333334    0.00000000000000    0.44444444444444             8
    0.44444444444444    0.00000000000000    0.44444444444444             8
    0.11111111111112    0.11111111111112    0.44444444444444             8
    0.22222222222222    0.11111111111112    0.44444444444444            16
    0.33333333333334    0.11111111111112    0.44444444444444            16
    0.44444444444444    0.11111111111112    0.44444444444444            16
    0.22222222222222    0.22222222222222    0.44444444444444             8
    0.33333333333334    0.22222222222222    0.44444444444444            16
    0.44444444444444    0.22222222222222    0.44444444444444            16
    0.33333333333334    0.33333333333334    0.44444444444444             8
    0.44444444444444    0.33333333333334    0.44444444444444            16
    0.44444444444444    0.44444444444444    0.44444444444444             8
