100  
12   

1    
  0.0091822076694965   0.0039606896260929   0.0000000000000000
  -0.0218022500   -0.0634582100    0.0038460000
  -0.0009409500    0.0012080200   -0.0032534300
   0.0009209100    0.0004053600   -0.0004034800
   0.0009105300    0.0004978800   -0.0007907000
  -0.0003708900   -0.0006508900    0.0010599800
  -0.0009343100    0.0015042500    0.0005520500
   0.0007261100    0.0142229900   -0.0003475700
  -0.0002657700    0.0012419000   -0.0005176200
   0.0004723300    0.0000015900   -0.0005294100
  -0.0011655800    0.0000270700   -0.0009691900
   0.0007300500   -0.0000816700   -0.0006916900
  -0.0007163600    0.0002413100   -0.0004933800
   0.0008547800   -0.0017603400   -0.0010644400
  -0.0005824300   -0.0001241600   -0.0004214300
   0.0007195200    0.0003518700   -0.0004559200
   0.0006700600    0.0000107800   -0.0003485300
   0.0006870400    0.0004502400   -0.0005429100
  -0.0005850500   -0.0001237600   -0.0008616600
   0.0006883900   -0.0013720800   -0.0010457400
  -0.0006169600    0.0000297500   -0.0003365200
  -0.0000743600   -0.0002980000   -0.0019953800
  -0.0012047900    0.0000226300   -0.0002766000
   0.0005315400   -0.0001014700   -0.0005593500
  -0.0001829700    0.0010226600   -0.0010509800
  -0.0004827000    0.0172268100   -0.0025746700
   0.0024125800    0.0005157300   -0.0013084900
   0.0009657700   -0.0000830000    0.0003836000
  -0.0009722300   -0.0002308300    0.0005599900
   0.0006484600   -0.0000441400    0.0009440300
   0.0058512600    0.0006590700    0.0074557100
  -0.0004717300   -0.0008848200    0.0012748700
  -0.0000316500    0.0018013500   -0.0000760600
   0.0004914500    0.0002070100    0.0006003600
  -0.0011042500    0.0000878400    0.0006730400
   0.0007238500    0.0001268600    0.0007591800
   0.0001463500   -0.0003242700    0.0005337000
   0.0001083000   -0.0012047200    0.0006832300
  -0.0001698100    0.0012117900    0.0006583300
   0.0004850900    0.0001814200    0.0005842800
  -0.0008794100   -0.0000300700    0.0004993200
  -0.0009309500   -0.0003941900    0.0004133000
   0.0000785900   -0.0004725200    0.0005458400
   0.0003032600   -0.0007772100    0.0008975300
  -0.0006078900    0.0004938500    0.0006716200
   0.0008664300   -0.0003062100    0.0001802100
   0.0028245500   -0.0007388300   -0.0000637600
  -0.0008581200   -0.0002242100    0.0004923500
   0.0002270200   -0.0001498800    0.0007127400
  -0.0001445200   -0.0001401400    0.0002466800
   0.0015057000   -0.0014940500   -0.0021825000
   0.0048883700    0.0126854000    0.0027738400
   0.0046213700   -0.0003134300   -0.0069088800
   0.0038698000   -0.0005110600   -0.0068770400
   0.0041682200   -0.0005411700   -0.0069163900
   0.0061110600   -0.0003868700   -0.0091920300
   0.0042152700   -0.0007905500   -0.0069568200
   0.0041076800   -0.0001830200   -0.0064460700
   0.0043106200   -0.0003508100   -0.0070403000
   0.0037373800   -0.0005742200   -0.0068455100
   0.0042756800   -0.0006256200   -0.0069445200
   0.0039928000   -0.0006737600   -0.0068970700
   0.0042075000   -0.0006253400   -0.0067708000
   0.0041191100    0.0003828600   -0.0068341800
   0.0042733800   -0.0006133600   -0.0070171400
   0.0039702500   -0.0006302300   -0.0069030800
   0.0043496700   -0.0005946600   -0.0068125100
   0.0036660700   -0.0005807300   -0.0069761100
   0.0043431300   -0.0003036000   -0.0067147000
   0.0041973300   -0.0001939500   -0.0070323500
   0.0044156400   -0.0008114700   -0.0069434700
   0.0038678900   -0.0003588200   -0.0051378300
   0.0042156300   -0.0005921400   -0.0068348700
   0.0038627600   -0.0004812100   -0.0069256300
   0.0043118700   -0.0003481300   -0.0069125300
   0.0068115800    0.0152458700   -0.0177102900
  -0.0033832100    0.0003633100    0.0064733000
  -0.0041422100    0.0007204100    0.0070109300
  -0.0038087900    0.0005683200    0.0069552700
  -0.0041635600    0.0004565900    0.0068065500
  -0.0030909900    0.0006669600    0.0061985100
  -0.0038095700   -0.0002302000    0.0064013100
  -0.0041837400    0.0016756100    0.0078483900
  -0.0043209800    0.0005020200    0.0069557300
  -0.0037425900    0.0004390100    0.0068889300
  -0.0036126500    0.0003941100    0.0068663800
  -0.0041949700    0.0006420200    0.0068070300
  -0.0042033100    0.0009715800    0.0068445000
  -0.0040197400   -0.0000042300    0.0070453600
  -0.0042297100    0.0003482500    0.0068796500
  -0.0037360600    0.0005273000    0.0068743500
  -0.0037938100    0.0006718600    0.0068872900
  -0.0041512800    0.0007951800    0.0068579100
  -0.0040260200    0.0008727800    0.0070044400
  -0.0040327500    0.0001890800    0.0067675200
  -0.0041987900    0.0005645500    0.0068373400
  -0.0041045000    0.0007851000    0.0069248600
  -0.0037450000    0.0006943300    0.0069142300
  -0.0040217200    0.0006553600    0.0068887700
  -0.0041570000    0.0007665500    0.0071548500
  -0.0034911100    0.0004538100    0.0066163500

1    
 -0.0091822076694965  -0.0039606896260929   0.0000000000000000
   0.0218317900    0.0637802100   -0.0044842900
   0.0010846100   -0.0007514700    0.0020522000
  -0.0009779800   -0.0000872700   -0.0007183600
  -0.0009144700   -0.0001660800   -0.0003314500
   0.0001503300    0.0008768400   -0.0022302100
   0.0008035300   -0.0011344200   -0.0017100200
  -0.0008769300   -0.0138313800   -0.0007674400
   0.0002472400   -0.0009162400   -0.0005981300
  -0.0005205000    0.0003299400   -0.0005982800
   0.0011727900    0.0003033300   -0.0001554300
  -0.0007371400    0.0004000900   -0.0004360100
   0.0006823300    0.0000725700   -0.0006345200
  -0.0008904000    0.0020870300   -0.0000648900
   0.0005548400    0.0004495200   -0.0007065600
  -0.0007583300   -0.0000283000   -0.0006703600
  -0.0007233000    0.0003213000   -0.0007798000
  -0.0007067300   -0.0001248100   -0.0005833100
   0.0005522500    0.0004499300   -0.0002720800
  -0.0007154300    0.0016837500   -0.0000843300
   0.0005913700    0.0003023200   -0.0007876000
   0.0001603500    0.0005486600    0.0008269000
   0.0011338600    0.0002983200   -0.0008503300
  -0.0005450300    0.0004210400   -0.0005676000
   0.0001398100   -0.0006944000   -0.0000613500
   0.0005698400   -0.0169845600    0.0014688500
  -0.0023388000   -0.0007291800    0.0023212700
  -0.0009175300   -0.0002226800    0.0007366900
   0.0010058900   -0.0000920900    0.0005677400
  -0.0006527800   -0.0002848500    0.0001767000
  -0.0058854800   -0.0009869900   -0.0065020800
   0.0005253000    0.0005562500   -0.0001512700
   0.0000565400   -0.0021061400    0.0011984100
  -0.0004617300   -0.0005310900    0.0005279200
   0.0011415600   -0.0004091600    0.0004549300
  -0.0007251900   -0.0004527200    0.0003721500
  -0.0001297100    0.0000035600    0.0005934300
  -0.0000635700    0.0008973300    0.0004484600
   0.0001878600   -0.0015274000    0.0004709400
  -0.0004480100   -0.0005087500    0.0005422600
   0.0009118500   -0.0002989400    0.0006294500
   0.0009755600    0.0000669300    0.0007164400
  -0.0000605100    0.0001476000    0.0005842100
  -0.0002569700    0.0004529700    0.0002288200
   0.0006268100   -0.0008323900    0.0004567700
  -0.0008286700   -0.0000282700    0.0009455900
  -0.0027711200    0.0004065700    0.0012019500
   0.0008988900   -0.0001011100    0.0006364900
  -0.0002034100   -0.0001739100    0.0004125400
   0.0002036100   -0.0001522300    0.0009092100
  -0.0015179900    0.0011203500    0.0033011800
   0.0030804600   -0.0139276700   -0.0166312000
   0.0034728600   -0.0008352700   -0.0068603000
   0.0041969300   -0.0006659100   -0.0069024100
   0.0039581300   -0.0006021100   -0.0068866700
   0.0021339000   -0.0007319100   -0.0045685000
   0.0039959700   -0.0003669400   -0.0068182900
   0.0040498600   -0.0010087100   -0.0073168100
   0.0037742100   -0.0008831500   -0.0067284200
   0.0043674500   -0.0006252800   -0.0069577000
   0.0038895800   -0.0005358200   -0.0068447100
   0.0041800200   -0.0004867200   -0.0068949800
   0.0039842600   -0.0005876300   -0.0070111000
   0.0040296100   -0.0016312900   -0.0069272100
   0.0038391300   -0.0005963800   -0.0067584800
   0.0041549600   -0.0005284900   -0.0069072400
   0.0037623800   -0.0005238600   -0.0069850200
   0.0044669900   -0.0005957100   -0.0068306200
   0.0038126800   -0.0008965900   -0.0070868700
   0.0039514800   -0.0009740300   -0.0067322400
   0.0036984700   -0.0002994000   -0.0068324000
   0.0041195100   -0.0007111700   -0.0086173600
   0.0038590200   -0.0005545000   -0.0069418600
   0.0042488000   -0.0006786800   -0.0068803200
   0.0038150700   -0.0007858300   -0.0068913100
   0.0015434000   -0.0162978800    0.0039415600
  -0.0047678600    0.0006955800    0.0072980000
  -0.0040228900    0.0004010800    0.0067874800
  -0.0043055000    0.0005902300    0.0068508300
  -0.0039015700    0.0006886700    0.0069706900
  -0.0050111400    0.0004249800    0.0075583800
  -0.0043125700    0.0013449500    0.0073709000
  -0.0039390000   -0.0005211900    0.0059178500
  -0.0038343600    0.0006911100    0.0068422100
  -0.0043964400    0.0007369500    0.0069160200
  -0.0044778200    0.0007262400    0.0069340700
  -0.0039237400    0.0005171700    0.0070026800
  -0.0039119700    0.0002318200    0.0069336600
  -0.0041238200    0.0012523200    0.0067168900
  -0.0039596600    0.0008663000    0.0069001100
  -0.0044388900    0.0006338400    0.0069185000
  -0.0043842400    0.0004892400    0.0069050000
  -0.0039466400    0.0004034200    0.0069429500
  -0.0040645100    0.0003585000    0.0067618700
  -0.0041223600    0.0010201200    0.0069885600
  -0.0040167700    0.0006004500    0.0069341500
  -0.0040940300    0.0003227700    0.0068551500
  -0.0043970300    0.0004500400    0.0068905500
  -0.0040384400    0.0005205100    0.0068895900
  -0.0039109800    0.0003903100    0.0066094700
  -0.0046640100    0.0006759200    0.0071390900

1    
 -0.0091396005886348   0.0040580415325902   0.0000000000000000
   0.0211601000   -0.0636968200   -0.0044526800
   0.0001513500   -0.0002295600    0.0008297400
  -0.0007249900    0.0000122000   -0.0007794500
  -0.0007396600   -0.0000660700   -0.0004363200
   0.0008129600    0.0014478000   -0.0017135500
   0.0001510900   -0.0005573000   -0.0022267400
   0.0007447500    0.0173194300    0.0014670900
   0.0005891600    0.0000153700   -0.0007861800
  -0.0007558300    0.0003612500   -0.0006689200
   0.0011711200    0.0000104900   -0.0001551200
  -0.0009114100    0.0005010900   -0.0003310700
   0.0001496900    0.0010171700   -0.0000613200
  -0.0007313800   -0.0013513800   -0.0000830900
   0.0005517200   -0.0001300200   -0.0007058500
  -0.0005217800   -0.0000001600   -0.0005986600
  -0.0009756100    0.0004225700   -0.0007188000
  -0.0005474100   -0.0000921400   -0.0005670800
   0.0005491000   -0.0001308100   -0.0002718700
  -0.0009105600   -0.0017527600   -0.0000636600
   0.0002602400    0.0012381000   -0.0005982300
   0.0011019500    0.0010598500    0.0020470800
   0.0011319900    0.0000146000   -0.0008506500
  -0.0007033600    0.0004560900   -0.0005843600
   0.0006832100    0.0002437600   -0.0006350900
  -0.0007352600    0.0141813200   -0.0007675300
  -0.0015379600   -0.0014304400    0.0033070600
  -0.0008319600   -0.0002880800    0.0009458200
   0.0009156600   -0.0000343200    0.0006293700
  -0.0007226900    0.0001342900    0.0003720100
  -0.0058741900    0.0007196100   -0.0065015100
   0.0002053800   -0.0001753000    0.0009106800
   0.0006326800    0.0005026700    0.0004576200
  -0.0004448300    0.0001903900    0.0005417700
   0.0011442000    0.0000723500    0.0004544500
  -0.0006494000   -0.0000346300    0.0001774100
  -0.0002051300   -0.0001469800    0.0004121300
  -0.0002628500   -0.0007755500    0.0002290400
   0.0002024900    0.0011997400    0.0004697100
  -0.0004582100    0.0002116300    0.0005276000
   0.0010012700   -0.0002413000    0.0005676400
   0.0008980900   -0.0002343800    0.0006360700
  -0.0000641300   -0.0004714600    0.0005839000
  -0.0000755800   -0.0012215100    0.0004472800
   0.0000783500    0.0017785800    0.0011961000
  -0.0009134800   -0.0000959200    0.0007359300
  -0.0027766200   -0.0007031200    0.0012024200
   0.0009734200   -0.0004028900    0.0007171500
  -0.0001303300   -0.0003277700    0.0005933700
   0.0005162400   -0.0008873100   -0.0001527800
  -0.0023220700    0.0004210300    0.0023060000
   0.0017089800    0.0152407800    0.0039411700
   0.0036718600   -0.0008322500   -0.0068271200
   0.0041250700   -0.0006404600   -0.0068916200
   0.0038684100   -0.0006145000   -0.0068508200
   0.0021359600   -0.0003564500   -0.0045683800
   0.0038472100   -0.0003537900   -0.0068782400
   0.0039665900   -0.0002088300   -0.0067296800
   0.0038242700   -0.0006240000   -0.0067540400
   0.0043679200   -0.0005776600   -0.0069577700
   0.0039790800   -0.0005490000   -0.0068805800
   0.0042797300   -0.0004833200   -0.0068739100
   0.0038324500   -0.0003073700   -0.0070777500
   0.0040399800    0.0003786300   -0.0069274300
   0.0037922300   -0.0003373000   -0.0067331100
   0.0042268000   -0.0005036400   -0.0069180900
   0.0038793900   -0.0005760600   -0.0069527600
   0.0044674000   -0.0005846900   -0.0068306700
   0.0039677100   -0.0006172900   -0.0070202300
   0.0040424800   -0.0001758200   -0.0073193400
   0.0035006900   -0.0002948700   -0.0068656100
   0.0041212200   -0.0003786100   -0.0086175500
   0.0037415600   -0.0006056400   -0.0069742900
   0.0041488100   -0.0006744700   -0.0069015100
   0.0039656300   -0.0007736600   -0.0068314500
   0.0032141500    0.0128683400   -0.0166504900
  -0.0047693400    0.0003772900    0.0072985700
  -0.0040748200    0.0007908900    0.0068642300
  -0.0043525400    0.0006736700    0.0069119800
  -0.0038929700    0.0006334300    0.0069867100
  -0.0043046000   -0.0002457800    0.0073661100
  -0.0050258800    0.0006818300    0.0075631200
  -0.0046538600    0.0004655200    0.0071418100
  -0.0039882700    0.0005779400    0.0069470500
  -0.0044200900    0.0005385100    0.0069247100
  -0.0044799400    0.0003990400    0.0069342000
  -0.0039325800    0.0004615500    0.0069867400
  -0.0039337000    0.0007934800    0.0066145100
  -0.0041187500    0.0002128000    0.0069903000
  -0.0039619100    0.0003474700    0.0068999800
  -0.0044171200    0.0004351500    0.0069099400
  -0.0043362000    0.0005721600    0.0068440000
  -0.0040568800    0.0006673800    0.0069008300
  -0.0040617600    0.0008781300    0.0067619800
  -0.0041381300   -0.0000193100    0.0067149400
  -0.0038637600    0.0004867300    0.0068294400
  -0.0040386400    0.0007123300    0.0067788100
  -0.0043957000    0.0006975500    0.0068906100
  -0.0039254000    0.0007837400    0.0069317700
  -0.0038835900    0.0009516000    0.0069288100
  -0.0039387000    0.0016554000    0.0059161600

1    
  0.0091396005886348  -0.0040580415325902   0.0000000000000000
  -0.0211302900    0.0640237900    0.0038127400
  -0.0000643900    0.0006275700   -0.0019973000
   0.0006715600    0.0003059500   -0.0003478600
   0.0007325700    0.0003981900   -0.0006914700
  -0.0009436900   -0.0011660900    0.0005548900
  -0.0003706900    0.0009837600    0.0010571100
  -0.0006569100   -0.0169121600   -0.0025714900
  -0.0006150200    0.0003031500   -0.0003364600
   0.0007170700   -0.0000338500   -0.0004566500
  -0.0011639600    0.0003099100   -0.0009695500
   0.0009073800   -0.0001823700   -0.0007910800
  -0.0001941000   -0.0006950500   -0.0010503500
   0.0007044300    0.0016903300   -0.0010462500
  -0.0005792900    0.0004554300   -0.0004221800
   0.0004734800    0.0003197300   -0.0005298500
   0.0009188600   -0.0000904300   -0.0004041700
   0.0005339700    0.0004217600   -0.0005598500
  -0.0005819000    0.0004546900   -0.0008619100
   0.0008750100    0.0020768100   -0.0010665100
  -0.0002785500   -0.0009133900   -0.0005191000
  -0.0009603000   -0.0008682700   -0.0032492700
  -0.0012028700    0.0003146100   -0.0002763300
   0.0006837000   -0.0001322500   -0.0005419900
  -0.0007158900    0.0000924900   -0.0004935600
   0.0005839500   -0.0139217800   -0.0003489700
   0.0015260300    0.0011546400   -0.0021874900
   0.0008685900   -0.0000280400    0.0001807400
  -0.0008830600   -0.0002865800    0.0004995100
   0.0007213600   -0.0004578000    0.0007586200
   0.0058399900   -0.0010408500    0.0074552100
  -0.0001468400   -0.0001827100    0.0002468500
  -0.0006138100   -0.0008143500    0.0006722200
   0.0004812300   -0.0005131400    0.0005854300
  -0.0011069200   -0.0004004300    0.0006735600
   0.0006452000   -0.0002857100    0.0009441500
   0.0002286400   -0.0001797600    0.0007142600
   0.0003091100    0.0004487400    0.0008983400
  -0.0001845400   -0.0015349300    0.0006596200
   0.0004886100   -0.0005375100    0.0006001000
  -0.0009677600   -0.0000856200    0.0005600900
  -0.0008573500   -0.0000916300    0.0004927300
   0.0000822000    0.0001456200    0.0005461900
   0.0001201300    0.0008779100    0.0006835100
  -0.0000534500   -0.0021241500   -0.0000751100
   0.0009626900   -0.0002489900    0.0003837100
   0.0028301400    0.0003844900   -0.0000641700
  -0.0009288100    0.0000787300    0.0004127200
   0.0001470000   -0.0000020900    0.0005327100
  -0.0004624700    0.0005656500    0.0012748800
   0.0023947800   -0.0008579700   -0.0012936500
   0.0066596700   -0.0163695400   -0.0177054100
   0.0043953800   -0.0003262600   -0.0069389800
   0.0039409200   -0.0005366300   -0.0068872800
   0.0042579600   -0.0005284900   -0.0069508600
   0.0061091300   -0.0007391000   -0.0091921600
   0.0043355800   -0.0007945400   -0.0069005700
   0.0042049200   -0.0009925300   -0.0070300500
   0.0042583700   -0.0006123000   -0.0070127200
   0.0037369200   -0.0006222300   -0.0068454500
   0.0041861700   -0.0006121500   -0.0069100500
   0.0038932400   -0.0006771400   -0.0069189700
   0.0043561300   -0.0009051100   -0.0067060000
   0.0041087000   -0.0016368800   -0.0068339900
   0.0043224600   -0.0008747700   -0.0070444700
   0.0038991400   -0.0006551900   -0.0068927900
   0.0042335100   -0.0005422800   -0.0068459300
   0.0036656600   -0.0005917200   -0.0069760800
   0.0041912900   -0.0005824200   -0.0067795200
   0.0040922800   -0.0010016700   -0.0064484200
   0.0046403000   -0.0008260600   -0.0069133600
   0.0038660500   -0.0007197500   -0.0051376300
   0.0043322400   -0.0005408300   -0.0068013200
   0.0039626200   -0.0004854000   -0.0069036500
   0.0041898900   -0.0003513900   -0.0069687400
   0.0047417500   -0.0138034800    0.0027895100
  -0.0033816700    0.0006954700    0.0064727400
  -0.0040898800    0.0003286500    0.0069338900
  -0.0037631200    0.0004848300    0.0068941300
  -0.0041655300    0.0005105800    0.0067910400
  -0.0037872700    0.0013239200    0.0063974400
  -0.0031066400    0.0004192200    0.0062025000
  -0.0034784200    0.0006759800    0.0066188100
  -0.0041705000    0.0006166600    0.0068501600
  -0.0037153100    0.0006378300    0.0068804200
  -0.0036105400    0.0007217700    0.0068662700
  -0.0041927700    0.0006964200    0.0068224900
  -0.0041813400    0.0004200100    0.0071597900
  -0.0040214000    0.0010426300    0.0067696300
  -0.0042274500    0.0008684200    0.0068797900
  -0.0037614700    0.0007264000    0.0068827700
  -0.0038404700    0.0005888400    0.0069483200
  -0.0040415400    0.0005331200    0.0068997300
  -0.0040287200    0.0003645500    0.0070043500
  -0.0040202900    0.0012358900    0.0070435000
  -0.0043483400    0.0006796700    0.0069428200
  -0.0041603100    0.0003935500    0.0070015300
  -0.0037463200    0.0004467100    0.0069141900
  -0.0041342400    0.0003940500    0.0068469100
  -0.0041845400    0.0002153300    0.0068394000
  -0.0042070300   -0.0005386900    0.0078449600

1    
  0.0000000000000000   0.0000000000000000   0.0100000000000000
   0.0045808000    0.0001786900   -0.1139047300
   0.0014860800    0.0007923000   -0.0021068700
  -0.0002138400    0.0000356000   -0.0005440200
   0.0001922700    0.0000907300   -0.0005437500
  -0.0022300800   -0.0013734000   -0.0021051700
  -0.0022101900    0.0017191300   -0.0021070100
  -0.0010177900   -0.0027274600   -0.0040812500
  -0.0002515500   -0.0005453300   -0.0006196300
  -0.0000006300    0.0001413400   -0.0005479400
   0.0002978500    0.0001606900   -0.0003332000
   0.0001929000    0.0002322100   -0.0005436200
   0.0001313600    0.0003869100   -0.0006203500
  -0.0005517200    0.0001812900    0.0004787400
  -0.0003358800    0.0001646000   -0.0006969300
  -0.0000012400    0.0001831900   -0.0005485300
  -0.0002127800    0.0002914600   -0.0005444700
   0.0000622100    0.0002527600   -0.0005493700
   0.0001380100    0.0001625100   -0.0006983600
  -0.0005514100    0.0001526600    0.0004783300
  -0.0002438600    0.0008723000   -0.0006216500
   0.0014758600   -0.0004835400   -0.0021095200
  -0.0004590700    0.0001650900   -0.0003346000
   0.0000606900    0.0000723200   -0.0005492100
   0.0001295800   -0.0000618500   -0.0006194600
  -0.0009852800    0.0030606200   -0.0040820200
  -0.0023781300    0.0011142600    0.0102857900
  -0.0002867400    0.0001032000    0.0005278100
  -0.0000229300   -0.0000835600    0.0006892500
   0.0003299800    0.0000737100    0.0009914000
   0.0074364200   -0.0002011600    0.0176597300
   0.0002404200    0.0011073800    0.0014099200
  -0.0002768800   -0.0010749500    0.0004500800
   0.0000476000   -0.0001405600    0.0005879000
   0.0001327500   -0.0001635000    0.0006601900
   0.0003274100   -0.0004011000    0.0009915100
   0.0000781400   -0.0003914300    0.0007346400
   0.0002667000   -0.0004373000    0.0008715500
   0.0001199500   -0.0001647700    0.0003388400
   0.0000472900   -0.0001856900    0.0005878100
  -0.0000238400   -0.0002410900    0.0006886400
  -0.0001066200   -0.0002639600    0.0006390300
  -0.0000049000   -0.0001629100    0.0007626800
   0.0002698500    0.0001081000    0.0008701100
  -0.0002661200    0.0007511000    0.0004504300
  -0.0002887800   -0.0004257600    0.0005276600
  -0.0006764200   -0.0001583400    0.0014142000
  -0.0001061100   -0.0000598800    0.0006395000
   0.0000798400    0.0000649900    0.0007339300
   0.0002277800   -0.0014346900    0.0014063900
  -0.0023806000   -0.0014253700    0.0102625500
   0.0027816700    0.0301660400    0.0310755600
   0.0043254700   -0.0008248000   -0.0065797000
   0.0040102900   -0.0005473300   -0.0068669100
   0.0037823500   -0.0004492800   -0.0068436000
   0.0052655300   -0.0005598400   -0.0059044100
   0.0039652800   -0.0011607000   -0.0066395300
   0.0038907900    0.0002877200   -0.0075054600
   0.0040931600   -0.0005630400   -0.0068345600
   0.0041361600   -0.0006001700   -0.0069428500
   0.0038006800   -0.0006994400   -0.0068374900
   0.0040945800   -0.0006944100   -0.0068728800
   0.0039085200   -0.0007046400   -0.0068245100
   0.0040253400   -0.0006273300   -0.0072045600
   0.0041075700   -0.0006607700   -0.0068389400
   0.0040396000   -0.0006201600   -0.0068825500
   0.0043308200   -0.0005374900   -0.0068047100
   0.0039586500   -0.0005878800   -0.0069133500
   0.0038929700   -0.0005002900   -0.0068334000
   0.0038688800   -0.0014713300   -0.0075077200
   0.0043508400   -0.0003123700   -0.0065846000
   0.0027783800   -0.0005345900   -0.0055147400
   0.0043114600   -0.0005979600   -0.0067936300
   0.0040650500   -0.0004660300   -0.0068794400
   0.0039426100    0.0000208900   -0.0066519500
   0.0024548200   -0.0312625400    0.0310973600
  -0.0080710900    0.0005536700    0.0113703300
  -0.0041798000    0.0004652800    0.0068416200
  -0.0040524700    0.0005047100    0.0069072100
  -0.0039624700    0.0004507400    0.0068355800
  -0.0024530000    0.0002619000    0.0077565300
  -0.0024643300    0.0008171600    0.0077604700
  -0.0033759300    0.0004765500    0.0064044300
  -0.0040151900    0.0005243700    0.0069249400
  -0.0039919600    0.0005502400    0.0068884200
  -0.0037816300    0.0005589000    0.0067681000
  -0.0039922500    0.0006998700    0.0068515800
  -0.0041736900    0.0005005900    0.0068200500
  -0.0040226100    0.0008677500    0.0068578800
  -0.0040430200    0.0006075600    0.0068985200
  -0.0040114800    0.0006178700    0.0068822800
  -0.0040829900    0.0006548500    0.0069003500
  -0.0039981900    0.0006586700    0.0069046100
  -0.0039645200    0.0006184400    0.0069614900
  -0.0040326900    0.0003644200    0.0068561900
  -0.0040425200    0.0006550300    0.0069121300
  -0.0041954400    0.0006489700    0.0068327600
  -0.0040265500    0.0005717600    0.0069150900
  -0.0039794400    0.0005290200    0.0068935900
  -0.0041497400    0.0006860200    0.0068153500
  -0.0033868400    0.0006518500    0.0064021000

1    
  0.0000000000000000   0.0000000000000000  -0.0100000000000000
  -0.0044787000    0.0001461600    0.1123170600
  -0.0015541700   -0.0004652700    0.0009687900
   0.0001775500    0.0002882300   -0.0005843600
  -0.0002143900    0.0002386500   -0.0005840800
   0.0022247100    0.0016937300    0.0009705200
   0.0022041200   -0.0013890800    0.0009730200
   0.0009903000    0.0028268100    0.0029920800
   0.0002188700    0.0008629600   -0.0005072400
  -0.0000279400    0.0001841900   -0.0005787400
  -0.0003287900    0.0001649400   -0.0007951800
  -0.0002149900    0.0000890800   -0.0005841400
  -0.0001603800   -0.0000752600   -0.0005054400
   0.0005201600    0.0001240600   -0.0016039500
   0.0003080000    0.0001607900   -0.0004296100
  -0.0000273600    0.0001421600   -0.0005789200
   0.0001766100    0.0000347800   -0.0005850000
  -0.0000933200    0.0000721700   -0.0005797700
  -0.0001723500    0.0001625000   -0.0004310100
   0.0005201500    0.0001926100   -0.0016043600
   0.0002114400   -0.0005393300   -0.0005067600
  -0.0015439200    0.0008066300    0.0009704700
   0.0004297600    0.0001597500   -0.0007966100
  -0.0000917700    0.0002521200   -0.0005800200
  -0.0001572700    0.0004003300   -0.0005070400
   0.0009603100   -0.0025097400    0.0029913100
   0.0025914600   -0.0012370100   -0.0094853900
   0.0003207200   -0.0004140200    0.0005996800
   0.0000513000   -0.0002364100    0.0004390200
  -0.0003023300   -0.0003978900    0.0001295500
  -0.0078024700   -0.0001216900   -0.0170256300
  -0.0001896500   -0.0014965700   -0.0002821900
   0.0003114100    0.0007787800    0.0006745400
  -0.0000160000   -0.0001762500    0.0005396600
  -0.0001059800   -0.0001611700    0.0004677300
  -0.0002997600    0.0000755700    0.0001302200
  -0.0000518300    0.0000604000    0.0003936000
  -0.0002239500    0.0001070700    0.0002620700
  -0.0000859700   -0.0001607200    0.0007888400
  -0.0000150700   -0.0001475400    0.0005391500
   0.0000520500   -0.0000887900    0.0004396400
   0.0001380600   -0.0000661600    0.0004913700
   0.0000365600   -0.0001625100    0.0003668000
  -0.0002270300   -0.0004288300    0.0002625200
   0.0003005400   -0.0011053700    0.0006728000
   0.0003238400    0.0000861000    0.0005991500
   0.0007057300   -0.0001669600   -0.0002828300
   0.0001375900   -0.0002612300    0.0004909400
  -0.0000533700   -0.0003845600    0.0003931900
  -0.0001761200    0.0011736500   -0.0002801900
   0.0025914500    0.0008966900   -0.0094621800
   0.0053205200   -0.0298230200   -0.0439877700
   0.0037414700   -0.0003304200   -0.0071864000
   0.0040540300   -0.0006286100   -0.0069122400
   0.0043548000   -0.0006950900   -0.0069594400
   0.0029571700   -0.0005472000   -0.0078738100
   0.0042432800    0.0000051400   -0.0071351100
   0.0042713600   -0.0014626400   -0.0062618400
   0.0039926400   -0.0006711700   -0.0069325500
   0.0039652200   -0.0005995000   -0.0068583200
   0.0043753500   -0.0004607300   -0.0069531300
   0.0040802400   -0.0004656300   -0.0069197000
   0.0042809100   -0.0005069700   -0.0069581300
   0.0041219900   -0.0006260200   -0.0065638600
   0.0040080900   -0.0005510900   -0.0069370300
   0.0040839200   -0.0005396900   -0.0069280400
   0.0037695000   -0.0005832100   -0.0069949600
   0.0041772300   -0.0005885600   -0.0068917500
   0.0042636900   -0.0007007500   -0.0069670600
   0.0042703000    0.0002770500   -0.0062644200
   0.0037629400   -0.0008017700   -0.0071912600
   0.0052771900   -0.0005499600   -0.0082412300
   0.0037506200   -0.0005461900   -0.0069840900
   0.0040483400   -0.0006942900   -0.0069262100
   0.0042102000   -0.0011478700   -0.0071477300
   0.0056184700    0.0287400800   -0.0440130000
  -0.0000340200    0.0005118900    0.0023421100
  -0.0039806200    0.0006529300    0.0069603200
  -0.0040613700    0.0006515100    0.0068989500
  -0.0041011200    0.0006900500    0.0069437500
  -0.0056713200    0.0008250600    0.0059783700
  -0.0056903300    0.0002891000    0.0059831300
  -0.0047582600    0.0006588900    0.0073596700
  -0.0041418700    0.0006664500    0.0068738000
  -0.0041432600    0.0006239400    0.0069161900
  -0.0043199900    0.0005617500    0.0070348700
  -0.0041315000    0.0004625800    0.0069596900
  -0.0039373100    0.0007146300    0.0069553400
  -0.0041199100    0.0003771100    0.0069001000
  -0.0041449100    0.0006076800    0.0068812000
  -0.0041632700    0.0005454400    0.0069100400
  -0.0040932100    0.0005085000    0.0068919600
  -0.0041025500    0.0005431900    0.0068975500
  -0.0041180500    0.0006185000    0.0068051200
  -0.0041246700    0.0008554000    0.0068979800
  -0.0041712900    0.0005137300    0.0068608900
  -0.0039988100    0.0004601400    0.0069511000
  -0.0041122100    0.0005725200    0.0068904400
  -0.0040830600    0.0006455300    0.0068864300
  -0.0039142100    0.0004690500    0.0069501200
  -0.0047701500    0.0004839700    0.0073568700

51   
  0.0091822076694965   0.0039606896260929   0.0000000000000000
   0.0013082100    0.0127584200    0.0101666500
   0.0019378100    0.0003386400    0.0005153700
   0.0001560800    0.0000541800   -0.0007780700
  -0.0001151800    0.0000949700   -0.0005691900
   0.0005549800    0.0003991300   -0.0003962300
  -0.0000962600    0.0003302700   -0.0016842700
   0.0021846100    0.0167000900   -0.0139309600
   0.0002670300    0.0003328000   -0.0004589000
  -0.0001171000    0.0000504800   -0.0005115700
   0.0002204000    0.0000012300   -0.0003175100
   0.0002138700    0.0002699200   -0.0002983900
   0.0003327000   -0.0000713400   -0.0001966200
   0.0000552700    0.0006727100   -0.0011026100
   0.0002440100    0.0004766900   -0.0006953000
  -0.0004145800    0.0001709200   -0.0006658700
  -0.0001979400    0.0002798000   -0.0006033100
  -0.0001708500    0.0002568600   -0.0006010200
   0.0001678300    0.0002351900   -0.0005408900
   0.0000298600    0.0011696200   -0.0006120200
   0.0001028600    0.0001281800   -0.0007741600
   0.0000713500    0.0000064100   -0.0009216700
   0.0001220300    0.0002569200   -0.0008756300
  -0.0003310200    0.0001888100   -0.0004871700
   0.0002876500    0.0003474300   -0.0004969400
   0.0000694000    0.0004522700   -0.0003980200
   0.0007012900   -0.0003253900   -0.0031085500
  -0.0000356700   -0.0000268800    0.0004356000
   0.0002654400   -0.0001743300    0.0005396000
  -0.0001577200   -0.0001851200    0.0005797600
   0.0008242800    0.0002980800    0.0019201300
   0.0004212200   -0.0012970900    0.0021480000
   0.0005099500   -0.0004866700    0.0011639100
  -0.0001696800   -0.0003917100    0.0005955500
   0.0003309500   -0.0002919200    0.0006200300
   0.0004502100   -0.0003285400    0.0008102400
  -0.0000793700   -0.0001938500    0.0006762300
  -0.0000797800    0.0000898400    0.0004124400
   0.0000195200   -0.0006694600    0.0007054000
  -0.0001200600   -0.0004199200    0.0006115200
   0.0003731800   -0.0002344700    0.0006492500
   0.0003103100   -0.0000696100    0.0005987600
  -0.0000024000   -0.0001575600    0.0006352400
   0.0000354300    0.0000965500    0.0006342600
   0.0001132600   -0.0006957800    0.0005085400
  -0.0001329100   -0.0000453100    0.0006520700
  -0.0000028400    0.0000923500    0.0005118900
   0.0003417600   -0.0000410400    0.0006049200
  -0.0000572300    0.0000965300    0.0005886000
  -0.0001594600    0.0001495100    0.0005001100
  -0.0000125300    0.0011447200    0.0012300400
  -0.0086324500   -0.0352538300   -0.0047200900
   0.0051016400    0.0003174700   -0.0074919300
   0.0040180400   -0.0005805600   -0.0069061700
   0.0040486600   -0.0005484600   -0.0068776300
   0.0050822500    0.0003922900   -0.0062107000
   0.0045201900   -0.0010792600   -0.0065278800
   0.0040342400    0.0008850400   -0.0076820200
   0.0040317600   -0.0005991800   -0.0069791500
   0.0040992700   -0.0006254800   -0.0069237800
   0.0039406700   -0.0005724600   -0.0068629500
   0.0040662900   -0.0005912500   -0.0068889000
   0.0040695300   -0.0006199700   -0.0069229600
   0.0039667200   -0.0014799800   -0.0069176200
   0.0039340600   -0.0007095500   -0.0068699600
   0.0041166100   -0.0005767800   -0.0069211600
   0.0040219700   -0.0005551900   -0.0069069700
   0.0041270600   -0.0005921500   -0.0068871100
   0.0039554800   -0.0007038500   -0.0069043300
   0.0039133300   -0.0013120900   -0.0068235400
   0.0040136500   -0.0005223600   -0.0068511200
   0.0044456800   -0.0009813900   -0.0072225000
   0.0038800500   -0.0005652600   -0.0069191600
   0.0041038000   -0.0005989800   -0.0068755300
   0.0040492400   -0.0004957100   -0.0067781700
   0.0037264900    0.0016905500   -0.0060378400
  -0.0039395700    0.0007290800    0.0063305000
  -0.0041332300    0.0004481000    0.0068578500
  -0.0041404300    0.0005370300    0.0068892800
  -0.0039996700    0.0005089400    0.0068700900
  -0.0039928100    0.0002945400    0.0067417600
  -0.0040547900    0.0006702600    0.0071895300
  -0.0042515700    0.0000608100    0.0067234100
  -0.0039890000    0.0005984100    0.0068463700
  -0.0040949200    0.0006216800    0.0068863300
  -0.0040271100    0.0005797900    0.0069219700
  -0.0040033200    0.0006762800    0.0069475100
  -0.0037501800    0.0009319600    0.0069406400
  -0.0040131700    0.0008286500    0.0068015900
  -0.0040632100    0.0007419200    0.0068713000
  -0.0041910100    0.0006489000    0.0069079100
  -0.0041257600    0.0005897000    0.0069106300
  -0.0039807200    0.0006218500    0.0069104200
  -0.0039699500    0.0005659700    0.0069195800
  -0.0040312500    0.0008788300    0.0068889000
  -0.0041152700    0.0006239800    0.0069128000
  -0.0040534200    0.0004483400    0.0069036400
  -0.0041647100    0.0004996000    0.0069069100
  -0.0039328400    0.0005108500    0.0068898900
  -0.0040062900    0.0004249000    0.0068742800
  -0.0041801600    0.0004045400    0.0070768700

51   
 -0.0091822076694965  -0.0039606896260929   0.0000000000000000
  -0.0011333000   -0.0123873700   -0.0112530100
  -0.0020413500   -0.0000043800   -0.0015992900
  -0.0001756400    0.0002736100   -0.0003498100
   0.0000853000    0.0002321700   -0.0005612400
  -0.0006087600   -0.0000894600   -0.0007367300
   0.0001523400   -0.0000177200    0.0006042800
  -0.0024496300   -0.0163153600    0.0127294500
  -0.0002826300    0.0000157300   -0.0006760000
   0.0000867800    0.0002738100   -0.0006172900
  -0.0002591400    0.0003222300   -0.0008119400
  -0.0002516600    0.0000567400   -0.0008319000
  -0.0003703700    0.0004063800   -0.0009303400
  -0.0000888700   -0.0003445800   -0.0000414700
  -0.0002735500   -0.0001479100   -0.0004342700
   0.0003863000    0.0001545700   -0.0004654400
   0.0001701200    0.0000460800   -0.0005258800
   0.0001391200    0.0000666900   -0.0005284600
  -0.0001970600    0.0000897100   -0.0005887900
  -0.0000603600   -0.0008443500   -0.0005227600
  -0.0001343800    0.0001966300   -0.0003539400
  -0.0000953800    0.0003065600   -0.0002046200
  -0.0001437700    0.0000662300   -0.0002534100
   0.0002987800    0.0001368800   -0.0006438600
  -0.0003189100   -0.0000239300   -0.0006320900
  -0.0000916100   -0.0001354800   -0.0007418800
  -0.0006838800    0.0000064600    0.0042548300
   0.0000606400   -0.0002943500    0.0006929300
  -0.0002338400   -0.0001482400    0.0005896900
   0.0001865900   -0.0001453600    0.0005473200
  -0.0007944700   -0.0006441300   -0.0008117300
  -0.0003839000    0.0009769400   -0.0010230500
  -0.0004740700    0.0001635500   -0.0000330100
   0.0001999100    0.0000671300    0.0005356200
  -0.0003062700   -0.0000342300    0.0005104200
  -0.0004158800    0.0000041300    0.0003171700
   0.0001090000   -0.0001281600    0.0004544900
   0.0001078900   -0.0004111700    0.0007143900
   0.0000156300    0.0003531400    0.0004218700
   0.0001499200    0.0000967100    0.0005181200
  -0.0003474300   -0.0000884400    0.0004813000
  -0.0002787500   -0.0002571600    0.0005315300
   0.0000361800   -0.0001659100    0.0004937900
  -0.0000039000   -0.0004174300    0.0004934100
  -0.0000773200    0.0003677300    0.0006186700
   0.0001654500   -0.0002806000    0.0004779900
   0.0000290600   -0.0004211900    0.0006177900
  -0.0003109700   -0.0002854500    0.0005266600
   0.0000908100   -0.0004219000    0.0005397200
   0.0001886700   -0.0004650300    0.0006305200
   0.0000418800   -0.0014803600   -0.0001066100
   0.0168063000    0.0340290700   -0.0090630700
   0.0030166700   -0.0014564900   -0.0062801200
   0.0040449200   -0.0005956400   -0.0068733100
   0.0040897400   -0.0005964300   -0.0069267900
   0.0030566800   -0.0015194900   -0.0075778500
   0.0036734700   -0.0000741200   -0.0072429200
   0.0041199300   -0.0021169700   -0.0060653200
   0.0040529900   -0.0006387900   -0.0067864600
   0.0040012800   -0.0005737900   -0.0068774000
   0.0042394900   -0.0005867400   -0.0069318100
   0.0041090600   -0.0005688800   -0.0069037200
   0.0041197400   -0.0005947600   -0.0068576900
   0.0041778800    0.0002254500   -0.0068401100
   0.0041806700   -0.0004990500   -0.0069047700
   0.0040051500   -0.0005819200   -0.0068893900
   0.0040789000   -0.0005656500   -0.0068938500
   0.0040099400   -0.0005841500   -0.0069176200
   0.0042021100   -0.0004933800   -0.0068940900
   0.0042266900    0.0001564200   -0.0069350400
   0.0041021900   -0.0005860200   -0.0069236900
   0.0036584000   -0.0001140100   -0.0065420400
   0.0041788800   -0.0005795700   -0.0068622800
   0.0040115900   -0.0005606800   -0.0069299900
   0.0041088800   -0.0006243900   -0.0070195800
   0.0044291600   -0.0027417600   -0.0077130200
  -0.0042095100    0.0003347000    0.0074334800
  -0.0040258900    0.0006731000    0.0069403900
  -0.0039752300    0.0006227000    0.0069161800
  -0.0040641500    0.0006364200    0.0069090000
  -0.0040933300    0.0007935800    0.0070205200
  -0.0040588500    0.0004376600    0.0065913400
  -0.0038868800    0.0010988700    0.0070355700
  -0.0041675300    0.0005985200    0.0069516900
  -0.0040403500    0.0005546400    0.0069182800
  -0.0040715300    0.0005412100    0.0068784500
  -0.0041172900    0.0004826700    0.0068632500
  -0.0043614100    0.0002785000    0.0068334900
  -0.0041328700    0.0004234000    0.0069626600
  -0.0041263500    0.0004731600    0.0069095600
  -0.0039817200    0.0005121200    0.0068845300
  -0.0040502700    0.0005706800    0.0068809000
  -0.0041210500    0.0005770000    0.0068911000
  -0.0041149900    0.0006700100    0.0068467100
  -0.0041297500    0.0003308600    0.0068685500
  -0.0040978100    0.0005374700    0.0068600600
  -0.0041387700    0.0006590700    0.0068759600
  -0.0039739300    0.0006448900    0.0068972300
  -0.0041312500    0.0006656500    0.0068890300
  -0.0040610900    0.0007330100    0.0068900400
  -0.0039822200    0.0007117000    0.0066808200

51   
 -0.0091396005886348   0.0040580415325902   0.0000000000000000
  -0.0022840100    0.0166698200    0.0127258000
  -0.0020385600    0.0003507800   -0.0015994300
  -0.0001440700    0.0002603400   -0.0002528800
   0.0001404800    0.0002572200   -0.0005282900
  -0.0003732600   -0.0000783300   -0.0009309900
   0.0001560500    0.0003415300    0.0006051300
  -0.0010017200    0.0127430900   -0.0112676800
  -0.0000977000    0.0000180700   -0.0002032100
   0.0001718800    0.0002774800   -0.0005255400
  -0.0002520200    0.0002711100   -0.0008319000
  -0.0002594500    0.0000058700   -0.0008119500
  -0.0006049300    0.0004193800   -0.0007355500
  -0.0000886000    0.0004622700   -0.0007409000
  -0.0001349700    0.0001301100   -0.0003536900
   0.0003861500    0.0001659900   -0.0004656300
   0.0000848100    0.0000509100   -0.0006177600
   0.0000840400    0.0000924800   -0.0005612500
  -0.0003172100    0.0003516600   -0.0006322000
  -0.0000498600    0.0011708400   -0.0005234800
  -0.0002700800    0.0004754500   -0.0004349800
  -0.0002797600    0.0003102800   -0.0006773800
  -0.0001755900    0.0000534400   -0.0003499200
   0.0002989000    0.0001841700   -0.0006437600
  -0.0001961800    0.0002373300   -0.0005888700
  -0.0000836000    0.0006720200   -0.0000433200
  -0.0006855800   -0.0003245000    0.0042544300
   0.0000315700    0.0000965200    0.0006178700
  -0.0002783300   -0.0000648600    0.0005313500
   0.0001082900   -0.0001980000    0.0004530700
  -0.0003949500   -0.0012979100   -0.0010226600
  -0.0007905600    0.0003275500   -0.0008125200
   0.0000557000    0.0011549200   -0.0001065900
   0.0001663500   -0.0000468700    0.0004786600
  -0.0003486800   -0.0002327000    0.0004811900
  -0.0004177400   -0.0003233600    0.0003171400
   0.0001864000   -0.0001820900    0.0005484600
   0.0001908200    0.0001386100    0.0006304000
  -0.0000827500   -0.0006922300    0.0006190500
   0.0001470900   -0.0004240800    0.0005182600
  -0.0003071700   -0.0002873400    0.0005106000
  -0.0002335100   -0.0001742600    0.0005896500
   0.0000934600    0.0000957200    0.0005400900
  -0.0000010200    0.0000923300    0.0004936800
   0.0000097200   -0.0006786300    0.0004217000
   0.0001975600   -0.0003938500    0.0005351200
   0.0000619700   -0.0000303100    0.0006924200
  -0.0003096400   -0.0000366000    0.0005265100
   0.0000363100   -0.0001592300    0.0004933800
   0.0001115400    0.0000855000    0.0007146100
  -0.0004773100   -0.0004829800   -0.0000329800
   0.0164519500   -0.0353063600   -0.0090422700
   0.0036441700   -0.0010061500   -0.0065408800
   0.0040606400   -0.0005831800   -0.0068832100
   0.0040902900   -0.0005838600   -0.0069095300
   0.0036557600   -0.0010570800   -0.0072469900
   0.0030802100    0.0003952700   -0.0075736700
   0.0044584300    0.0016014800   -0.0077123000
   0.0040876400   -0.0005869000   -0.0069194900
   0.0039945800   -0.0005966100   -0.0068848100
   0.0042394700   -0.0005749300   -0.0069318500
   0.0041085000   -0.0005563600   -0.0069209800
   0.0041250800   -0.0005431100   -0.0070112500
   0.0042230300   -0.0013644300   -0.0069346600
   0.0041795000   -0.0007112300   -0.0069047300
   0.0040115200   -0.0006048400   -0.0068820500
   0.0040632000   -0.0005530900   -0.0068839800
   0.0040223000   -0.0006066500   -0.0069295600
   0.0042009300   -0.0007053000   -0.0068941700
   0.0041653100   -0.0014328900   -0.0068405600
   0.0040678000   -0.0005331000   -0.0067906300
   0.0030365600    0.0003436000   -0.0062816500
   0.0041788600   -0.0005660500   -0.0068622800
   0.0039987900   -0.0005830300   -0.0069180200
   0.0041037000   -0.0005733600   -0.0068661800
   0.0041282500    0.0009801200   -0.0060662700
  -0.0038963500    0.0000112300    0.0070343500
  -0.0040271000    0.0004468000    0.0069403400
  -0.0039625800    0.0005060400    0.0068978600
  -0.0041015800    0.0005958400    0.0068797800
  -0.0043432900    0.0008718600    0.0068290900
  -0.0040577700    0.0006708100    0.0065915600
  -0.0042036900    0.0007788300    0.0074345800
  -0.0041223000    0.0004936900    0.0068852100
  -0.0040297800    0.0005974100    0.0068873200
  -0.0041049300    0.0006577400    0.0068581800
  -0.0040827500    0.0005990100    0.0068833900
  -0.0041107100    0.0003537500    0.0070249400
  -0.0039769300    0.0004707600    0.0066826100
  -0.0040853900    0.0006516400    0.0068638900
  -0.0039811200    0.0006480400    0.0068845100
  -0.0040605500    0.0006135800    0.0069118100
  -0.0040842900    0.0005362600    0.0069202800
  -0.0040712300    0.0004665900    0.0068905500
  -0.0041270100    0.0008814400    0.0068686200
  -0.0041372200    0.0007160700    0.0069058500
  -0.0041851500    0.0005545000    0.0069423400
  -0.0039879500    0.0005283700    0.0069155200
  -0.0041321100    0.0005122400    0.0068890500
  -0.0041072600    0.0005302200    0.0068461100
  -0.0041377200    0.0007606400    0.0069609600

51   
  0.0091396005886348  -0.0040580415325902   0.0000000000000000
   0.0020184400   -0.0164026100   -0.0139286000
   0.0019347300   -0.0000343300    0.0005155100
   0.0001220800    0.0000666700   -0.0008758600
  -0.0001722700    0.0000697600   -0.0006012900
   0.0003360400    0.0003938500   -0.0001966100
  -0.0000999300   -0.0000042200   -0.0016851300
   0.0011762300   -0.0124658400    0.0101815100
   0.0000736700    0.0003195000   -0.0009221300
  -0.0001998300    0.0000470900   -0.0006029200
   0.0002139800    0.0000532600   -0.0002983700
   0.0002207000    0.0003217100   -0.0003175600
   0.0005505100   -0.0000783300   -0.0003968000
   0.0000663100   -0.0001283000   -0.0003982700
   0.0001031200    0.0001958300   -0.0007738900
  -0.0004145800    0.0001596500   -0.0006657000
  -0.0001152600    0.0002752900   -0.0005118800
  -0.0001141300    0.0002308900   -0.0005691100
   0.0002853400   -0.0000247400   -0.0004967900
   0.0000192300   -0.0008455500   -0.0006113300
   0.0002405700   -0.0001535100   -0.0006951700
   0.0002637400   -0.0000083500   -0.0004585000
   0.0001559900    0.0002688900   -0.0007782900
  -0.0003312900    0.0001398100   -0.0004872900
   0.0001673100    0.0000881600   -0.0005409000
   0.0000498800   -0.0003493400   -0.0011015700
   0.0007027800   -0.0000065100   -0.0031081400
  -0.0000059700   -0.0004179600    0.0005119000
   0.0003097800   -0.0002585100    0.0005990300
  -0.0000788400   -0.0001300800    0.0006768800
   0.0004322800    0.0009681400    0.0021470800
   0.0008202500   -0.0006313200    0.0019214900
  -0.0000265000   -0.0014690600    0.0012308400
  -0.0001346800   -0.0002773100    0.0006520500
   0.0003744300   -0.0000938900    0.0006493400
   0.0004519200   -0.0000017300    0.0008102700
  -0.0001575900   -0.0001375200    0.0005794200
  -0.0001618500   -0.0004730900    0.0005012200
   0.0001184700    0.0003698500    0.0005088200
  -0.0001173900    0.0000976300    0.0006113900
   0.0003315800   -0.0000359800    0.0006198800
   0.0002649400   -0.0001533100    0.0005395600
  -0.0000601500   -0.0004207700    0.0005885600
   0.0000323800   -0.0004221600    0.0006339900
   0.0000253200    0.0003445300    0.0007049400
  -0.0001667300    0.0000683700    0.0005954200
  -0.0000366500   -0.0002987300    0.0004360300
   0.0003403100   -0.0002879700    0.0006050800
  -0.0000025400   -0.0001677200    0.0006353300
  -0.0000836000   -0.0004141700    0.0004112400
   0.0005131500    0.0001562600    0.0011631100
  -0.0082639100    0.0342829800   -0.0047394400
   0.0044433200   -0.0001443800   -0.0072226100
   0.0040028500   -0.0005931600   -0.0068962600
   0.0040470200   -0.0005611200   -0.0068948500
   0.0045158300   -0.0000581400   -0.0065308000
   0.0050806900   -0.0015363200   -0.0062079000
   0.0037105000   -0.0028273300   -0.0060348900
   0.0039984000   -0.0006495700   -0.0068466900
   0.0041060900   -0.0006031500   -0.0069165200
   0.0039405300   -0.0005861900   -0.0068629100
   0.0040676600   -0.0006038600   -0.0068716800
   0.0040645000   -0.0006722500   -0.0067693100
   0.0039244900    0.0001091200   -0.0068228600
   0.0039350800   -0.0004981000   -0.0068700000
   0.0041098300   -0.0005543600   -0.0069283500
   0.0040368700   -0.0005678900   -0.0069168500
   0.0041148100   -0.0005692500   -0.0068751200
   0.0039565200   -0.0004921300   -0.0069042500
   0.0039714900    0.0002765000   -0.0069182100
   0.0040464900   -0.0005737800   -0.0069836200
   0.0050978900   -0.0014508500   -0.0074914500
   0.0038799400   -0.0005772800   -0.0069191600
   0.0041162100   -0.0005762400   -0.0068875500
   0.0040538200   -0.0005473800   -0.0069316600
   0.0040124600   -0.0020250300   -0.0076847500
  -0.0042513100    0.0010529500    0.0067234400
  -0.0041321700    0.0006731500    0.0068578900
  -0.0041527000    0.0006533100    0.0069076100
  -0.0039610600    0.0005494200    0.0068989900
  -0.0037379200    0.0002116500    0.0069361500
  -0.0040560000    0.0004377000    0.0071893100
  -0.0039364700    0.0003812600    0.0063305800
  -0.0040350300    0.0007034200    0.0069130700
  -0.0041058300    0.0005791100    0.0069171300
  -0.0039938500    0.0004631700    0.0069425100
  -0.0040380100    0.0005598400    0.0069270800
  -0.0040061200    0.0008521600    0.0067462200
  -0.0041702800    0.0007800200    0.0070791600
  -0.0041037600    0.0005645000    0.0069168000
  -0.0041917600    0.0005132200    0.0069079300
  -0.0041154200    0.0005469900    0.0068798700
  -0.0040189100    0.0006624900    0.0068815400
  -0.0040134800    0.0007739300    0.0068748700
  -0.0040341000    0.0003318300    0.0068888300
  -0.0040765500    0.0004464400    0.0068671700
  -0.0040064900    0.0005530800    0.0068370200
  -0.0041513500    0.0006157600    0.0068886000
  -0.0039321200    0.0006649900    0.0068898700
  -0.0039605800    0.0006322200    0.0069190600
  -0.0040237700    0.0003543100    0.0067991900

51   
  0.0000000000000000   0.0000000000000000   0.0100000000000000
  -0.0004687300    0.0251450900    0.0366347200
  -0.0025307400    0.0001760100    0.0004203200
  -0.0000507500    0.0002066900   -0.0005062800
  -0.0000065400    0.0001759100   -0.0005425600
  -0.0000584200    0.0002043100   -0.0002625700
   0.0018756900    0.0001524000    0.0007977200
  -0.0007264600   -0.0248384500    0.0366582700
  -0.0000587900    0.0002343800   -0.0003174600
  -0.0000283400    0.0001360700   -0.0005414400
   0.0000620100    0.0001213300   -0.0004697300
   0.0000623200    0.0002031800   -0.0004698400
  -0.0000587700    0.0001213800   -0.0002622900
   0.0001361300   -0.0005702000   -0.0011884000
   0.0001512400    0.0002436200   -0.0004981200
  -0.0000947700    0.0001631800   -0.0005758500
  -0.0000279900    0.0001892100   -0.0005417900
  -0.0000067900    0.0001491900   -0.0005424400
  -0.0001704000    0.0001957600   -0.0005159100
   0.0000351000    0.0001621300   -0.0008833200
   0.0001502400    0.0000800200   -0.0004984100
  -0.0000601800    0.0000913100   -0.0003180500
  -0.0000510200    0.0001187900   -0.0005065400
   0.0000466900    0.0001620000   -0.0006071900
  -0.0001706400    0.0001307900   -0.0005160000
   0.0001438000    0.0008940200   -0.0011889400
  -0.0004247100   -0.0001595900    0.0050684200
   0.0000957700   -0.0000676100    0.0005047600
   0.0000387300   -0.0000867100    0.0005683100
  -0.0000826700   -0.0001425600    0.0005094600
  -0.0006242400   -0.0004146900    0.0014453600
  -0.0006220600    0.0000961900    0.0014452400
   0.0004047300    0.0013606600    0.0000872500
   0.0000206700   -0.0000323500    0.0005900300
  -0.0000043500   -0.0001516400    0.0005503500
  -0.0000225600   -0.0001621400    0.0004307500
  -0.0000828900   -0.0001816100    0.0005099100
   0.0001375700   -0.0005593700    0.0004950100
   0.0000478100    0.0001804500    0.0005421700
   0.0000047800   -0.0001626600    0.0005726900
  -0.0000045300   -0.0001730600    0.0005504000
   0.0000379200   -0.0002386600    0.0005683800
  -0.0000088700   -0.0002144500    0.0005670700
   0.0001484200   -0.0001633600    0.0006415600
   0.0000441500   -0.0005065000    0.0005420600
   0.0000196400   -0.0002928300    0.0005897900
   0.0000948300   -0.0002581400    0.0005049000
   0.0000277600   -0.0001628800    0.0005764500
  -0.0000081300   -0.0001106500    0.0005669400
   0.0001417400    0.0002330100    0.0004947500
   0.0003881900   -0.0016885700    0.0000870900
   0.0063918000   -0.0005457300   -0.0875070100
   0.0046012400   -0.0001790300   -0.0072900200
   0.0040490500   -0.0005670200   -0.0069165100
   0.0040563200   -0.0005845300   -0.0069289900
   0.0035797700   -0.0008801400   -0.0072975400
   0.0035950600   -0.0002493200   -0.0072935300
   0.0041062100    0.0014259100   -0.0071333200
   0.0040910600   -0.0004279800   -0.0070046800
   0.0040740300   -0.0005850500   -0.0069213700
   0.0040569500   -0.0005799400   -0.0069777400
   0.0040753900   -0.0005680300   -0.0069231600
   0.0040631300   -0.0004420700   -0.0070119700
   0.0040827200   -0.0005074800   -0.0069241100
   0.0040514600   -0.0006045900   -0.0069357800
   0.0040843500   -0.0005944800   -0.0069260300
   0.0040675000   -0.0005818400   -0.0069271800
   0.0040467000   -0.0005789900   -0.0069231000
   0.0040977400   -0.0005987500   -0.0069476700
   0.0040777400   -0.0006982700   -0.0069246400
   0.0041040700   -0.0007452300   -0.0070089400
   0.0046045500   -0.0009497900   -0.0072900700
   0.0040689600   -0.0005723400   -0.0069711500
   0.0040356700   -0.0005887400   -0.0069234900
   0.0040457100   -0.0007253600   -0.0070206200
   0.0040789300   -0.0025649200   -0.0071351500
  -0.0044606000    0.0000393700    0.0076068900
  -0.0041237800    0.0005604300    0.0068404100
  -0.0040618400    0.0005570000    0.0069060000
  -0.0040365500    0.0005362000    0.0069024800
  -0.0040919800    0.0003032300    0.0067939000
  -0.0037290600    0.0005526000    0.0077611400
  -0.0044514300    0.0010764300    0.0076081200
  -0.0041000700    0.0005159700    0.0068926900
  -0.0040688600    0.0005499500    0.0068954800
  -0.0040156000    0.0005349400    0.0068669800
  -0.0040263000    0.0006044200    0.0068719200
  -0.0041046600    0.0008442500    0.0067983700
  -0.0040113900    0.0002788800    0.0068875500
  -0.0040915500    0.0005509200    0.0068833100
  -0.0040751900    0.0005804500    0.0068834500
  -0.0040887500    0.0006183800    0.0068889500
  -0.0040557200    0.0006358000    0.0069137700
  -0.0040265600    0.0006736300    0.0068986300
  -0.0040688300    0.0006057300    0.0068417200
  -0.0041031400    0.0006379100    0.0068793800
  -0.0041167300    0.0006363300    0.0068833800
  -0.0040733800    0.0005948600    0.0069052700
  -0.0040314900    0.0005884100    0.0069031700
  -0.0040185400    0.0005252500    0.0068981000
  -0.0040156800    0.0009040100    0.0068856900

51   
  0.0000000000000000   0.0000000000000000  -0.0100000000000000
   0.0004830500   -0.0260753500   -0.0384270400
   0.0025165400    0.0001488200   -0.0015486200
   0.0000196600    0.0001185500   -0.0006217400
  -0.0000228300    0.0001497200   -0.0005875300
   0.0000288300    0.0001248700   -0.0008689500
  -0.0019227500    0.0001730300   -0.0019282800
   0.0007536000    0.0264191400   -0.0384505100
   0.0000270100    0.0000891200   -0.0008129100
  -0.0000020600    0.0001897500   -0.0005878500
  -0.0000902500    0.0002044100   -0.0006598300
  -0.0000904700    0.0001219600   -0.0006597400
   0.0000284500    0.0001998400   -0.0008686200
  -0.0001675600    0.0008922300    0.0000552600
  -0.0001840600    0.0000814100   -0.0006314600
   0.0000640900    0.0001623600   -0.0005538900
  -0.0000024400    0.0001353600   -0.0005882400
  -0.0000226500    0.0001755600   -0.0005875600
   0.0001404500    0.0001283300   -0.0006136400
  -0.0000665600    0.0001631200   -0.0002422500
  -0.0001828600    0.0002456300   -0.0006317000
   0.0000284300    0.0002356700   -0.0008132800
   0.0000200700    0.0002061000   -0.0006218000
  -0.0000757600    0.0001627600   -0.0005222900
   0.0001411900    0.0001954200   -0.0006136300
  -0.0001751500   -0.0005653200    0.0000550300
   0.0004763600   -0.0001656200   -0.0039598900
  -0.0000651200   -0.0002583900    0.0006238700
  -0.0000092500   -0.0002388200    0.0005604600
   0.0001136100   -0.0001827700    0.0006180700
   0.0006493400    0.0000665600   -0.0003324700
   0.0006472200   -0.0003979800   -0.0003317600
  -0.0003795800   -0.0016950800    0.0010430700
   0.0000102900   -0.0002946000    0.0005393100
   0.0000345800   -0.0001731200    0.0005785300
   0.0000515400   -0.0001626500    0.0006979700
   0.0001138600   -0.0001432800    0.0006184400
  -0.0001071300    0.0002334300    0.0006307200
  -0.0000145700   -0.0005039800    0.0005848100
   0.0000270800   -0.0001622700    0.0005557500
   0.0000346100   -0.0001518800    0.0005785600
  -0.0000084500   -0.0000859900    0.0005603700
   0.0000387900   -0.0001098100    0.0005604000
  -0.0001162300   -0.0001620100    0.0004855600
  -0.0000108000    0.0001795400    0.0005842700
   0.0000120700   -0.0000303900    0.0005389600
  -0.0000636600   -0.0000662400    0.0006236600
   0.0000020800   -0.0001626700    0.0005522100
   0.0000381800   -0.0002155400    0.0005601800
  -0.0001112800   -0.0005571800    0.0006299500
  -0.0003628200    0.0013731700    0.0010424300
   0.0016686700   -0.0005739400    0.0751893400
   0.0034598600   -0.0009847000   -0.0064772300
   0.0040140100   -0.0006097600   -0.0068633300
   0.0040815300   -0.0005599200   -0.0068758400
   0.0046168000   -0.0002246100   -0.0064847100
   0.0046233000   -0.0009148500   -0.0064817400
   0.0040534700   -0.0026813700   -0.0066112900
   0.0039930200   -0.0008101600   -0.0067610900
   0.0040275500   -0.0006146800   -0.0068806000
   0.0041190600   -0.0005802400   -0.0068146600
   0.0041003600   -0.0005927200   -0.0068699900
   0.0041271400   -0.0007735800   -0.0067685300
   0.0040630100   -0.0007433200   -0.0068367700
   0.0040625800   -0.0006044200   -0.0068394100
   0.0040381700   -0.0005643500   -0.0068852200
   0.0040327900   -0.0005386700   -0.0068740600
   0.0040892400   -0.0005973200   -0.0068822900
   0.0040598200   -0.0005986300   -0.0068512800
   0.0040603000   -0.0004619900   -0.0068373000
   0.0040096900   -0.0003615600   -0.0067655000
   0.0034731800   -0.0001322700   -0.0064782400
   0.0039938000   -0.0005718100   -0.0068080700
   0.0040784200   -0.0005706200   -0.0068827100
   0.0041129500   -0.0003945600   -0.0067770300
   0.0040676500    0.0015433500   -0.0066131300
  -0.0036835900    0.0010231400    0.0061493500
  -0.0040336800    0.0005600800    0.0069560200
  -0.0040522000    0.0006026900    0.0068988100
  -0.0040253900    0.0006086800    0.0068754200
  -0.0039956700    0.0007840300    0.0069695800
  -0.0043817200    0.0005555500    0.0060167000
  -0.0036836900    0.0000847800    0.0061493200
  -0.0040568700    0.0006818700    0.0069047500
  -0.0040672500    0.0006270200    0.0069085800
  -0.0040850800    0.0005862400    0.0069325700
  -0.0040963600    0.0005541900    0.0069376400
  -0.0040135400    0.0003624200    0.0069739600
  -0.0041361900    0.0009749600    0.0068727200
  -0.0040989200    0.0006647100    0.0068966100
  -0.0041007000    0.0005806500    0.0069083600
  -0.0040879200    0.0005414600    0.0069020800
  -0.0040454800    0.0005633200    0.0068868000
  -0.0040583500    0.0005633300    0.0068660500
  -0.0040909600    0.0006057000    0.0069156700
  -0.0041114000    0.0005239500    0.0068926400
  -0.0040752000    0.0004702600    0.0068953000
  -0.0040641700    0.0005491900    0.0068981500
  -0.0040323800    0.0005884000    0.0068752400
  -0.0040491500    0.0006361200    0.0068655200
  -0.0041472200    0.0002090700    0.0068704800
