Automatically generated mesh
     297
Reciprocal lattice
    0.00000000000000    0.00000000000000    0.00000000000000             1
    0.05882352941177    0.00000000000000    0.00000000000000             6
    0.11764705882353    0.00000000000000    0.00000000000000             6
    0.17647058823530    0.00000000000000    0.00000000000000             6
    0.23529411764706    0.00000000000000    0.00000000000000             6
    0.29411764705883    0.00000000000000    0.00000000000000             6
    0.35294117647059    0.00000000000000    0.00000000000000             6
    0.41176470588236    0.00000000000000    0.00000000000000             6
    0.47058823529412    0.00000000000000    0.00000000000000             6
    0.05882352941177    0.05882352941177    0.00000000000000             6
    0.11764705882353    0.05882352941177    0.00000000000000            12
    0.17647058823530    0.05882352941177    0.00000000000000            12
    0.23529411764706    0.05882352941177    0.00000000000000            12
    0.29411764705883    0.05882352941177    0.00000000000000            12
    0.35294117647059    0.05882352941177    0.00000000000000            12
    0.41176470588236    0.05882352941177    0.00000000000000            12
    0.47058823529412    0.05882352941177    0.00000000000000             6
    0.11764705882353    0.11764705882353    0.00000000000000             6
    0.17647058823530    0.11764705882353    0.00000000000000            12
    0.23529411764706    0.11764705882353    0.00000000000000            12
    0.29411764705883    0.11764705882353    0.00000000000000            12
    0.35294117647059    0.11764705882353    0.00000000000000            12
    0.41176470588236    0.11764705882353    0.00000000000000            12
    0.17647058823530    0.17647058823530    0.00000000000000             6
    0.23529411764706    0.17647058823530    0.00000000000000            12
    0.29411764705883    0.17647058823530    0.00000000000000            12
    0.35294117647059    0.17647058823530    0.00000000000000            12
    0.41176470588236    0.17647058823530    0.00000000000000             6
    0.23529411764706    0.23529411764706    0.00000000000000             6
    0.29411764705883    0.23529411764706    0.00000000000000            12
    0.35294117647059    0.23529411764706    0.00000000000000            12
    0.29411764705883    0.29411764705883    0.00000000000000             6
    0.35294117647059    0.29411764705883    0.00000000000000             6
    0.00000000000000    0.00000000000000    0.05882352941177             2
    0.05882352941177    0.00000000000000    0.05882352941177            12
    0.11764705882353    0.00000000000000    0.05882352941177            12
    0.17647058823530    0.00000000000000    0.05882352941177            12
    0.23529411764706    0.00000000000000    0.05882352941177            12
    0.29411764705883    0.00000000000000    0.05882352941177            12
    0.35294117647059    0.00000000000000    0.05882352941177            12
    0.41176470588236    0.00000000000000    0.05882352941177            12
    0.47058823529412    0.00000000000000    0.05882352941177            12
    0.05882352941177    0.05882352941177    0.05882352941177            12
    0.11764705882353    0.05882352941177    0.05882352941177            24
    0.17647058823530    0.05882352941177    0.05882352941177            24
    0.23529411764706    0.05882352941177    0.05882352941177            24
    0.29411764705883    0.05882352941177    0.05882352941177            24
    0.35294117647059    0.05882352941177    0.05882352941177            24
    0.41176470588236    0.05882352941177    0.05882352941177            24
    0.47058823529412    0.05882352941177    0.05882352941177            12
    0.11764705882353    0.11764705882353    0.05882352941177            12
    0.17647058823530    0.11764705882353    0.05882352941177            24
    0.23529411764706    0.11764705882353    0.05882352941177            24
    0.29411764705883    0.11764705882353    0.05882352941177            24
    0.35294117647059    0.11764705882353    0.05882352941177            24
    0.41176470588236    0.11764705882353    0.05882352941177            24
    0.17647058823530    0.17647058823530    0.05882352941177            12
    0.23529411764706    0.17647058823530    0.05882352941177            24
    0.29411764705883    0.17647058823530    0.05882352941177            24
    0.35294117647059    0.17647058823530    0.05882352941177            24
    0.41176470588236    0.17647058823530    0.05882352941177            12
    0.23529411764706    0.23529411764706    0.05882352941177            12
    0.29411764705883    0.23529411764706    0.05882352941177            24
    0.35294117647059    0.23529411764706    0.05882352941177            24
    0.29411764705883    0.29411764705883    0.05882352941177            12
    0.35294117647059    0.29411764705883    0.05882352941177            12
    0.00000000000000    0.00000000000000    0.11764705882353             2
    0.05882352941177    0.00000000000000    0.11764705882353            12
    0.11764705882353    0.00000000000000    0.11764705882353            12
    0.17647058823530    0.00000000000000    0.11764705882353            12
    0.23529411764706    0.00000000000000    0.11764705882353            12
    0.29411764705883    0.00000000000000    0.11764705882353            12
    0.35294117647059    0.00000000000000    0.11764705882353            12
    0.41176470588236    0.00000000000000    0.11764705882353            12
    0.47058823529412    0.00000000000000    0.11764705882353            12
    0.05882352941177    0.05882352941177    0.11764705882353            12
    0.11764705882353    0.05882352941177    0.11764705882353            24
    0.17647058823530    0.05882352941177    0.11764705882353            24
    0.23529411764706    0.05882352941177    0.11764705882353            24
    0.29411764705883    0.05882352941177    0.11764705882353            24
    0.35294117647059    0.05882352941177    0.11764705882353            24
    0.41176470588236    0.05882352941177    0.11764705882353            24
    0.47058823529412    0.05882352941177    0.11764705882353            12
    0.11764705882353    0.11764705882353    0.11764705882353            12
    0.17647058823530    0.11764705882353    0.11764705882353            24
    0.23529411764706    0.11764705882353    0.11764705882353            24
    0.29411764705883    0.11764705882353    0.11764705882353            24
    0.35294117647059    0.11764705882353    0.11764705882353            24
    0.41176470588236    0.11764705882353    0.11764705882353            24
    0.17647058823530    0.17647058823530    0.11764705882353            12
    0.23529411764706    0.17647058823530    0.11764705882353            24
    0.29411764705883    0.17647058823530    0.11764705882353            24
    0.35294117647059    0.17647058823530    0.11764705882353            24
    0.41176470588236    0.17647058823530    0.11764705882353            12
    0.23529411764706    0.23529411764706    0.11764705882353            12
    0.29411764705883    0.23529411764706    0.11764705882353            24
    0.35294117647059    0.23529411764706    0.11764705882353            24
    0.29411764705883    0.29411764705883    0.11764705882353            12
    0.35294117647059    0.29411764705883    0.11764705882353            12
    0.00000000000000    0.00000000000000    0.17647058823530             2
    0.05882352941177    0.00000000000000    0.17647058823530            12
    0.11764705882353    0.00000000000000    0.17647058823530            12
    0.17647058823530    0.00000000000000    0.17647058823530            12
    0.23529411764706    0.00000000000000    0.17647058823530            12
    0.29411764705883    0.00000000000000    0.17647058823530            12
    0.35294117647059    0.00000000000000    0.17647058823530            12
    0.41176470588236    0.00000000000000    0.17647058823530            12
    0.47058823529412    0.00000000000000    0.17647058823530            12
    0.05882352941177    0.05882352941177    0.17647058823530            12
    0.11764705882353    0.05882352941177    0.17647058823530            24
    0.17647058823530    0.05882352941177    0.17647058823530            24
    0.23529411764706    0.05882352941177    0.17647058823530            24
    0.29411764705883    0.05882352941177    0.17647058823530            24
    0.35294117647059    0.05882352941177    0.17647058823530            24
    0.41176470588236    0.05882352941177    0.17647058823530            24
    0.47058823529412    0.05882352941177    0.17647058823530            12
    0.11764705882353    0.11764705882353    0.17647058823530            12
    0.17647058823530    0.11764705882353    0.17647058823530            24
    0.23529411764706    0.11764705882353    0.17647058823530            24
    0.29411764705883    0.11764705882353    0.17647058823530            24
    0.35294117647059    0.11764705882353    0.17647058823530            24
    0.41176470588236    0.11764705882353    0.17647058823530            24
    0.17647058823530    0.17647058823530    0.17647058823530            12
    0.23529411764706    0.17647058823530    0.17647058823530            24
    0.29411764705883    0.17647058823530    0.17647058823530            24
    0.35294117647059    0.17647058823530    0.17647058823530            24
    0.41176470588236    0.17647058823530    0.17647058823530            12
    0.23529411764706    0.23529411764706    0.17647058823530            12
    0.29411764705883    0.23529411764706    0.17647058823530            24
    0.35294117647059    0.23529411764706    0.17647058823530            24
    0.29411764705883    0.29411764705883    0.17647058823530            12
    0.35294117647059    0.29411764705883    0.17647058823530            12
    0.00000000000000    0.00000000000000    0.23529411764706             2
    0.05882352941177    0.00000000000000    0.23529411764706            12
    0.11764705882353    0.00000000000000    0.23529411764706            12
    0.17647058823530    0.00000000000000    0.23529411764706            12
    0.23529411764706    0.00000000000000    0.23529411764706            12
    0.29411764705883    0.00000000000000    0.23529411764706            12
    0.35294117647059    0.00000000000000    0.23529411764706            12
    0.41176470588236    0.00000000000000    0.23529411764706            12
    0.47058823529412    0.00000000000000    0.23529411764706            12
    0.05882352941177    0.05882352941177    0.23529411764706            12
    0.11764705882353    0.05882352941177    0.23529411764706            24
    0.17647058823530    0.05882352941177    0.23529411764706            24
    0.23529411764706    0.05882352941177    0.23529411764706            24
    0.29411764705883    0.05882352941177    0.23529411764706            24
    0.35294117647059    0.05882352941177    0.23529411764706            24
    0.41176470588236    0.05882352941177    0.23529411764706            24
    0.47058823529412    0.05882352941177    0.23529411764706            12
    0.11764705882353    0.11764705882353    0.23529411764706            12
    0.17647058823530    0.11764705882353    0.23529411764706            24
    0.23529411764706    0.11764705882353    0.23529411764706            24
    0.29411764705883    0.11764705882353    0.23529411764706            24
    0.35294117647059    0.11764705882353    0.23529411764706            24
    0.41176470588236    0.11764705882353    0.23529411764706            24
    0.17647058823530    0.17647058823530    0.23529411764706            12
    0.23529411764706    0.17647058823530    0.23529411764706            24
    0.29411764705883    0.17647058823530    0.23529411764706            24
    0.35294117647059    0.17647058823530    0.23529411764706            24
    0.41176470588236    0.17647058823530    0.23529411764706            12
    0.23529411764706    0.23529411764706    0.23529411764706            12
    0.29411764705883    0.23529411764706    0.23529411764706            24
    0.35294117647059    0.23529411764706    0.23529411764706            24
    0.29411764705883    0.29411764705883    0.23529411764706            12
    0.35294117647059    0.29411764705883    0.23529411764706            12
    0.00000000000000    0.00000000000000    0.29411764705883             2
    0.05882352941177    0.00000000000000    0.29411764705883            12
    0.11764705882353    0.00000000000000    0.29411764705883            12
    0.17647058823530    0.00000000000000    0.29411764705883            12
    0.23529411764706    0.00000000000000    0.29411764705883            12
    0.29411764705883    0.00000000000000    0.29411764705883            12
    0.35294117647059    0.00000000000000    0.29411764705883            12
    0.41176470588236    0.00000000000000    0.29411764705883            12
    0.47058823529412    0.00000000000000    0.29411764705883            12
    0.05882352941177    0.05882352941177    0.29411764705883            12
    0.11764705882353    0.05882352941177    0.29411764705883            24
    0.17647058823530    0.05882352941177    0.29411764705883            24
    0.23529411764706    0.05882352941177    0.29411764705883            24
    0.29411764705883    0.05882352941177    0.29411764705883            24
    0.35294117647059    0.05882352941177    0.29411764705883            24
    0.41176470588236    0.05882352941177    0.29411764705883            24
    0.47058823529412    0.05882352941177    0.29411764705883            12
    0.11764705882353    0.11764705882353    0.29411764705883            12
    0.17647058823530    0.11764705882353    0.29411764705883            24
    0.23529411764706    0.11764705882353    0.29411764705883            24
    0.29411764705883    0.11764705882353    0.29411764705883            24
    0.35294117647059    0.11764705882353    0.29411764705883            24
    0.41176470588236    0.11764705882353    0.29411764705883            24
    0.17647058823530    0.17647058823530    0.29411764705883            12
    0.23529411764706    0.17647058823530    0.29411764705883            24
    0.29411764705883    0.17647058823530    0.29411764705883            24
    0.35294117647059    0.17647058823530    0.29411764705883            24
    0.41176470588236    0.17647058823530    0.29411764705883            12
    0.23529411764706    0.23529411764706    0.29411764705883            12
    0.29411764705883    0.23529411764706    0.29411764705883            24
    0.35294117647059    0.23529411764706    0.29411764705883            24
    0.29411764705883    0.29411764705883    0.29411764705883            12
    0.35294117647059    0.29411764705883    0.29411764705883            12
    0.00000000000000    0.00000000000000    0.35294117647059             2
    0.05882352941177    0.00000000000000    0.35294117647059            12
    0.11764705882353    0.00000000000000    0.35294117647059            12
    0.17647058823530    0.00000000000000    0.35294117647059            12
    0.23529411764706    0.00000000000000    0.35294117647059            12
    0.29411764705883    0.00000000000000    0.35294117647059            12
    0.35294117647059    0.00000000000000    0.35294117647059            12
    0.41176470588236    0.00000000000000    0.35294117647059            12
    0.47058823529412    0.00000000000000    0.35294117647059            12
    0.05882352941177    0.05882352941177    0.35294117647059            12
    0.11764705882353    0.05882352941177    0.35294117647059            24
    0.17647058823530    0.05882352941177    0.35294117647059            24
    0.23529411764706    0.05882352941177    0.35294117647059            24
    0.29411764705883    0.05882352941177    0.35294117647059            24
    0.35294117647059    0.05882352941177    0.35294117647059            24
    0.41176470588236    0.05882352941177    0.35294117647059            24
    0.47058823529412    0.05882352941177    0.35294117647059            12
    0.11764705882353    0.11764705882353    0.35294117647059            12
    0.17647058823530    0.11764705882353    0.35294117647059            24
    0.23529411764706    0.11764705882353    0.35294117647059            24
    0.29411764705883    0.11764705882353    0.35294117647059            24
    0.35294117647059    0.11764705882353    0.35294117647059            24
    0.41176470588236    0.11764705882353    0.35294117647059            24
    0.17647058823530    0.17647058823530    0.35294117647059            12
    0.23529411764706    0.17647058823530    0.35294117647059            24
    0.29411764705883    0.17647058823530    0.35294117647059            24
    0.35294117647059    0.17647058823530    0.35294117647059            24
    0.41176470588236    0.17647058823530    0.35294117647059            12
    0.23529411764706    0.23529411764706    0.35294117647059            12
    0.29411764705883    0.23529411764706    0.35294117647059            24
    0.35294117647059    0.23529411764706    0.35294117647059            24
    0.29411764705883    0.29411764705883    0.35294117647059            12
    0.35294117647059    0.29411764705883    0.35294117647059            12
    0.00000000000000    0.00000000000000    0.41176470588236             2
    0.05882352941177    0.00000000000000    0.41176470588236            12
    0.11764705882353    0.00000000000000    0.41176470588236            12
    0.17647058823530    0.00000000000000    0.41176470588236            12
    0.23529411764706    0.00000000000000    0.41176470588236            12
    0.29411764705883    0.00000000000000    0.41176470588236            12
    0.35294117647059    0.00000000000000    0.41176470588236            12
    0.41176470588236    0.00000000000000    0.41176470588236            12
    0.47058823529412    0.00000000000000    0.41176470588236            12
    0.05882352941177    0.05882352941177    0.41176470588236            12
    0.11764705882353    0.05882352941177    0.41176470588236            24
    0.17647058823530    0.05882352941177    0.41176470588236            24
    0.23529411764706    0.05882352941177    0.41176470588236            24
    0.29411764705883    0.05882352941177    0.41176470588236            24
    0.35294117647059    0.05882352941177    0.41176470588236            24
    0.41176470588236    0.05882352941177    0.41176470588236            24
    0.47058823529412    0.05882352941177    0.41176470588236            12
    0.11764705882353    0.11764705882353    0.41176470588236            12
    0.17647058823530    0.11764705882353    0.41176470588236            24
    0.23529411764706    0.11764705882353    0.41176470588236            24
    0.29411764705883    0.11764705882353    0.41176470588236            24
    0.35294117647059    0.11764705882353    0.41176470588236            24
    0.41176470588236    0.11764705882353    0.41176470588236            24
    0.17647058823530    0.17647058823530    0.41176470588236            12
    0.23529411764706    0.17647058823530    0.41176470588236            24
    0.29411764705883    0.17647058823530    0.41176470588236            24
    0.35294117647059    0.17647058823530    0.41176470588236            24
    0.41176470588236    0.17647058823530    0.41176470588236            12
    0.23529411764706    0.23529411764706    0.41176470588236            12
    0.29411764705883    0.23529411764706    0.41176470588236            24
    0.35294117647059    0.23529411764706    0.41176470588236            24
    0.29411764705883    0.29411764705883    0.41176470588236            12
    0.35294117647059    0.29411764705883    0.41176470588236            12
    0.00000000000000    0.00000000000000    0.47058823529412             2
    0.05882352941177    0.00000000000000    0.47058823529412            12
    0.11764705882353    0.00000000000000    0.47058823529412            12
    0.17647058823530    0.00000000000000    0.47058823529412            12
    0.23529411764706    0.00000000000000    0.47058823529412            12
    0.29411764705883    0.00000000000000    0.47058823529412            12
    0.35294117647059    0.00000000000000    0.47058823529412            12
    0.41176470588236    0.00000000000000    0.47058823529412            12
    0.47058823529412    0.00000000000000    0.47058823529412            12
    0.05882352941177    0.05882352941177    0.47058823529412            12
    0.11764705882353    0.05882352941177    0.47058823529412            24
    0.17647058823530    0.05882352941177    0.47058823529412            24
    0.23529411764706    0.05882352941177    0.47058823529412            24
    0.29411764705883    0.05882352941177    0.47058823529412            24
    0.35294117647059    0.05882352941177    0.47058823529412            24
    0.41176470588236    0.05882352941177    0.47058823529412            24
    0.47058823529412    0.05882352941177    0.47058823529412            12
    0.11764705882353    0.11764705882353    0.47058823529412            12
    0.17647058823530    0.11764705882353    0.47058823529412            24
    0.23529411764706    0.11764705882353    0.47058823529412            24
    0.29411764705883    0.11764705882353    0.47058823529412            24
    0.35294117647059    0.11764705882353    0.47058823529412            24
    0.41176470588236    0.11764705882353    0.47058823529412            24
    0.17647058823530    0.17647058823530    0.47058823529412            12
    0.23529411764706    0.17647058823530    0.47058823529412            24
    0.29411764705883    0.17647058823530    0.47058823529412            24
    0.35294117647059    0.17647058823530    0.47058823529412            24
    0.41176470588236    0.17647058823530    0.47058823529412            12
    0.23529411764706    0.23529411764706    0.47058823529412            12
    0.29411764705883    0.23529411764706    0.47058823529412            24
    0.35294117647059    0.23529411764706    0.47058823529412            24
    0.29411764705883    0.29411764705883    0.47058823529412            12
    0.35294117647059    0.29411764705883    0.47058823529412            12
