50   
6    

1    
  0.0086756275307102   0.0049732772844859   0.0000000000000000
  -0.0704588600   -0.0953068900    0.0396106800
   0.0421973600   -0.0343364900    0.0401504300
   0.0164544400   -0.0463377400    0.0387001100
   0.0155102500   -0.0447317900    0.0401832300
   0.0377147700   -0.0293180700    0.0386051200
   0.0283590800   -0.0492496900    0.0383242500
   0.0186401800   -0.0320196200    0.0406023900
   0.0178110600   -0.0430169400    0.0395755800
   0.0180319200   -0.0441413600    0.0394789500
   0.0190166300   -0.0449103400    0.0393483500
   0.0167780300   -0.0451693400    0.0400182100
   0.0169361200   -0.0448780400    0.0395033200
   0.0168965600   -0.0447511400    0.0388574700
   0.0172188500   -0.0442815400    0.0401807600
   0.0176340200   -0.0451502400    0.0386818800
   0.0160355600   -0.0438715800    0.0392182900
   0.0175427900   -0.0449925300    0.0397128400
   0.0171716800   -0.0442007700    0.0390296700
   0.0177244400   -0.0461967800    0.0396766400
   0.0170592700   -0.0450905800    0.0394205200
   0.0257761700   -0.0445791000    0.0388193300
   0.0190326300   -0.0449499800    0.0387128100
   0.0181492200   -0.0443410800    0.0393909700
   0.0179611900   -0.0432570600    0.0401558200
   0.0213987400   -0.0369743000    0.0400313400
  -0.0086991800    0.0436938400   -0.0460572800
  -0.0173172300    0.0445269000   -0.0397648000
  -0.0156452300    0.0454105100   -0.0394849900
  -0.0173122900    0.0445551000   -0.0392118200
  -0.0137936700    0.0525314400   -0.0339008200
  -0.0184533900    0.0435838600   -0.0390843300
  -0.0180737800    0.0423530800   -0.0389601800
  -0.0163015700    0.0448759900   -0.0397423100
  -0.0163211700    0.0456129800   -0.0390985300
  -0.0190750300    0.0452913400   -0.0394973600
  -0.0171912800    0.0449693600   -0.0395868500
  -0.0168228500    0.0446514500   -0.0392898100
  -0.0181320900    0.0447448900   -0.0391508000
  -0.0172640900    0.0449823300   -0.0393795400
  -0.0179073600    0.0439023300   -0.0395686900
  -0.0172138600    0.0443546600   -0.0394062600
  -0.0158875000    0.0457471800   -0.0394278400
  -0.0179500400    0.0450230900   -0.0395198000
  -0.0176920500    0.0457573000   -0.0389874700
  -0.0162798500    0.0437444500   -0.0397449200
  -0.0176142800    0.0453845200   -0.0396296600
  -0.0163190200    0.0454010900   -0.0388840600
  -0.0163006400    0.0455269600   -0.0399283500
  -0.0171407800    0.0439863800   -0.0392306200
  -0.0158838500    0.0454419600   -0.0394518900

1    
 -0.0086756275307102  -0.0049732772844859   0.0000000000000000
   0.1043799300    0.0059132500    0.0393413900
  -0.0068647900   -0.0547423800    0.0386584900
   0.0176904400   -0.0434242000    0.0401409600
   0.0185997300   -0.0450515100    0.0386574000
  -0.0047974100   -0.0611500800    0.0402016700
   0.0055989600   -0.0403889400    0.0405261900
   0.0154517200   -0.0575507600    0.0382469600
   0.0163137900   -0.0467613100    0.0392783100
   0.0160852000   -0.0456236900    0.0393779400
   0.0151043600   -0.0448604500    0.0395069800
   0.0173357900   -0.0445800200    0.0388278500
   0.0171945300   -0.0449047800    0.0393537600
   0.0172136000   -0.0449976800    0.0399899000
   0.0168978800   -0.0454695300    0.0386719600
   0.0164782300   -0.0446053100    0.0401704500
   0.0180887800   -0.0458912600    0.0396219600
   0.0165754900   -0.0447762800    0.0391333200
   0.0169495400   -0.0455609900    0.0398179000
   0.0163921500   -0.0435664700    0.0391628400
   0.0170513400   -0.0446526900    0.0394373100
   0.0085206700   -0.0453220200    0.0399890100
   0.0150680300   -0.0448088100    0.0401466200
   0.0159653200   -0.0454100400    0.0394560200
   0.0161683900   -0.0464859300    0.0387011200
   0.0127606100   -0.0529998900    0.0387725600
  -0.0253831000    0.0460139500   -0.0329251200
  -0.0167859600    0.0452384000   -0.0390774700
  -0.0184687400    0.0443411200   -0.0393554100
  -0.0168193800    0.0451868100   -0.0396321700
  -0.0203110600    0.0371566000   -0.0450882300
  -0.0156163900    0.0461060400   -0.0396599700
  -0.0160732900    0.0473352500   -0.0398308800
  -0.0178337700    0.0448597800   -0.0390996700
  -0.0177719600    0.0441435300   -0.0397434300
  -0.0149623500    0.0444575200   -0.0392991300
  -0.0169453700    0.0448011200   -0.0392552600
  -0.0172977200    0.0451206200   -0.0395522500
  -0.0159954800    0.0450014300   -0.0396910600
  -0.0168521000    0.0447858000   -0.0394638800
  -0.0161972200    0.0458687400   -0.0392724100
  -0.0169052600    0.0454107900   -0.0394451100
  -0.0182214200    0.0439968000   -0.0394176700
  -0.0161729800    0.0447426500   -0.0393328000
  -0.0164310200    0.0440054400   -0.0398542600
  -0.0178382300    0.0460203400   -0.0390988800
  -0.0164851700    0.0443565200   -0.0392147500
  -0.0178075100    0.0443712000   -0.0399657600
  -0.0178195300    0.0442556600   -0.0389199500
  -0.0169761100    0.0457581100   -0.0396140200
  -0.0182511600    0.0443375700   -0.0393793200

1    
 -0.0086271576352934   0.0050568914498730   0.0000000000000000
   0.1016181700   -0.0925564300    0.0403511300
   0.0058583400   -0.0457959300    0.0400104000
   0.0179676300   -0.0436192800    0.0396063200
   0.0170225200   -0.0452324000    0.0389527900
   0.0023659200   -0.0516376800    0.0408472500
   0.0010154800   -0.0320897000    0.0398405800
   0.0123823700   -0.0359099900    0.0387899300
   0.0172222900   -0.0450973700    0.0393972500
   0.0164572700   -0.0451891500    0.0401658600
   0.0150325700   -0.0448435700    0.0394872800
   0.0186784500   -0.0448956300    0.0385891600
   0.0161794900   -0.0435734000    0.0387535400
   0.0163375700   -0.0461113300    0.0392124800
   0.0170571600   -0.0443886800    0.0388001500
   0.0162173700   -0.0443601900    0.0394963100
   0.0179319900   -0.0462007200    0.0401749600
   0.0161168200   -0.0445295800    0.0394550800
   0.0170113000   -0.0444629200    0.0397051500
   0.0171712300   -0.0446868300    0.0399386200
   0.0163146300   -0.0433320900    0.0394484100
  -0.0007331900   -0.0374779900    0.0389419600
   0.0150436300   -0.0448034800    0.0402291200
   0.0165821800   -0.0449750800    0.0390524500
   0.0173840200   -0.0448196200    0.0394816400
   0.0151108500   -0.0314185000    0.0382122400
  -0.0259811000    0.0448785100   -0.0325606200
  -0.0172179800    0.0452653200   -0.0389356500
  -0.0176062800    0.0439343800   -0.0394288800
  -0.0170419500    0.0449495300   -0.0392989000
  -0.0155989700    0.0445475100   -0.0391476500
  -0.0214746100    0.0538243000   -0.0484109600
  -0.0176995100    0.0451895200   -0.0394065100
  -0.0173184000    0.0440068800   -0.0388825000
  -0.0168547300    0.0440224300   -0.0392175600
  -0.0150556400    0.0454492900   -0.0393535000
  -0.0167603400    0.0446393900   -0.0396424600
  -0.0173090400    0.0446866500   -0.0399192800
  -0.0165475800    0.0457091400   -0.0399452900
  -0.0166699900    0.0446607600   -0.0393828300
  -0.0174811000    0.0461368900   -0.0396321400
  -0.0172233700    0.0448933300   -0.0394813100
  -0.0178637000    0.0451394600   -0.0389334000
  -0.0164785800    0.0455543300   -0.0394724900
  -0.0162444000    0.0454291000   -0.0395596900
  -0.0186748900    0.0452070400   -0.0391959000
  -0.0159593500    0.0444833400   -0.0393345500
  -0.0178999700    0.0455539200   -0.0399256000
  -0.0177367600    0.0454113900   -0.0394407100
  -0.0173986900    0.0447058300   -0.0394476300
  -0.0172491500    0.0437293200   -0.0389840300

1    
  0.0086271576352934  -0.0050568914498730   0.0000000000000000
  -0.0677228400    0.0024841000    0.0387115700
   0.0284269200   -0.0438031400    0.0387967000
   0.0161555500   -0.0461427700    0.0392348000
   0.0170950700   -0.0445406800    0.0398913400
   0.0315933400   -0.0382834600    0.0380041400
   0.0320590700   -0.0570517900    0.0389706300
   0.0217782100   -0.0536112900    0.0400252200
   0.0168860700   -0.0446840600    0.0394575900
   0.0176602400   -0.0445862800    0.0386839000
   0.0190943000   -0.0449082100    0.0393689700
   0.0154313300   -0.0448465100    0.0402448400
   0.0179483700   -0.0462003500    0.0401060900
   0.0177809800   -0.0436434800    0.0396289800
   0.0170559700   -0.0453842900    0.0400497900
   0.0179017300   -0.0454008600    0.0393614500
   0.0162057600   -0.0435571000    0.0386566000
   0.0179929100   -0.0452433400    0.0393930500
   0.0171104300   -0.0452873400    0.0391389200
   0.0169376000   -0.0450798500    0.0389047800
   0.0178127500   -0.0464209300    0.0394086900
   0.0359086900   -0.0528894300    0.0398614700
   0.0190522600   -0.0449586400    0.0386277900
   0.0175442500   -0.0447831800    0.0397920400
   0.0167473100   -0.0449190900    0.0393689200
   0.0189653400   -0.0585723700    0.0406374200
  -0.0080641400    0.0449245800   -0.0464534200
  -0.0168955000    0.0445052300   -0.0399126500
  -0.0165078300    0.0458286900   -0.0394229600
  -0.0170813800    0.0448051100   -0.0395399500
  -0.0184930700    0.0452696100   -0.0396198100
  -0.0126089700    0.0360002700   -0.0305938700
  -0.0164234500    0.0445591200   -0.0394310600
  -0.0168054700    0.0457537400   -0.0399603700
  -0.0172500800    0.0457347200   -0.0396205800
  -0.0189842800    0.0443208400   -0.0394400500
  -0.0173919100    0.0451437700   -0.0392021800
  -0.0167994600    0.0450977700   -0.0389307600
  -0.0175708900    0.0440485600   -0.0389002900
  -0.0174507900    0.0451082700   -0.0394603200
  -0.0166003800    0.0436334800   -0.0392117500
  -0.0169020500    0.0448719300   -0.0393614800
  -0.0162565200    0.0446044800   -0.0399163900
  -0.0176407600    0.0442138200   -0.0393786900
  -0.0178910900    0.0443328200   -0.0392818600
  -0.0154433500    0.0445869200   -0.0396471300
  -0.0181265800    0.0452594600   -0.0395094800
  -0.0162412500    0.0441951100   -0.0389209100
  -0.0163695800    0.0443687700   -0.0393999700
  -0.0167213600    0.0450409200   -0.0393914400
  -0.0169014400    0.0461063700   -0.0398182800

1    
  0.0000000000000000   0.0000000000000000   0.0100000000000000
   0.0166726800   -0.0439377600    0.0062438300
   0.0157304200   -0.0442712500    0.0406868800
   0.0177694500   -0.0445910900    0.0391487900
   0.0165375200   -0.0454068700    0.0391487600
   0.0171883500   -0.0434979300    0.0406871500
   0.0170117800   -0.0459466000    0.0418297900
   0.0181304300   -0.0455083300    0.0414322800
   0.0174474700   -0.0441046600    0.0389795300
   0.0172499200   -0.0452783900    0.0395298800
   0.0161874200   -0.0447895300    0.0388873000
   0.0165076100   -0.0443247600    0.0392714700
   0.0170442100   -0.0448695200    0.0389159400
   0.0169154200   -0.0441094700    0.0392204500
   0.0166708200   -0.0449893400    0.0395754300
   0.0172104600   -0.0445645500    0.0396179100
   0.0178770500   -0.0451158300    0.0392715000
   0.0165884700   -0.0455503300    0.0396173900
   0.0178534700   -0.0447547800    0.0395748500
   0.0168507400   -0.0456466400    0.0392199500
   0.0174906100   -0.0454793900    0.0389158500
   0.0161323600   -0.0455243600    0.0418306700
   0.0169768700   -0.0448998600    0.0388877600
   0.0166680300   -0.0440954600    0.0395299600
   0.0171658900   -0.0447595500    0.0389807600
   0.0181059900   -0.0442827900    0.0414321400
  -0.0247189600    0.0452884800   -0.0340008200
  -0.0175432700    0.0450193100   -0.0372295200
  -0.0170955300    0.0448118100   -0.0387297600
  -0.0169987400    0.0452085500   -0.0373697300
  -0.0139990100    0.0505563400   -0.0355061600
  -0.0118758300    0.0364055200   -0.0310554800
  -0.0168188600    0.0453114400   -0.0400968700
  -0.0175575900    0.0450963100   -0.0401466000
  -0.0169848800    0.0453994900   -0.0399927900
  -0.0171288700    0.0448225200   -0.0397762500
  -0.0170300300    0.0444962100   -0.0372456100
  -0.0167025800    0.0445149500   -0.0371664300
  -0.0166060600    0.0446231600   -0.0401876400
  -0.0170568100    0.0449608700   -0.0389672200
  -0.0170232800    0.0445251300   -0.0401853200
  -0.0170138400    0.0448394800   -0.0385866100
  -0.0173431700    0.0453646000   -0.0405033100
  -0.0170875800    0.0447401900   -0.0386094800
  -0.0167327100    0.0451698900   -0.0399059600
  -0.0173735500    0.0447870800   -0.0400272500
  -0.0172285700    0.0447640700   -0.0374596700
  -0.0164610500    0.0449155900   -0.0404088200
  -0.0173388200    0.0443635600   -0.0403780700
  -0.0169367000    0.0450442000   -0.0375197400
  -0.0173271800    0.0452702700   -0.0393811200

1    
  0.0000000000000000   0.0000000000000000  -0.0100000000000000
   0.0174555400   -0.0458448700    0.0736392300
   0.0182901900   -0.0455257600    0.0381530800
   0.0163423200   -0.0451697300    0.0396911900
   0.0175901000   -0.0443457500    0.0396911500
   0.0170144200   -0.0461948200    0.0381533400
   0.0171662400   -0.0438642900    0.0370080700
   0.0160073400   -0.0443354900    0.0374056600
   0.0166642200   -0.0456637800    0.0398770400
   0.0168640300   -0.0444743300    0.0393207200
   0.0179409500   -0.0449650000    0.0399731800
   0.0176130200   -0.0454414600    0.0395658400
   0.0170767800   -0.0448925700    0.0399467800
   0.0172085400   -0.0456538400    0.0396185000
   0.0174546800   -0.0447717100    0.0392757100
   0.0169083400   -0.0452027600    0.0392325800
   0.0162345000   -0.0446440600    0.0395658300
   0.0175332000   -0.0442052700    0.0392320600
   0.0162580700   -0.0450054800    0.0392751400
   0.0172719800   -0.0441044300    0.0396179400
   0.0166282300   -0.0442756600    0.0399467600
   0.0179140800   -0.0442054500    0.0370089300
   0.0171371400   -0.0448604100    0.0399735500
   0.0174585200   -0.0456775500    0.0393208100
   0.0169580400   -0.0449948000    0.0398781700
   0.0160255300   -0.0453892600    0.0374054900
  -0.0091002200    0.0444547300   -0.0452117500
  -0.0165826300    0.0447260100   -0.0416302900
  -0.0170234500    0.0449465500   -0.0401222500
  -0.0171056500    0.0445493500   -0.0414906400
  -0.0202495900    0.0389586100   -0.0436731800
  -0.0224249000    0.0536498800   -0.0482189600
  -0.0173121400    0.0444214400   -0.0386922100
  -0.0165654400    0.0446576700   -0.0386989200
  -0.0171296500    0.0443554000   -0.0388542000
  -0.0169639800    0.0449330700   -0.0390198100
  -0.0170892900    0.0452662700   -0.0416158100
  -0.0174220700    0.0452423400   -0.0416931500
  -0.0175197600    0.0451306800   -0.0386556400
  -0.0170615800    0.0447995500   -0.0398845300
  -0.0170914500    0.0452399600   -0.0386576100
  -0.0171051800    0.0449206200   -0.0402633800
  -0.0167738900    0.0443919200   -0.0383373000
  -0.0170323700    0.0450199000   -0.0402426200
  -0.0173971000    0.0445860500   -0.0389404000
  -0.0167385300    0.0449783900   -0.0388172400
  -0.0168863700    0.0450015600   -0.0414035900
  -0.0176673100    0.0448445300   -0.0384293700
  -0.0167744400    0.0454068800   -0.0384583100
  -0.0171923600    0.0447190200   -0.0413421900
  -0.0168066800    0.0445081600   -0.0394233800
