  2
    1    2 
  1  2 -102.296979    2.000000    0.000000    2.000000    0.000000 
  3  2   -9.924139    2.000000    0.000000    2.000000    0.000000 
  1
    1 
  1  2 -102.296439    2.000000    0.000000 
  3  2   -9.870919    2.000000    0.000000 
  1
    1 
  1  2 -102.295028    2.000000    0.000000 
  3  2   -9.711489    2.000000    0.000000 
  1
    1 
  1  2 -102.292745    2.000000    0.000000 
  3  2   -9.446580    2.000000    0.000000 
  1
    1 
  1  2 -102.289678    2.000000    0.000000 
  3  2   -9.077657    2.000000    0.000000 
  1
    1 
  1  2 -102.286164    2.000000    0.000000 
  3  2   -8.607381    2.000000    0.000000 
  1
    1 
  1  2 -102.282322    2.000000    0.000000 
  3  2   -8.040498    2.000000    0.000000 
  1
    1 
  1  2 -102.278633    2.000000    0.000000 
  3  2   -7.385642    2.000000    0.000000 
  1
    1 
  1  2 -102.275104    2.000000    0.000000 
  3  2   -6.658999    2.000000    0.000000 
  1
    1 
  1  2 -102.272078    2.000000    0.000000 
  3  2   -5.892320    2.000000    0.000000 
  1
    1 
  1  2 -102.269651    2.000000    0.000000 
  3  2   -5.150256    2.000000    0.000000 
  1
    1 
  1  2 -102.268169    2.000000    0.000000 
  3  2   -4.561523    2.000000    0.000000 
  2
    1    2 
  1  2 -102.267686    2.000000    0.000000    2.000000    0.000000 
  3  2   -4.325271    2.000000    0.000000   -2.000000    0.000000 
  1
    1 
  1  2 -102.295511    2.000000    0.000000 
  3  2   -9.764593    2.000000    0.000000 
  1
    1 
  1  2 -102.293634    2.000000    0.000000 
  3  2   -9.552378    2.000000    0.000000 
  1
    1 
  1  2 -102.290948    2.000000    0.000000 
  3  2   -9.235299    2.000000    0.000000 
  1
    1 
  1  2 -102.287641    2.000000    0.000000 
  3  2   -8.815273    2.000000    0.000000 
  1
    1 
  1  2 -102.284041    2.000000    0.000000 
  3  2   -8.295754    2.000000    0.000000 
  1
    1 
  1  2 -102.280237    2.000000    0.000000 
  3  2   -7.682955    2.000000    0.000000 
  1
    1 
  1  2 -102.276611    2.000000    0.000000 
  3  2   -6.988421    2.000000    0.000000 
  1
    1 
  1  2 -102.273339    2.000000    0.000000 
  3  2   -6.234344    2.000000    0.000000 
  1
    1 
  1  2 -102.270581    2.000000    0.000000 
  3  2   -5.465467    2.000000    0.000000 
  1
    1 
  1  2 -102.268669    2.000000    0.000000 
  3  2   -4.773948    2.000000    0.000000 
  1
    1 
  1  2 -102.267675    2.000000    0.000000 
  3  2   -4.331016    2.000000    0.000000 
  1
    1 
  1  2 -102.291413    2.000000    0.000000 
  3  2   -9.287876    2.000000    0.000000 
  1
    1 
  1  2 -102.288440    2.000000    0.000000 
  3  2   -8.919241    2.000000    0.000000 
  1
    1 
  1  2 -102.285082    2.000000    0.000000 
  3  2   -8.448812    2.000000    0.000000 
  1
    1 
  1  2 -102.281430    2.000000    0.000000 
  3  2   -7.880828    2.000000    0.000000 
  1
    1 
  1  2 -102.277784    2.000000    0.000000 
  3  2   -7.223162    2.000000    0.000000 
  1
    1 
  1  2 -102.274387    2.000000    0.000000 
  3  2   -6.490849    2.000000    0.000000 
  1
    1 
  1  2 -102.271394    2.000000    0.000000 
  3  2   -5.714001    2.000000    0.000000 
  1
    1 
  1  2 -102.269107    2.000000    0.000000 
  3  2   -4.955677    2.000000    0.000000 
  1
    1 
  1  2 -102.267665    2.000000    0.000000 
  3  2   -4.346538    2.000000    0.000000 
  1
    1 
  1  2 -102.267198    2.000000    0.000000 
  3  2   -4.099172    2.000000    0.000000 
  1
    1 
  1  2 -102.285427    2.000000    0.000000 
  3  2   -8.499813    2.000000    0.000000 
  1
    1 
  1  2 -102.282051    2.000000    0.000000 
  3  2   -7.979656    2.000000    0.000000 
  1
    1 
  1  2 -102.278547    2.000000    0.000000 
  3  2   -7.363760    2.000000    0.000000 
  1
    1 
  1  2 -102.275096    2.000000    0.000000 
  3  2   -6.661745    2.000000    0.000000 
  1
    1 
  1  2 -102.272034    2.000000    0.000000 
  3  2   -5.892913    2.000000    0.000000 
  1
    1 
  1  2 -102.269488    2.000000    0.000000 
  3  2   -5.098075    2.000000    0.000000 
  1
    1 
  1  2 -102.267721    2.000000    0.000000 
  3  2   -4.367355    2.000000    0.000000 
  1
    1 
  1  2 -102.266839    2.000000    0.000000 
  3  2   -3.885705    2.000000    0.000000 
  1
    1 
  1  2 -102.278839    2.000000    0.000000 
  3  2   -7.410582    2.000000    0.000000 
  1
    1 
  1  2 -102.275519    2.000000    0.000000 
  3  2   -6.747145    2.000000    0.000000 
  1
    1 
  1  2 -102.272457    2.000000    0.000000 
  3  2   -6.000707    2.000000    0.000000 
  1
    1 
  1  2 -102.269809    2.000000    0.000000 
  3  2   -5.195631    2.000000    0.000000 
  1
    1 
  1  2 -102.267740    2.000000    0.000000 
  3  2   -4.387746    2.000000    0.000000 
  1
    1 
  1  2 -102.266447    2.000000    0.000000 
  3  2   -3.709782    2.000000    0.000000 
  1
    1 
  1  2 -102.266025    2.000000    0.000000 
  3  2   -3.421530    2.000000    0.000000 
  1
    1 
  1  2 -102.272611    2.000000    0.000000 
  3  2   -6.036704    2.000000    0.000000 
  1
    1 
  1  2 -102.269931    2.000000    0.000000 
  3  2   -5.245139    2.000000    0.000000 
  1
    1 
  1  2 -102.267770    2.000000    0.000000 
  3  2   -4.402419    2.000000    0.000000 
  1
    1 
  1  2 -102.266207    2.000000    0.000000 
  3  2   -3.586073    2.000000    0.000000 
  1
    1 
  1  2 -102.265401    2.000000    0.000000 
  3  2   -3.002758    2.000000    0.000000 
  1
    1 
  1  2 -102.267738    2.000000    0.000000 
  3  2   -4.407736    2.000000    0.000000 
  1
    1 
  1  2 -102.266056    2.000000    0.000000 
  3  2   -3.522729    2.000000    0.000000 
  1
    1 
  1  2 -102.265003    2.000000    0.000000 
  3  2   -2.699242    2.000000    0.000000 
  1
    1 
  1  2 -102.264635    2.000000    0.000000 
  3  2   -2.294441    2.000000    0.000000 
  1
    1 
  1  2 -102.264906    2.000000    0.000000 
  3  2   -2.586270    2.000000    0.000000 
  1
    1 
  1  2 -102.264296    2.000000    0.000000 
  3  2   -1.738399    2.000000    0.000000 
  1
    1 
  1  2 -102.264022    2.000000    0.000000 
  3  2   -0.722556    2.000000    0.000000 
