Automatically generated mesh
     676
Reciprocal lattice
    0.00000000000000    0.00000000000000    0.00000000000000             1
    0.01960784313726    0.00000000000000    0.00000000000000             4
    0.03921568627451    0.00000000000000    0.00000000000000             4
    0.05882352941177    0.00000000000000    0.00000000000000             4
    0.07843137254902    0.00000000000000    0.00000000000000             4
    0.09803921568628    0.00000000000000    0.00000000000000             4
    0.11764705882353    0.00000000000000    0.00000000000000             4
    0.13725490196079    0.00000000000000    0.00000000000000             4
    0.15686274509804    0.00000000000000    0.00000000000000             4
    0.17647058823530    0.00000000000000    0.00000000000000             4
    0.19607843137255    0.00000000000000    0.00000000000000             4
    0.21568627450981    0.00000000000000    0.00000000000000             4
    0.23529411764706    0.00000000000000    0.00000000000000             4
    0.25490196078432    0.00000000000000    0.00000000000000             4
    0.27450980392157    0.00000000000000    0.00000000000000             4
    0.29411764705883    0.00000000000000    0.00000000000000             4
    0.31372549019608    0.00000000000000    0.00000000000000             4
    0.33333333333334    0.00000000000000    0.00000000000000             4
    0.35294117647059    0.00000000000000    0.00000000000000             4
    0.37254901960785    0.00000000000000    0.00000000000000             4
    0.39215686274510    0.00000000000000    0.00000000000000             4
    0.41176470588236    0.00000000000000    0.00000000000000             4
    0.43137254901961    0.00000000000000    0.00000000000000             4
    0.45098039215687    0.00000000000000    0.00000000000000             4
    0.47058823529412    0.00000000000000    0.00000000000000             4
    0.49019607843138    0.00000000000000    0.00000000000000             4
    0.01960784313726    0.01960784313726    0.00000000000000             2
    0.03921568627451    0.01960784313726    0.00000000000000             4
    0.05882352941177    0.01960784313726    0.00000000000000             4
    0.07843137254902    0.01960784313726    0.00000000000000             4
    0.09803921568628    0.01960784313726    0.00000000000000             4
    0.11764705882353    0.01960784313726    0.00000000000000             4
    0.13725490196079    0.01960784313726    0.00000000000000             4
    0.15686274509804    0.01960784313726    0.00000000000000             4
    0.17647058823530    0.01960784313726    0.00000000000000             4
    0.19607843137255    0.01960784313726    0.00000000000000             4
    0.21568627450981    0.01960784313726    0.00000000000000             4
    0.23529411764706    0.01960784313726    0.00000000000000             4
    0.25490196078432    0.01960784313726    0.00000000000000             4
    0.27450980392157    0.01960784313726    0.00000000000000             4
    0.29411764705883    0.01960784313726    0.00000000000000             4
    0.31372549019608    0.01960784313726    0.00000000000000             4
    0.33333333333334    0.01960784313726    0.00000000000000             4
    0.35294117647059    0.01960784313726    0.00000000000000             4
    0.37254901960785    0.01960784313726    0.00000000000000             4
    0.39215686274510    0.01960784313726    0.00000000000000             4
    0.41176470588236    0.01960784313726    0.00000000000000             4
    0.43137254901961    0.01960784313726    0.00000000000000             4
    0.45098039215687    0.01960784313726    0.00000000000000             4
    0.47058823529412    0.01960784313726    0.00000000000000             4
    0.49019607843138    0.01960784313726    0.00000000000000             4
   -0.49019607843137    0.01960784313726    0.00000000000000             4
   -0.47058823529411    0.01960784313726    0.00000000000000             4
   -0.45098039215686    0.01960784313726    0.00000000000000             4
   -0.43137254901961    0.01960784313726    0.00000000000000             4
   -0.41176470588235    0.01960784313726    0.00000000000000             4
   -0.39215686274510    0.01960784313726    0.00000000000000             4
   -0.37254901960784    0.01960784313726    0.00000000000000             4
   -0.35294117647059    0.01960784313725    0.00000000000000             4
   -0.33333333333333    0.01960784313726    0.00000000000000             4
   -0.31372549019608    0.01960784313726    0.00000000000000             4
   -0.29411764705882    0.01960784313726    0.00000000000000             4
   -0.27450980392157    0.01960784313726    0.00000000000000             4
   -0.25490196078432    0.01960784313726    0.00000000000000             4
   -0.23529411764706    0.01960784313726    0.00000000000000             4
   -0.21568627450981    0.01960784313726    0.00000000000000             4
   -0.19607843137255    0.01960784313726    0.00000000000000             4
   -0.17647058823530    0.01960784313726    0.00000000000000             4
   -0.15686274509804    0.01960784313725    0.00000000000000             4
   -0.13725490196079    0.01960784313726    0.00000000000000             4
   -0.11764705882353    0.01960784313726    0.00000000000000             4
   -0.09803921568628    0.01960784313726    0.00000000000000             4
   -0.07843137254902    0.01960784313726    0.00000000000000             4
   -0.05882352941177    0.01960784313725    0.00000000000000             4
   -0.03921568627451    0.01960784313726    0.00000000000000             4
   -0.01960784313725    0.01960784313726    0.00000000000000             2
    0.03921568627451    0.03921568627451    0.00000000000000             2
    0.05882352941177    0.03921568627451    0.00000000000000             4
    0.07843137254902    0.03921568627451    0.00000000000000             4
    0.09803921568628    0.03921568627451    0.00000000000000             4
    0.11764705882353    0.03921568627451    0.00000000000000             4
    0.13725490196079    0.03921568627451    0.00000000000000             4
    0.15686274509804    0.03921568627451    0.00000000000000             4
    0.17647058823530    0.03921568627451    0.00000000000000             4
    0.19607843137255    0.03921568627451    0.00000000000000             4
    0.21568627450981    0.03921568627451    0.00000000000000             4
    0.23529411764706    0.03921568627451    0.00000000000000             4
    0.25490196078432    0.03921568627451    0.00000000000000             4
    0.27450980392157    0.03921568627451    0.00000000000000             4
    0.29411764705883    0.03921568627451    0.00000000000000             4
    0.31372549019608    0.03921568627451    0.00000000000000             4
    0.33333333333334    0.03921568627451    0.00000000000000             4
    0.35294117647059    0.03921568627451    0.00000000000000             4
    0.37254901960785    0.03921568627451    0.00000000000000             4
    0.39215686274510    0.03921568627451    0.00000000000000             4
    0.41176470588236    0.03921568627451    0.00000000000000             4
    0.43137254901961    0.03921568627451    0.00000000000000             4
    0.45098039215687    0.03921568627451    0.00000000000000             4
    0.47058823529412    0.03921568627451    0.00000000000000             4
    0.49019607843138    0.03921568627451    0.00000000000000             4
   -0.49019607843137    0.03921568627451    0.00000000000000             4
   -0.47058823529411    0.03921568627451    0.00000000000000             4
   -0.45098039215686    0.03921568627451    0.00000000000000             4
   -0.43137254901961    0.03921568627451    0.00000000000000             4
   -0.41176470588235    0.03921568627451    0.00000000000000             4
   -0.39215686274510    0.03921568627451    0.00000000000000             4
   -0.37254901960784    0.03921568627451    0.00000000000000             4
   -0.35294117647059    0.03921568627451    0.00000000000000             4
   -0.33333333333333    0.03921568627451    0.00000000000000             4
   -0.31372549019608    0.03921568627451    0.00000000000000             4
   -0.29411764705882    0.03921568627451    0.00000000000000             4
   -0.27450980392157    0.03921568627451    0.00000000000000             4
   -0.25490196078432    0.03921568627451    0.00000000000000             4
   -0.23529411764706    0.03921568627451    0.00000000000000             4
   -0.21568627450981    0.03921568627451    0.00000000000000             4
   -0.19607843137255    0.03921568627451    0.00000000000000             4
   -0.17647058823530    0.03921568627451    0.00000000000000             4
   -0.15686274509804    0.03921568627451    0.00000000000000             4
   -0.13725490196079    0.03921568627451    0.00000000000000             4
   -0.11764705882353    0.03921568627451    0.00000000000000             4
   -0.09803921568628    0.03921568627451    0.00000000000000             4
   -0.07843137254902    0.03921568627451    0.00000000000000             4
   -0.05882352941177    0.03921568627451    0.00000000000000             4
   -0.03921568627451    0.03921568627451    0.00000000000000             2
    0.05882352941177    0.05882352941177    0.00000000000000             2
    0.07843137254902    0.05882352941177    0.00000000000000             4
    0.09803921568628    0.05882352941177    0.00000000000000             4
    0.11764705882353    0.05882352941177    0.00000000000000             4
    0.13725490196079    0.05882352941177    0.00000000000000             4
    0.15686274509804    0.05882352941177    0.00000000000000             4
    0.17647058823530    0.05882352941177    0.00000000000000             4
    0.19607843137255    0.05882352941177    0.00000000000000             4
    0.21568627450981    0.05882352941177    0.00000000000000             4
    0.23529411764706    0.05882352941177    0.00000000000000             4
    0.25490196078432    0.05882352941177    0.00000000000000             4
    0.27450980392157    0.05882352941177    0.00000000000000             4
    0.29411764705883    0.05882352941177    0.00000000000000             4
    0.31372549019608    0.05882352941177    0.00000000000000             4
    0.33333333333334    0.05882352941177    0.00000000000000             4
    0.35294117647059    0.05882352941177    0.00000000000000             4
    0.37254901960785    0.05882352941177    0.00000000000000             4
    0.39215686274510    0.05882352941177    0.00000000000000             4
    0.41176470588236    0.05882352941177    0.00000000000000             4
    0.43137254901961    0.05882352941177    0.00000000000000             4
    0.45098039215687    0.05882352941177    0.00000000000000             4
    0.47058823529412    0.05882352941177    0.00000000000000             4
    0.49019607843138    0.05882352941177    0.00000000000000             4
   -0.49019607843137    0.05882352941177    0.00000000000000             4
   -0.47058823529411    0.05882352941177    0.00000000000000             4
   -0.45098039215686    0.05882352941177    0.00000000000000             4
   -0.43137254901961    0.05882352941177    0.00000000000000             4
   -0.41176470588235    0.05882352941177    0.00000000000000             4
   -0.39215686274510    0.05882352941177    0.00000000000000             4
   -0.37254901960784    0.05882352941177    0.00000000000000             4
   -0.35294117647059    0.05882352941177    0.00000000000000             4
   -0.33333333333333    0.05882352941177    0.00000000000000             4
   -0.31372549019608    0.05882352941177    0.00000000000000             4
   -0.29411764705882    0.05882352941177    0.00000000000000             4
   -0.27450980392157    0.05882352941177    0.00000000000000             4
   -0.25490196078432    0.05882352941177    0.00000000000000             4
   -0.23529411764706    0.05882352941177    0.00000000000000             4
   -0.21568627450981    0.05882352941177    0.00000000000000             4
   -0.19607843137255    0.05882352941177    0.00000000000000             4
   -0.17647058823530    0.05882352941177    0.00000000000000             4
   -0.15686274509804    0.05882352941177    0.00000000000000             4
   -0.13725490196079    0.05882352941177    0.00000000000000             4
   -0.11764705882353    0.05882352941177    0.00000000000000             4
   -0.09803921568628    0.05882352941177    0.00000000000000             4
   -0.07843137254902    0.05882352941177    0.00000000000000             4
   -0.05882352941177    0.05882352941177    0.00000000000000             2
    0.07843137254902    0.07843137254902    0.00000000000000             2
    0.09803921568628    0.07843137254902    0.00000000000000             4
    0.11764705882353    0.07843137254902    0.00000000000000             4
    0.13725490196079    0.07843137254902    0.00000000000000             4
    0.15686274509804    0.07843137254902    0.00000000000000             4
    0.17647058823530    0.07843137254902    0.00000000000000             4
    0.19607843137255    0.07843137254902    0.00000000000000             4
    0.21568627450981    0.07843137254902    0.00000000000000             4
    0.23529411764706    0.07843137254902    0.00000000000000             4
    0.25490196078432    0.07843137254902    0.00000000000000             4
    0.27450980392157    0.07843137254902    0.00000000000000             4
    0.29411764705883    0.07843137254902    0.00000000000000             4
    0.31372549019608    0.07843137254902    0.00000000000000             4
    0.33333333333334    0.07843137254902    0.00000000000000             4
    0.35294117647059    0.07843137254902    0.00000000000000             4
    0.37254901960785    0.07843137254902    0.00000000000000             4
    0.39215686274510    0.07843137254902    0.00000000000000             4
    0.41176470588236    0.07843137254902    0.00000000000000             4
    0.43137254901961    0.07843137254902    0.00000000000000             4
    0.45098039215687    0.07843137254902    0.00000000000000             4
    0.47058823529412    0.07843137254902    0.00000000000000             4
    0.49019607843138    0.07843137254902    0.00000000000000             4
   -0.49019607843137    0.07843137254902    0.00000000000000             4
   -0.47058823529411    0.07843137254902    0.00000000000000             4
   -0.45098039215686    0.07843137254902    0.00000000000000             4
   -0.43137254901961    0.07843137254902    0.00000000000000             4
   -0.41176470588235    0.07843137254902    0.00000000000000             4
   -0.39215686274510    0.07843137254902    0.00000000000000             4
   -0.37254901960784    0.07843137254902    0.00000000000000             4
   -0.35294117647059    0.07843137254902    0.00000000000000             4
   -0.33333333333333    0.07843137254902    0.00000000000000             4
   -0.31372549019608    0.07843137254902    0.00000000000000             4
   -0.29411764705882    0.07843137254902    0.00000000000000             4
   -0.27450980392157    0.07843137254902    0.00000000000000             4
   -0.25490196078432    0.07843137254902    0.00000000000000             4
   -0.23529411764706    0.07843137254902    0.00000000000000             4
   -0.21568627450981    0.07843137254902    0.00000000000000             4
   -0.19607843137255    0.07843137254902    0.00000000000000             4
   -0.17647058823530    0.07843137254902    0.00000000000000             4
   -0.15686274509804    0.07843137254902    0.00000000000000             4
   -0.13725490196079    0.07843137254902    0.00000000000000             4
   -0.11764705882353    0.07843137254902    0.00000000000000             4
   -0.09803921568628    0.07843137254902    0.00000000000000             4
   -0.07843137254902    0.07843137254902    0.00000000000000             2
    0.09803921568628    0.09803921568628    0.00000000000000             2
    0.11764705882353    0.09803921568628    0.00000000000000             4
    0.13725490196079    0.09803921568628    0.00000000000000             4
    0.15686274509804    0.09803921568628    0.00000000000000             4
    0.17647058823530    0.09803921568628    0.00000000000000             4
    0.19607843137255    0.09803921568628    0.00000000000000             4
    0.21568627450981    0.09803921568628    0.00000000000000             4
    0.23529411764706    0.09803921568628    0.00000000000000             4
    0.25490196078432    0.09803921568628    0.00000000000000             4
    0.27450980392157    0.09803921568628    0.00000000000000             4
    0.29411764705883    0.09803921568628    0.00000000000000             4
    0.31372549019608    0.09803921568628    0.00000000000000             4
    0.33333333333334    0.09803921568628    0.00000000000000             4
    0.35294117647059    0.09803921568628    0.00000000000000             4
    0.37254901960785    0.09803921568628    0.00000000000000             4
    0.39215686274510    0.09803921568628    0.00000000000000             4
    0.41176470588236    0.09803921568628    0.00000000000000             4
    0.43137254901961    0.09803921568628    0.00000000000000             4
    0.45098039215687    0.09803921568628    0.00000000000000             4
    0.47058823529412    0.09803921568628    0.00000000000000             4
    0.49019607843138    0.09803921568628    0.00000000000000             4
   -0.49019607843137    0.09803921568628    0.00000000000000             4
   -0.47058823529411    0.09803921568628    0.00000000000000             4
   -0.45098039215686    0.09803921568628    0.00000000000000             4
   -0.43137254901961    0.09803921568628    0.00000000000000             4
   -0.41176470588235    0.09803921568628    0.00000000000000             4
   -0.39215686274510    0.09803921568628    0.00000000000000             4
   -0.37254901960784    0.09803921568628    0.00000000000000             4
   -0.35294117647059    0.09803921568628    0.00000000000000             4
   -0.33333333333333    0.09803921568628    0.00000000000000             4
   -0.31372549019608    0.09803921568628    0.00000000000000             4
   -0.29411764705882    0.09803921568628    0.00000000000000             4
   -0.27450980392157    0.09803921568628    0.00000000000000             4
   -0.25490196078432    0.09803921568628    0.00000000000000             4
   -0.23529411764706    0.09803921568628    0.00000000000000             4
   -0.21568627450981    0.09803921568628    0.00000000000000             4
   -0.19607843137255    0.09803921568628    0.00000000000000             4
   -0.17647058823530    0.09803921568628    0.00000000000000             4
   -0.15686274509804    0.09803921568628    0.00000000000000             4
   -0.13725490196079    0.09803921568628    0.00000000000000             4
   -0.11764705882353    0.09803921568628    0.00000000000000             4
   -0.09803921568628    0.09803921568628    0.00000000000000             2
    0.11764705882353    0.11764705882353    0.00000000000000             2
    0.13725490196079    0.11764705882353    0.00000000000000             4
    0.15686274509804    0.11764705882353    0.00000000000000             4
    0.17647058823530    0.11764705882353    0.00000000000000             4
    0.19607843137255    0.11764705882353    0.00000000000000             4
    0.21568627450981    0.11764705882353    0.00000000000000             4
    0.23529411764706    0.11764705882353    0.00000000000000             4
    0.25490196078432    0.11764705882353    0.00000000000000             4
    0.27450980392157    0.11764705882353    0.00000000000000             4
    0.29411764705883    0.11764705882353    0.00000000000000             4
    0.31372549019608    0.11764705882353    0.00000000000000             4
    0.33333333333334    0.11764705882353    0.00000000000000             4
    0.35294117647059    0.11764705882353    0.00000000000000             4
    0.37254901960785    0.11764705882353    0.00000000000000             4
    0.39215686274510    0.11764705882353    0.00000000000000             4
    0.41176470588236    0.11764705882353    0.00000000000000             4
    0.43137254901961    0.11764705882353    0.00000000000000             4
    0.45098039215687    0.11764705882353    0.00000000000000             4
    0.47058823529412    0.11764705882353    0.00000000000000             4
    0.49019607843138    0.11764705882353    0.00000000000000             4
   -0.49019607843137    0.11764705882353    0.00000000000000             4
   -0.47058823529411    0.11764705882353    0.00000000000000             4
   -0.45098039215686    0.11764705882353    0.00000000000000             4
   -0.43137254901961    0.11764705882353    0.00000000000000             4
   -0.41176470588235    0.11764705882353    0.00000000000000             4
   -0.39215686274510    0.11764705882353    0.00000000000000             4
   -0.37254901960784    0.11764705882353    0.00000000000000             4
   -0.35294117647059    0.11764705882353    0.00000000000000             4
   -0.33333333333333    0.11764705882353    0.00000000000000             4
   -0.31372549019608    0.11764705882353    0.00000000000000             4
   -0.29411764705882    0.11764705882353    0.00000000000000             4
   -0.27450980392157    0.11764705882353    0.00000000000000             4
   -0.25490196078432    0.11764705882353    0.00000000000000             4
   -0.23529411764706    0.11764705882353    0.00000000000000             4
   -0.21568627450981    0.11764705882353    0.00000000000000             4
   -0.19607843137255    0.11764705882353    0.00000000000000             4
   -0.17647058823530    0.11764705882353    0.00000000000000             4
   -0.15686274509804    0.11764705882353    0.00000000000000             4
   -0.13725490196079    0.11764705882353    0.00000000000000             4
   -0.11764705882353    0.11764705882353    0.00000000000000             2
    0.13725490196079    0.13725490196079    0.00000000000000             2
    0.15686274509804    0.13725490196079    0.00000000000000             4
    0.17647058823530    0.13725490196079    0.00000000000000             4
    0.19607843137255    0.13725490196079    0.00000000000000             4
    0.21568627450981    0.13725490196079    0.00000000000000             4
    0.23529411764706    0.13725490196079    0.00000000000000             4
    0.25490196078432    0.13725490196079    0.00000000000000             4
    0.27450980392157    0.13725490196079    0.00000000000000             4
    0.29411764705883    0.13725490196079    0.00000000000000             4
    0.31372549019608    0.13725490196079    0.00000000000000             4
    0.33333333333334    0.13725490196079    0.00000000000000             4
    0.35294117647059    0.13725490196079    0.00000000000000             4
    0.37254901960785    0.13725490196079    0.00000000000000             4
    0.39215686274510    0.13725490196079    0.00000000000000             4
    0.41176470588236    0.13725490196079    0.00000000000000             4
    0.43137254901961    0.13725490196079    0.00000000000000             4
    0.45098039215687    0.13725490196079    0.00000000000000             4
    0.47058823529412    0.13725490196079    0.00000000000000             4
    0.49019607843138    0.13725490196079    0.00000000000000             4
   -0.49019607843137    0.13725490196079    0.00000000000000             4
   -0.47058823529411    0.13725490196079    0.00000000000000             4
   -0.45098039215686    0.13725490196079    0.00000000000000             4
   -0.43137254901961    0.13725490196079    0.00000000000000             4
   -0.41176470588235    0.13725490196079    0.00000000000000             4
   -0.39215686274510    0.13725490196079    0.00000000000000             4
   -0.37254901960784    0.13725490196079    0.00000000000000             4
   -0.35294117647059    0.13725490196079    0.00000000000000             4
   -0.33333333333333    0.13725490196079    0.00000000000000             4
   -0.31372549019608    0.13725490196079    0.00000000000000             4
   -0.29411764705882    0.13725490196079    0.00000000000000             4
   -0.27450980392157    0.13725490196079    0.00000000000000             4
   -0.25490196078432    0.13725490196079    0.00000000000000             4
   -0.23529411764706    0.13725490196079    0.00000000000000             4
   -0.21568627450981    0.13725490196079    0.00000000000000             4
   -0.19607843137255    0.13725490196079    0.00000000000000             4
   -0.17647058823530    0.13725490196079    0.00000000000000             4
   -0.15686274509804    0.13725490196079    0.00000000000000             4
   -0.13725490196079    0.13725490196079    0.00000000000000             2
    0.15686274509804    0.15686274509804    0.00000000000000             2
    0.17647058823530    0.15686274509804    0.00000000000000             4
    0.19607843137255    0.15686274509804    0.00000000000000             4
    0.21568627450981    0.15686274509804    0.00000000000000             4
    0.23529411764706    0.15686274509804    0.00000000000000             4
    0.25490196078432    0.15686274509804    0.00000000000000             4
    0.27450980392157    0.15686274509804    0.00000000000000             4
    0.29411764705883    0.15686274509804    0.00000000000000             4
    0.31372549019608    0.15686274509804    0.00000000000000             4
    0.33333333333334    0.15686274509804    0.00000000000000             4
    0.35294117647059    0.15686274509804    0.00000000000000             4
    0.37254901960785    0.15686274509804    0.00000000000000             4
    0.39215686274510    0.15686274509804    0.00000000000000             4
    0.41176470588236    0.15686274509804    0.00000000000000             4
    0.43137254901961    0.15686274509804    0.00000000000000             4
    0.45098039215687    0.15686274509804    0.00000000000000             4
    0.47058823529412    0.15686274509804    0.00000000000000             4
    0.49019607843138    0.15686274509804    0.00000000000000             4
   -0.49019607843137    0.15686274509804    0.00000000000000             4
   -0.47058823529411    0.15686274509804    0.00000000000000             4
   -0.45098039215686    0.15686274509804    0.00000000000000             4
   -0.43137254901961    0.15686274509804    0.00000000000000             4
   -0.41176470588235    0.15686274509804    0.00000000000000             4
   -0.39215686274510    0.15686274509804    0.00000000000000             4
   -0.37254901960784    0.15686274509804    0.00000000000000             4
   -0.35294117647059    0.15686274509804    0.00000000000000             4
   -0.33333333333333    0.15686274509804    0.00000000000000             4
   -0.31372549019608    0.15686274509804    0.00000000000000             4
   -0.29411764705882    0.15686274509804    0.00000000000000             4
   -0.27450980392157    0.15686274509804    0.00000000000000             4
   -0.25490196078432    0.15686274509804    0.00000000000000             4
   -0.23529411764706    0.15686274509804    0.00000000000000             4
   -0.21568627450981    0.15686274509804    0.00000000000000             4
   -0.19607843137255    0.15686274509804    0.00000000000000             4
   -0.17647058823530    0.15686274509804    0.00000000000000             4
   -0.15686274509804    0.15686274509804    0.00000000000000             2
    0.17647058823530    0.17647058823530    0.00000000000000             2
    0.19607843137255    0.17647058823530    0.00000000000000             4
    0.21568627450981    0.17647058823530    0.00000000000000             4
    0.23529411764706    0.17647058823530    0.00000000000000             4
    0.25490196078432    0.17647058823530    0.00000000000000             4
    0.27450980392157    0.17647058823530    0.00000000000000             4
    0.29411764705883    0.17647058823530    0.00000000000000             4
    0.31372549019608    0.17647058823530    0.00000000000000             4
    0.33333333333334    0.17647058823530    0.00000000000000             4
    0.35294117647059    0.17647058823530    0.00000000000000             4
    0.37254901960785    0.17647058823530    0.00000000000000             4
    0.39215686274510    0.17647058823530    0.00000000000000             4
    0.41176470588236    0.17647058823530    0.00000000000000             4
    0.43137254901961    0.17647058823530    0.00000000000000             4
    0.45098039215687    0.17647058823530    0.00000000000000             4
    0.47058823529412    0.17647058823530    0.00000000000000             4
    0.49019607843138    0.17647058823530    0.00000000000000             4
   -0.49019607843137    0.17647058823530    0.00000000000000             4
   -0.47058823529411    0.17647058823530    0.00000000000000             4
   -0.45098039215686    0.17647058823530    0.00000000000000             4
   -0.43137254901961    0.17647058823530    0.00000000000000             4
   -0.41176470588235    0.17647058823530    0.00000000000000             4
   -0.39215686274510    0.17647058823530    0.00000000000000             4
   -0.37254901960784    0.17647058823530    0.00000000000000             4
   -0.35294117647059    0.17647058823530    0.00000000000000             4
   -0.33333333333333    0.17647058823530    0.00000000000000             4
   -0.31372549019608    0.17647058823530    0.00000000000000             4
   -0.29411764705882    0.17647058823530    0.00000000000000             4
   -0.27450980392157    0.17647058823530    0.00000000000000             4
   -0.25490196078432    0.17647058823530    0.00000000000000             4
   -0.23529411764706    0.17647058823530    0.00000000000000             4
   -0.21568627450981    0.17647058823530    0.00000000000000             4
   -0.19607843137255    0.17647058823530    0.00000000000000             4
   -0.17647058823530    0.17647058823530    0.00000000000000             2
    0.19607843137255    0.19607843137255    0.00000000000000             2
    0.21568627450981    0.19607843137255    0.00000000000000             4
    0.23529411764706    0.19607843137255    0.00000000000000             4
    0.25490196078432    0.19607843137255    0.00000000000000             4
    0.27450980392157    0.19607843137255    0.00000000000000             4
    0.29411764705883    0.19607843137255    0.00000000000000             4
    0.31372549019608    0.19607843137255    0.00000000000000             4
    0.33333333333334    0.19607843137255    0.00000000000000             4
    0.35294117647059    0.19607843137255    0.00000000000000             4
    0.37254901960785    0.19607843137255    0.00000000000000             4
    0.39215686274510    0.19607843137255    0.00000000000000             4
    0.41176470588236    0.19607843137255    0.00000000000000             4
    0.43137254901961    0.19607843137255    0.00000000000000             4
    0.45098039215687    0.19607843137255    0.00000000000000             4
    0.47058823529412    0.19607843137255    0.00000000000000             4
    0.49019607843138    0.19607843137255    0.00000000000000             4
   -0.49019607843137    0.19607843137255    0.00000000000000             4
   -0.47058823529411    0.19607843137255    0.00000000000000             4
   -0.45098039215686    0.19607843137255    0.00000000000000             4
   -0.43137254901961    0.19607843137255    0.00000000000000             4
   -0.41176470588235    0.19607843137255    0.00000000000000             4
   -0.39215686274510    0.19607843137255    0.00000000000000             4
   -0.37254901960784    0.19607843137255    0.00000000000000             4
   -0.35294117647059    0.19607843137255    0.00000000000000             4
   -0.33333333333333    0.19607843137255    0.00000000000000             4
   -0.31372549019608    0.19607843137255    0.00000000000000             4
   -0.29411764705882    0.19607843137255    0.00000000000000             4
   -0.27450980392157    0.19607843137255    0.00000000000000             4
   -0.25490196078432    0.19607843137255    0.00000000000000             4
   -0.23529411764706    0.19607843137255    0.00000000000000             4
   -0.21568627450981    0.19607843137255    0.00000000000000             4
   -0.19607843137255    0.19607843137255    0.00000000000000             2
    0.21568627450981    0.21568627450981    0.00000000000000             2
    0.23529411764706    0.21568627450981    0.00000000000000             4
    0.25490196078432    0.21568627450981    0.00000000000000             4
    0.27450980392157    0.21568627450981    0.00000000000000             4
    0.29411764705883    0.21568627450981    0.00000000000000             4
    0.31372549019608    0.21568627450981    0.00000000000000             4
    0.33333333333334    0.21568627450981    0.00000000000000             4
    0.35294117647059    0.21568627450981    0.00000000000000             4
    0.37254901960785    0.21568627450981    0.00000000000000             4
    0.39215686274510    0.21568627450981    0.00000000000000             4
    0.41176470588236    0.21568627450981    0.00000000000000             4
    0.43137254901961    0.21568627450981    0.00000000000000             4
    0.45098039215687    0.21568627450981    0.00000000000000             4
    0.47058823529412    0.21568627450981    0.00000000000000             4
    0.49019607843138    0.21568627450981    0.00000000000000             4
   -0.49019607843137    0.21568627450981    0.00000000000000             4
   -0.47058823529411    0.21568627450981    0.00000000000000             4
   -0.45098039215686    0.21568627450981    0.00000000000000             4
   -0.43137254901961    0.21568627450981    0.00000000000000             4
   -0.41176470588235    0.21568627450981    0.00000000000000             4
   -0.39215686274510    0.21568627450981    0.00000000000000             4
   -0.37254901960784    0.21568627450981    0.00000000000000             4
   -0.35294117647059    0.21568627450981    0.00000000000000             4
   -0.33333333333333    0.21568627450981    0.00000000000000             4
   -0.31372549019608    0.21568627450981    0.00000000000000             4
   -0.29411764705882    0.21568627450981    0.00000000000000             4
   -0.27450980392157    0.21568627450981    0.00000000000000             4
   -0.25490196078432    0.21568627450981    0.00000000000000             4
   -0.23529411764706    0.21568627450981    0.00000000000000             4
   -0.21568627450981    0.21568627450981    0.00000000000000             2
    0.23529411764706    0.23529411764706    0.00000000000000             2
    0.25490196078432    0.23529411764706    0.00000000000000             4
    0.27450980392157    0.23529411764706    0.00000000000000             4
    0.29411764705883    0.23529411764706    0.00000000000000             4
    0.31372549019608    0.23529411764706    0.00000000000000             4
    0.33333333333334    0.23529411764706    0.00000000000000             4
    0.35294117647059    0.23529411764706    0.00000000000000             4
    0.37254901960785    0.23529411764706    0.00000000000000             4
    0.39215686274510    0.23529411764706    0.00000000000000             4
    0.41176470588236    0.23529411764706    0.00000000000000             4
    0.43137254901961    0.23529411764706    0.00000000000000             4
    0.45098039215687    0.23529411764706    0.00000000000000             4
    0.47058823529412    0.23529411764706    0.00000000000000             4
    0.49019607843138    0.23529411764706    0.00000000000000             4
   -0.49019607843137    0.23529411764706    0.00000000000000             4
   -0.47058823529411    0.23529411764706    0.00000000000000             4
   -0.45098039215686    0.23529411764706    0.00000000000000             4
   -0.43137254901961    0.23529411764706    0.00000000000000             4
   -0.41176470588235    0.23529411764706    0.00000000000000             4
   -0.39215686274510    0.23529411764706    0.00000000000000             4
   -0.37254901960784    0.23529411764706    0.00000000000000             4
   -0.35294117647059    0.23529411764706    0.00000000000000             4
   -0.33333333333333    0.23529411764706    0.00000000000000             4
   -0.31372549019608    0.23529411764706    0.00000000000000             4
   -0.29411764705882    0.23529411764706    0.00000000000000             4
   -0.27450980392157    0.23529411764706    0.00000000000000             4
   -0.25490196078432    0.23529411764706    0.00000000000000             4
   -0.23529411764706    0.23529411764706    0.00000000000000             2
    0.25490196078432    0.25490196078432    0.00000000000000             2
    0.27450980392157    0.25490196078432    0.00000000000000             4
    0.29411764705883    0.25490196078432    0.00000000000000             4
    0.31372549019608    0.25490196078432    0.00000000000000             4
    0.33333333333334    0.25490196078432    0.00000000000000             4
    0.35294117647059    0.25490196078432    0.00000000000000             4
    0.37254901960785    0.25490196078432    0.00000000000000             4
    0.39215686274510    0.25490196078432    0.00000000000000             4
    0.41176470588236    0.25490196078432    0.00000000000000             4
    0.43137254901961    0.25490196078432    0.00000000000000             4
    0.45098039215687    0.25490196078432    0.00000000000000             4
    0.47058823529412    0.25490196078432    0.00000000000000             4
    0.49019607843138    0.25490196078432    0.00000000000000             4
   -0.49019607843137    0.25490196078432    0.00000000000000             4
   -0.47058823529411    0.25490196078432    0.00000000000000             4
   -0.45098039215686    0.25490196078432    0.00000000000000             4
   -0.43137254901961    0.25490196078432    0.00000000000000             4
   -0.41176470588235    0.25490196078432    0.00000000000000             4
   -0.39215686274510    0.25490196078432    0.00000000000000             4
   -0.37254901960784    0.25490196078432    0.00000000000000             4
   -0.35294117647059    0.25490196078432    0.00000000000000             4
   -0.33333333333333    0.25490196078432    0.00000000000000             4
   -0.31372549019608    0.25490196078432    0.00000000000000             4
   -0.29411764705882    0.25490196078432    0.00000000000000             4
   -0.27450980392157    0.25490196078432    0.00000000000000             4
   -0.25490196078432    0.25490196078432    0.00000000000000             2
    0.27450980392157    0.27450980392157    0.00000000000000             2
    0.29411764705883    0.27450980392157    0.00000000000000             4
    0.31372549019608    0.27450980392157    0.00000000000000             4
    0.33333333333334    0.27450980392157    0.00000000000000             4
    0.35294117647059    0.27450980392157    0.00000000000000             4
    0.37254901960785    0.27450980392157    0.00000000000000             4
    0.39215686274510    0.27450980392157    0.00000000000000             4
    0.41176470588236    0.27450980392157    0.00000000000000             4
    0.43137254901961    0.27450980392157    0.00000000000000             4
    0.45098039215687    0.27450980392157    0.00000000000000             4
    0.47058823529412    0.27450980392157    0.00000000000000             4
    0.49019607843138    0.27450980392157    0.00000000000000             4
   -0.49019607843137    0.27450980392157    0.00000000000000             4
   -0.47058823529411    0.27450980392157    0.00000000000000             4
   -0.45098039215686    0.27450980392157    0.00000000000000             4
   -0.43137254901961    0.27450980392157    0.00000000000000             4
   -0.41176470588235    0.27450980392157    0.00000000000000             4
   -0.39215686274510    0.27450980392157    0.00000000000000             4
   -0.37254901960784    0.27450980392157    0.00000000000000             4
   -0.35294117647059    0.27450980392157    0.00000000000000             4
   -0.33333333333333    0.27450980392157    0.00000000000000             4
   -0.31372549019608    0.27450980392157    0.00000000000000             4
   -0.29411764705882    0.27450980392157    0.00000000000000             4
   -0.27450980392157    0.27450980392157    0.00000000000000             2
    0.29411764705883    0.29411764705883    0.00000000000000             2
    0.31372549019608    0.29411764705883    0.00000000000000             4
    0.33333333333334    0.29411764705883    0.00000000000000             4
    0.35294117647059    0.29411764705883    0.00000000000000             4
    0.37254901960785    0.29411764705883    0.00000000000000             4
    0.39215686274510    0.29411764705883    0.00000000000000             4
    0.41176470588236    0.29411764705883    0.00000000000000             4
    0.43137254901961    0.29411764705883    0.00000000000000             4
    0.45098039215687    0.29411764705883    0.00000000000000             4
    0.47058823529412    0.29411764705883    0.00000000000000             4
    0.49019607843138    0.29411764705883    0.00000000000000             4
   -0.49019607843137    0.29411764705883    0.00000000000000             4
   -0.47058823529411    0.29411764705883    0.00000000000000             4
   -0.45098039215686    0.29411764705883    0.00000000000000             4
   -0.43137254901961    0.29411764705883    0.00000000000000             4
   -0.41176470588235    0.29411764705883    0.00000000000000             4
   -0.39215686274510    0.29411764705883    0.00000000000000             4
   -0.37254901960784    0.29411764705883    0.00000000000000             4
   -0.35294117647059    0.29411764705883    0.00000000000000             4
   -0.33333333333333    0.29411764705883    0.00000000000000             4
   -0.31372549019608    0.29411764705883    0.00000000000000             4
   -0.29411764705882    0.29411764705883    0.00000000000000             2
    0.31372549019608    0.31372549019608    0.00000000000000             2
    0.33333333333334    0.31372549019608    0.00000000000000             4
    0.35294117647059    0.31372549019608    0.00000000000000             4
    0.37254901960785    0.31372549019608    0.00000000000000             4
    0.39215686274510    0.31372549019608    0.00000000000000             4
    0.41176470588236    0.31372549019608    0.00000000000000             4
    0.43137254901961    0.31372549019608    0.00000000000000             4
    0.45098039215687    0.31372549019608    0.00000000000000             4
    0.47058823529412    0.31372549019608    0.00000000000000             4
    0.49019607843138    0.31372549019608    0.00000000000000             4
   -0.49019607843137    0.31372549019608    0.00000000000000             4
   -0.47058823529411    0.31372549019608    0.00000000000000             4
   -0.45098039215686    0.31372549019608    0.00000000000000             4
   -0.43137254901961    0.31372549019608    0.00000000000000             4
   -0.41176470588235    0.31372549019608    0.00000000000000             4
   -0.39215686274510    0.31372549019608    0.00000000000000             4
   -0.37254901960784    0.31372549019608    0.00000000000000             4
   -0.35294117647059    0.31372549019608    0.00000000000000             4
   -0.33333333333333    0.31372549019608    0.00000000000000             4
   -0.31372549019608    0.31372549019608    0.00000000000000             2
    0.33333333333334    0.33333333333334    0.00000000000000             2
    0.35294117647059    0.33333333333334    0.00000000000000             4
    0.37254901960785    0.33333333333334    0.00000000000000             4
    0.39215686274510    0.33333333333334    0.00000000000000             4
    0.41176470588236    0.33333333333334    0.00000000000000             4
    0.43137254901961    0.33333333333334    0.00000000000000             4
    0.45098039215687    0.33333333333334    0.00000000000000             4
    0.47058823529412    0.33333333333334    0.00000000000000             4
    0.49019607843138    0.33333333333334    0.00000000000000             4
   -0.49019607843137    0.33333333333334    0.00000000000000             4
   -0.47058823529411    0.33333333333334    0.00000000000000             4
   -0.45098039215686    0.33333333333334    0.00000000000000             4
   -0.43137254901961    0.33333333333334    0.00000000000000             4
   -0.41176470588235    0.33333333333334    0.00000000000000             4
   -0.39215686274510    0.33333333333334    0.00000000000000             4
   -0.37254901960784    0.33333333333334    0.00000000000000             4
   -0.35294117647059    0.33333333333334    0.00000000000000             4
   -0.33333333333333    0.33333333333334    0.00000000000000             2
    0.35294117647059    0.35294117647059    0.00000000000000             2
    0.37254901960785    0.35294117647059    0.00000000000000             4
    0.39215686274510    0.35294117647059    0.00000000000000             4
    0.41176470588236    0.35294117647059    0.00000000000000             4
    0.43137254901961    0.35294117647059    0.00000000000000             4
    0.45098039215687    0.35294117647059    0.00000000000000             4
    0.47058823529412    0.35294117647059    0.00000000000000             4
    0.49019607843138    0.35294117647059    0.00000000000000             4
   -0.49019607843137    0.35294117647059    0.00000000000000             4
   -0.47058823529411    0.35294117647059    0.00000000000000             4
   -0.45098039215686    0.35294117647059    0.00000000000000             4
   -0.43137254901961    0.35294117647059    0.00000000000000             4
   -0.41176470588235    0.35294117647059    0.00000000000000             4
   -0.39215686274510    0.35294117647059    0.00000000000000             4
   -0.37254901960784    0.35294117647059    0.00000000000000             4
   -0.35294117647059    0.35294117647059    0.00000000000000             2
    0.37254901960785    0.37254901960785    0.00000000000000             2
    0.39215686274510    0.37254901960785    0.00000000000000             4
    0.41176470588236    0.37254901960785    0.00000000000000             4
    0.43137254901961    0.37254901960785    0.00000000000000             4
    0.45098039215687    0.37254901960785    0.00000000000000             4
    0.47058823529412    0.37254901960785    0.00000000000000             4
    0.49019607843138    0.37254901960785    0.00000000000000             4
   -0.49019607843137    0.37254901960785    0.00000000000000             4
   -0.47058823529411    0.37254901960785    0.00000000000000             4
   -0.45098039215686    0.37254901960785    0.00000000000000             4
   -0.43137254901961    0.37254901960785    0.00000000000000             4
   -0.41176470588235    0.37254901960785    0.00000000000000             4
   -0.39215686274510    0.37254901960785    0.00000000000000             4
   -0.37254901960784    0.37254901960785    0.00000000000000             2
    0.39215686274510    0.39215686274510    0.00000000000000             2
    0.41176470588236    0.39215686274510    0.00000000000000             4
    0.43137254901961    0.39215686274510    0.00000000000000             4
    0.45098039215687    0.39215686274510    0.00000000000000             4
    0.47058823529412    0.39215686274510    0.00000000000000             4
    0.49019607843138    0.39215686274510    0.00000000000000             4
   -0.49019607843137    0.39215686274510    0.00000000000000             4
   -0.47058823529411    0.39215686274510    0.00000000000000             4
   -0.45098039215686    0.39215686274510    0.00000000000000             4
   -0.43137254901961    0.39215686274510    0.00000000000000             4
   -0.41176470588235    0.39215686274510    0.00000000000000             4
   -0.39215686274510    0.39215686274510    0.00000000000000             2
    0.41176470588236    0.41176470588236    0.00000000000000             2
    0.43137254901961    0.41176470588236    0.00000000000000             4
    0.45098039215687    0.41176470588236    0.00000000000000             4
    0.47058823529412    0.41176470588236    0.00000000000000             4
    0.49019607843138    0.41176470588236    0.00000000000000             4
   -0.49019607843137    0.41176470588236    0.00000000000000             4
   -0.47058823529411    0.41176470588236    0.00000000000000             4
   -0.45098039215686    0.41176470588236    0.00000000000000             4
   -0.43137254901961    0.41176470588236    0.00000000000000             4
   -0.41176470588235    0.41176470588236    0.00000000000000             2
    0.43137254901961    0.43137254901961    0.00000000000000             2
    0.45098039215687    0.43137254901961    0.00000000000000             4
    0.47058823529412    0.43137254901961    0.00000000000000             4
    0.49019607843138    0.43137254901961    0.00000000000000             4
   -0.49019607843137    0.43137254901961    0.00000000000000             4
   -0.47058823529411    0.43137254901961    0.00000000000000             4
   -0.45098039215686    0.43137254901961    0.00000000000000             4
   -0.43137254901961    0.43137254901961    0.00000000000000             2
    0.45098039215687    0.45098039215687    0.00000000000000             2
    0.47058823529412    0.45098039215687    0.00000000000000             4
    0.49019607843138    0.45098039215687    0.00000000000000             4
   -0.49019607843137    0.45098039215687    0.00000000000000             4
   -0.47058823529411    0.45098039215687    0.00000000000000             4
   -0.45098039215686    0.45098039215687    0.00000000000000             2
    0.47058823529412    0.47058823529412    0.00000000000000             2
    0.49019607843138    0.47058823529412    0.00000000000000             4
   -0.49019607843137    0.47058823529412    0.00000000000000             4
   -0.47058823529411    0.47058823529412    0.00000000000000             2
    0.49019607843138    0.49019607843138    0.00000000000000             2
   -0.49019607843137    0.49019607843138    0.00000000000000             2
