Automatically generated mesh
     550
Reciprocal lattice
    0.00000000000000    0.00000000000000    0.00000000000000             1
    0.05555555555556    0.00000000000000    0.00000000000000             4
    0.11111111111112    0.00000000000000    0.00000000000000             4
    0.16666666666667    0.00000000000000    0.00000000000000             4
    0.22222222222222    0.00000000000000    0.00000000000000             4
    0.27777777777778    0.00000000000000    0.00000000000000             4
    0.33333333333334    0.00000000000000    0.00000000000000             4
    0.38888888888889    0.00000000000000    0.00000000000000             4
    0.44444444444444    0.00000000000000    0.00000000000000             4
    0.50000000000000    0.00000000000000    0.00000000000000             2
    0.05555555555556    0.05555555555556    0.00000000000000             4
    0.11111111111112    0.05555555555556    0.00000000000000             8
    0.16666666666667    0.05555555555556    0.00000000000000             8
    0.22222222222222    0.05555555555556    0.00000000000000             8
    0.27777777777778    0.05555555555556    0.00000000000000             8
    0.33333333333334    0.05555555555556    0.00000000000000             8
    0.38888888888889    0.05555555555556    0.00000000000000             8
    0.44444444444444    0.05555555555556    0.00000000000000             8
    0.50000000000000    0.05555555555556    0.00000000000000             4
    0.11111111111112    0.11111111111112    0.00000000000000             4
    0.16666666666667    0.11111111111112    0.00000000000000             8
    0.22222222222222    0.11111111111112    0.00000000000000             8
    0.27777777777778    0.11111111111112    0.00000000000000             8
    0.33333333333334    0.11111111111112    0.00000000000000             8
    0.38888888888889    0.11111111111112    0.00000000000000             8
    0.44444444444444    0.11111111111112    0.00000000000000             8
    0.50000000000000    0.11111111111112    0.00000000000000             4
    0.16666666666667    0.16666666666667    0.00000000000000             4
    0.22222222222222    0.16666666666667    0.00000000000000             8
    0.27777777777778    0.16666666666667    0.00000000000000             8
    0.33333333333334    0.16666666666667    0.00000000000000             8
    0.38888888888889    0.16666666666667    0.00000000000000             8
    0.44444444444444    0.16666666666667    0.00000000000000             8
    0.50000000000000    0.16666666666667    0.00000000000000             4
    0.22222222222222    0.22222222222222    0.00000000000000             4
    0.27777777777778    0.22222222222222    0.00000000000000             8
    0.33333333333334    0.22222222222222    0.00000000000000             8
    0.38888888888889    0.22222222222222    0.00000000000000             8
    0.44444444444444    0.22222222222222    0.00000000000000             8
    0.50000000000000    0.22222222222222    0.00000000000000             4
    0.27777777777778    0.27777777777778    0.00000000000000             4
    0.33333333333334    0.27777777777778    0.00000000000000             8
    0.38888888888889    0.27777777777778    0.00000000000000             8
    0.44444444444444    0.27777777777778    0.00000000000000             8
    0.50000000000000    0.27777777777778    0.00000000000000             4
    0.33333333333334    0.33333333333334    0.00000000000000             4
    0.38888888888889    0.33333333333334    0.00000000000000             8
    0.44444444444444    0.33333333333334    0.00000000000000             8
    0.50000000000000    0.33333333333334    0.00000000000000             4
    0.38888888888889    0.38888888888889    0.00000000000000             4
    0.44444444444444    0.38888888888889    0.00000000000000             8
    0.50000000000000    0.38888888888889    0.00000000000000             4
    0.44444444444444    0.44444444444444    0.00000000000000             4
    0.50000000000000    0.44444444444444    0.00000000000000             4
    0.50000000000000    0.50000000000000    0.00000000000000             1
    0.00000000000000    0.00000000000000    0.05555555555556             2
    0.05555555555556    0.00000000000000    0.05555555555556             8
    0.11111111111112    0.00000000000000    0.05555555555556             8
    0.16666666666667    0.00000000000000    0.05555555555556             8
    0.22222222222222    0.00000000000000    0.05555555555556             8
    0.27777777777778    0.00000000000000    0.05555555555556             8
    0.33333333333334    0.00000000000000    0.05555555555556             8
    0.38888888888889    0.00000000000000    0.05555555555556             8
    0.44444444444444    0.00000000000000    0.05555555555556             8
    0.50000000000000    0.00000000000000    0.05555555555556             4
    0.05555555555556    0.05555555555556    0.05555555555556             8
    0.11111111111112    0.05555555555556    0.05555555555556            16
    0.16666666666667    0.05555555555556    0.05555555555556            16
    0.22222222222222    0.05555555555556    0.05555555555556            16
    0.27777777777778    0.05555555555556    0.05555555555556            16
    0.33333333333334    0.05555555555556    0.05555555555556            16
    0.38888888888889    0.05555555555556    0.05555555555556            16
    0.44444444444444    0.05555555555556    0.05555555555556            16
    0.50000000000000    0.05555555555556    0.05555555555556             8
    0.11111111111112    0.11111111111112    0.05555555555556             8
    0.16666666666667    0.11111111111112    0.05555555555556            16
    0.22222222222222    0.11111111111112    0.05555555555556            16
    0.27777777777778    0.11111111111112    0.05555555555556            16
    0.33333333333334    0.11111111111112    0.05555555555556            16
    0.38888888888889    0.11111111111112    0.05555555555556            16
    0.44444444444444    0.11111111111112    0.05555555555556            16
    0.50000000000000    0.11111111111112    0.05555555555556             8
    0.16666666666667    0.16666666666667    0.05555555555556             8
    0.22222222222222    0.16666666666667    0.05555555555556            16
    0.27777777777778    0.16666666666667    0.05555555555556            16
    0.33333333333334    0.16666666666667    0.05555555555556            16
    0.38888888888889    0.16666666666667    0.05555555555556            16
    0.44444444444444    0.16666666666667    0.05555555555556            16
    0.50000000000000    0.16666666666667    0.05555555555556             8
    0.22222222222222    0.22222222222222    0.05555555555556             8
    0.27777777777778    0.22222222222222    0.05555555555556            16
    0.33333333333334    0.22222222222222    0.05555555555556            16
    0.38888888888889    0.22222222222222    0.05555555555556            16
    0.44444444444444    0.22222222222222    0.05555555555556            16
    0.50000000000000    0.22222222222222    0.05555555555556             8
    0.27777777777778    0.27777777777778    0.05555555555556             8
    0.33333333333334    0.27777777777778    0.05555555555556            16
    0.38888888888889    0.27777777777778    0.05555555555556            16
    0.44444444444444    0.27777777777778    0.05555555555556            16
    0.50000000000000    0.27777777777778    0.05555555555556             8
    0.33333333333334    0.33333333333334    0.05555555555556             8
    0.38888888888889    0.33333333333334    0.05555555555556            16
    0.44444444444444    0.33333333333334    0.05555555555556            16
    0.50000000000000    0.33333333333334    0.05555555555556             8
    0.38888888888889    0.38888888888889    0.05555555555556             8
    0.44444444444444    0.38888888888889    0.05555555555556            16
    0.50000000000000    0.38888888888889    0.05555555555556             8
    0.44444444444444    0.44444444444444    0.05555555555556             8
    0.50000000000000    0.44444444444444    0.05555555555556             8
    0.50000000000000    0.50000000000000    0.05555555555556             2
    0.00000000000000    0.00000000000000    0.11111111111112             2
    0.05555555555556    0.00000000000000    0.11111111111112             8
    0.11111111111112    0.00000000000000    0.11111111111112             8
    0.16666666666667    0.00000000000000    0.11111111111112             8
    0.22222222222222    0.00000000000000    0.11111111111112             8
    0.27777777777778    0.00000000000000    0.11111111111112             8
    0.33333333333334    0.00000000000000    0.11111111111112             8
    0.38888888888889    0.00000000000000    0.11111111111112             8
    0.44444444444444    0.00000000000000    0.11111111111112             8
    0.50000000000000    0.00000000000000    0.11111111111112             4
    0.05555555555556    0.05555555555556    0.11111111111112             8
    0.11111111111112    0.05555555555556    0.11111111111112            16
    0.16666666666667    0.05555555555556    0.11111111111112            16
    0.22222222222222    0.05555555555556    0.11111111111112            16
    0.27777777777778    0.05555555555556    0.11111111111112            16
    0.33333333333334    0.05555555555556    0.11111111111112            16
    0.38888888888889    0.05555555555556    0.11111111111112            16
    0.44444444444444    0.05555555555556    0.11111111111112            16
    0.50000000000000    0.05555555555556    0.11111111111112             8
    0.11111111111112    0.11111111111112    0.11111111111112             8
    0.16666666666667    0.11111111111112    0.11111111111112            16
    0.22222222222222    0.11111111111112    0.11111111111112            16
    0.27777777777778    0.11111111111112    0.11111111111112            16
    0.33333333333334    0.11111111111112    0.11111111111112            16
    0.38888888888889    0.11111111111112    0.11111111111112            16
    0.44444444444444    0.11111111111112    0.11111111111112            16
    0.50000000000000    0.11111111111112    0.11111111111112             8
    0.16666666666667    0.16666666666667    0.11111111111112             8
    0.22222222222222    0.16666666666667    0.11111111111112            16
    0.27777777777778    0.16666666666667    0.11111111111112            16
    0.33333333333334    0.16666666666667    0.11111111111112            16
    0.38888888888889    0.16666666666667    0.11111111111112            16
    0.44444444444444    0.16666666666667    0.11111111111112            16
    0.50000000000000    0.16666666666667    0.11111111111112             8
    0.22222222222222    0.22222222222222    0.11111111111112             8
    0.27777777777778    0.22222222222222    0.11111111111112            16
    0.33333333333334    0.22222222222222    0.11111111111112            16
    0.38888888888889    0.22222222222222    0.11111111111112            16
    0.44444444444444    0.22222222222222    0.11111111111112            16
    0.50000000000000    0.22222222222222    0.11111111111112             8
    0.27777777777778    0.27777777777778    0.11111111111112             8
    0.33333333333334    0.27777777777778    0.11111111111112            16
    0.38888888888889    0.27777777777778    0.11111111111112            16
    0.44444444444444    0.27777777777778    0.11111111111112            16
    0.50000000000000    0.27777777777778    0.11111111111112             8
    0.33333333333334    0.33333333333334    0.11111111111112             8
    0.38888888888889    0.33333333333334    0.11111111111112            16
    0.44444444444444    0.33333333333334    0.11111111111112            16
    0.50000000000000    0.33333333333334    0.11111111111112             8
    0.38888888888889    0.38888888888889    0.11111111111112             8
    0.44444444444444    0.38888888888889    0.11111111111112            16
    0.50000000000000    0.38888888888889    0.11111111111112             8
    0.44444444444444    0.44444444444444    0.11111111111112             8
    0.50000000000000    0.44444444444444    0.11111111111112             8
    0.50000000000000    0.50000000000000    0.11111111111112             2
    0.00000000000000    0.00000000000000    0.16666666666667             2
    0.05555555555556    0.00000000000000    0.16666666666667             8
    0.11111111111112    0.00000000000000    0.16666666666667             8
    0.16666666666667    0.00000000000000    0.16666666666667             8
    0.22222222222222    0.00000000000000    0.16666666666667             8
    0.27777777777778    0.00000000000000    0.16666666666667             8
    0.33333333333334    0.00000000000000    0.16666666666667             8
    0.38888888888889    0.00000000000000    0.16666666666667             8
    0.44444444444444    0.00000000000000    0.16666666666667             8
    0.50000000000000    0.00000000000000    0.16666666666667             4
    0.05555555555556    0.05555555555556    0.16666666666667             8
    0.11111111111112    0.05555555555556    0.16666666666667            16
    0.16666666666667    0.05555555555556    0.16666666666667            16
    0.22222222222222    0.05555555555556    0.16666666666667            16
    0.27777777777778    0.05555555555556    0.16666666666667            16
    0.33333333333334    0.05555555555556    0.16666666666667            16
    0.38888888888889    0.05555555555556    0.16666666666667            16
    0.44444444444444    0.05555555555556    0.16666666666667            16
    0.50000000000000    0.05555555555556    0.16666666666667             8
    0.11111111111112    0.11111111111112    0.16666666666667             8
    0.16666666666667    0.11111111111112    0.16666666666667            16
    0.22222222222222    0.11111111111112    0.16666666666667            16
    0.27777777777778    0.11111111111112    0.16666666666667            16
    0.33333333333334    0.11111111111112    0.16666666666667            16
    0.38888888888889    0.11111111111112    0.16666666666667            16
    0.44444444444444    0.11111111111112    0.16666666666667            16
    0.50000000000000    0.11111111111112    0.16666666666667             8
    0.16666666666667    0.16666666666667    0.16666666666667             8
    0.22222222222222    0.16666666666667    0.16666666666667            16
    0.27777777777778    0.16666666666667    0.16666666666667            16
    0.33333333333334    0.16666666666667    0.16666666666667            16
    0.38888888888889    0.16666666666667    0.16666666666667            16
    0.44444444444444    0.16666666666667    0.16666666666667            16
    0.50000000000000    0.16666666666667    0.16666666666667             8
    0.22222222222222    0.22222222222222    0.16666666666667             8
    0.27777777777778    0.22222222222222    0.16666666666667            16
    0.33333333333334    0.22222222222222    0.16666666666667            16
    0.38888888888889    0.22222222222222    0.16666666666667            16
    0.44444444444444    0.22222222222222    0.16666666666667            16
    0.50000000000000    0.22222222222222    0.16666666666667             8
    0.27777777777778    0.27777777777778    0.16666666666667             8
    0.33333333333334    0.27777777777778    0.16666666666667            16
    0.38888888888889    0.27777777777778    0.16666666666667            16
    0.44444444444444    0.27777777777778    0.16666666666667            16
    0.50000000000000    0.27777777777778    0.16666666666667             8
    0.33333333333334    0.33333333333334    0.16666666666667             8
    0.38888888888889    0.33333333333334    0.16666666666667            16
    0.44444444444444    0.33333333333334    0.16666666666667            16
    0.50000000000000    0.33333333333334    0.16666666666667             8
    0.38888888888889    0.38888888888889    0.16666666666667             8
    0.44444444444444    0.38888888888889    0.16666666666667            16
    0.50000000000000    0.38888888888889    0.16666666666667             8
    0.44444444444444    0.44444444444444    0.16666666666667             8
    0.50000000000000    0.44444444444444    0.16666666666667             8
    0.50000000000000    0.50000000000000    0.16666666666667             2
    0.00000000000000    0.00000000000000    0.22222222222222             2
    0.05555555555556    0.00000000000000    0.22222222222222             8
    0.11111111111112    0.00000000000000    0.22222222222222             8
    0.16666666666667    0.00000000000000    0.22222222222222             8
    0.22222222222222    0.00000000000000    0.22222222222222             8
    0.27777777777778    0.00000000000000    0.22222222222222             8
    0.33333333333334    0.00000000000000    0.22222222222222             8
    0.38888888888889    0.00000000000000    0.22222222222222             8
    0.44444444444444    0.00000000000000    0.22222222222222             8
    0.50000000000000    0.00000000000000    0.22222222222222             4
    0.05555555555556    0.05555555555556    0.22222222222222             8
    0.11111111111112    0.05555555555556    0.22222222222222            16
    0.16666666666667    0.05555555555556    0.22222222222222            16
    0.22222222222222    0.05555555555556    0.22222222222222            16
    0.27777777777778    0.05555555555556    0.22222222222222            16
    0.33333333333334    0.05555555555556    0.22222222222222            16
    0.38888888888889    0.05555555555556    0.22222222222222            16
    0.44444444444444    0.05555555555556    0.22222222222222            16
    0.50000000000000    0.05555555555556    0.22222222222222             8
    0.11111111111112    0.11111111111112    0.22222222222222             8
    0.16666666666667    0.11111111111112    0.22222222222222            16
    0.22222222222222    0.11111111111112    0.22222222222222            16
    0.27777777777778    0.11111111111112    0.22222222222222            16
    0.33333333333334    0.11111111111112    0.22222222222222            16
    0.38888888888889    0.11111111111112    0.22222222222222            16
    0.44444444444444    0.11111111111112    0.22222222222222            16
    0.50000000000000    0.11111111111112    0.22222222222222             8
    0.16666666666667    0.16666666666667    0.22222222222222             8
    0.22222222222222    0.16666666666667    0.22222222222222            16
    0.27777777777778    0.16666666666667    0.22222222222222            16
    0.33333333333334    0.16666666666667    0.22222222222222            16
    0.38888888888889    0.16666666666667    0.22222222222222            16
    0.44444444444444    0.16666666666667    0.22222222222222            16
    0.50000000000000    0.16666666666667    0.22222222222222             8
    0.22222222222222    0.22222222222222    0.22222222222222             8
    0.27777777777778    0.22222222222222    0.22222222222222            16
    0.33333333333334    0.22222222222222    0.22222222222222            16
    0.38888888888889    0.22222222222222    0.22222222222222            16
    0.44444444444444    0.22222222222222    0.22222222222222            16
    0.50000000000000    0.22222222222222    0.22222222222222             8
    0.27777777777778    0.27777777777778    0.22222222222222             8
    0.33333333333334    0.27777777777778    0.22222222222222            16
    0.38888888888889    0.27777777777778    0.22222222222222            16
    0.44444444444444    0.27777777777778    0.22222222222222            16
    0.50000000000000    0.27777777777778    0.22222222222222             8
    0.33333333333334    0.33333333333334    0.22222222222222             8
    0.38888888888889    0.33333333333334    0.22222222222222            16
    0.44444444444444    0.33333333333334    0.22222222222222            16
    0.50000000000000    0.33333333333334    0.22222222222222             8
    0.38888888888889    0.38888888888889    0.22222222222222             8
    0.44444444444444    0.38888888888889    0.22222222222222            16
    0.50000000000000    0.38888888888889    0.22222222222222             8
    0.44444444444444    0.44444444444444    0.22222222222222             8
    0.50000000000000    0.44444444444444    0.22222222222222             8
    0.50000000000000    0.50000000000000    0.22222222222222             2
    0.00000000000000    0.00000000000000    0.27777777777778             2
    0.05555555555556    0.00000000000000    0.27777777777778             8
    0.11111111111112    0.00000000000000    0.27777777777778             8
    0.16666666666667    0.00000000000000    0.27777777777778             8
    0.22222222222222    0.00000000000000    0.27777777777778             8
    0.27777777777778    0.00000000000000    0.27777777777778             8
    0.33333333333334    0.00000000000000    0.27777777777778             8
    0.38888888888889    0.00000000000000    0.27777777777778             8
    0.44444444444444    0.00000000000000    0.27777777777778             8
    0.50000000000000    0.00000000000000    0.27777777777778             4
    0.05555555555556    0.05555555555556    0.27777777777778             8
    0.11111111111112    0.05555555555556    0.27777777777778            16
    0.16666666666667    0.05555555555556    0.27777777777778            16
    0.22222222222222    0.05555555555556    0.27777777777778            16
    0.27777777777778    0.05555555555556    0.27777777777778            16
    0.33333333333334    0.05555555555556    0.27777777777778            16
    0.38888888888889    0.05555555555556    0.27777777777778            16
    0.44444444444444    0.05555555555556    0.27777777777778            16
    0.50000000000000    0.05555555555556    0.27777777777778             8
    0.11111111111112    0.11111111111112    0.27777777777778             8
    0.16666666666667    0.11111111111112    0.27777777777778            16
    0.22222222222222    0.11111111111112    0.27777777777778            16
    0.27777777777778    0.11111111111112    0.27777777777778            16
    0.33333333333334    0.11111111111112    0.27777777777778            16
    0.38888888888889    0.11111111111112    0.27777777777778            16
    0.44444444444444    0.11111111111112    0.27777777777778            16
    0.50000000000000    0.11111111111112    0.27777777777778             8
    0.16666666666667    0.16666666666667    0.27777777777778             8
    0.22222222222222    0.16666666666667    0.27777777777778            16
    0.27777777777778    0.16666666666667    0.27777777777778            16
    0.33333333333334    0.16666666666667    0.27777777777778            16
    0.38888888888889    0.16666666666667    0.27777777777778            16
    0.44444444444444    0.16666666666667    0.27777777777778            16
    0.50000000000000    0.16666666666667    0.27777777777778             8
    0.22222222222222    0.22222222222222    0.27777777777778             8
    0.27777777777778    0.22222222222222    0.27777777777778            16
    0.33333333333334    0.22222222222222    0.27777777777778            16
    0.38888888888889    0.22222222222222    0.27777777777778            16
    0.44444444444444    0.22222222222222    0.27777777777778            16
    0.50000000000000    0.22222222222222    0.27777777777778             8
    0.27777777777778    0.27777777777778    0.27777777777778             8
    0.33333333333334    0.27777777777778    0.27777777777778            16
    0.38888888888889    0.27777777777778    0.27777777777778            16
    0.44444444444444    0.27777777777778    0.27777777777778            16
    0.50000000000000    0.27777777777778    0.27777777777778             8
    0.33333333333334    0.33333333333334    0.27777777777778             8
    0.38888888888889    0.33333333333334    0.27777777777778            16
    0.44444444444444    0.33333333333334    0.27777777777778            16
    0.50000000000000    0.33333333333334    0.27777777777778             8
    0.38888888888889    0.38888888888889    0.27777777777778             8
    0.44444444444444    0.38888888888889    0.27777777777778            16
    0.50000000000000    0.38888888888889    0.27777777777778             8
    0.44444444444444    0.44444444444444    0.27777777777778             8
    0.50000000000000    0.44444444444444    0.27777777777778             8
    0.50000000000000    0.50000000000000    0.27777777777778             2
    0.00000000000000    0.00000000000000    0.33333333333334             2
    0.05555555555556    0.00000000000000    0.33333333333334             8
    0.11111111111112    0.00000000000000    0.33333333333334             8
    0.16666666666667    0.00000000000000    0.33333333333334             8
    0.22222222222222    0.00000000000000    0.33333333333334             8
    0.27777777777778    0.00000000000000    0.33333333333334             8
    0.33333333333334    0.00000000000000    0.33333333333334             8
    0.38888888888889    0.00000000000000    0.33333333333334             8
    0.44444444444444    0.00000000000000    0.33333333333334             8
    0.50000000000000    0.00000000000000    0.33333333333334             4
    0.05555555555556    0.05555555555556    0.33333333333334             8
    0.11111111111112    0.05555555555556    0.33333333333334            16
    0.16666666666667    0.05555555555556    0.33333333333334            16
    0.22222222222222    0.05555555555556    0.33333333333334            16
    0.27777777777778    0.05555555555556    0.33333333333334            16
    0.33333333333334    0.05555555555556    0.33333333333334            16
    0.38888888888889    0.05555555555556    0.33333333333334            16
    0.44444444444444    0.05555555555556    0.33333333333334            16
    0.50000000000000    0.05555555555556    0.33333333333334             8
    0.11111111111112    0.11111111111112    0.33333333333334             8
    0.16666666666667    0.11111111111112    0.33333333333334            16
    0.22222222222222    0.11111111111112    0.33333333333334            16
    0.27777777777778    0.11111111111112    0.33333333333334            16
    0.33333333333334    0.11111111111112    0.33333333333334            16
    0.38888888888889    0.11111111111112    0.33333333333334            16
    0.44444444444444    0.11111111111112    0.33333333333334            16
    0.50000000000000    0.11111111111112    0.33333333333334             8
    0.16666666666667    0.16666666666667    0.33333333333334             8
    0.22222222222222    0.16666666666667    0.33333333333334            16
    0.27777777777778    0.16666666666667    0.33333333333334            16
    0.33333333333334    0.16666666666667    0.33333333333334            16
    0.38888888888889    0.16666666666667    0.33333333333334            16
    0.44444444444444    0.16666666666667    0.33333333333334            16
    0.50000000000000    0.16666666666667    0.33333333333334             8
    0.22222222222222    0.22222222222222    0.33333333333334             8
    0.27777777777778    0.22222222222222    0.33333333333334            16
    0.33333333333334    0.22222222222222    0.33333333333334            16
    0.38888888888889    0.22222222222222    0.33333333333334            16
    0.44444444444444    0.22222222222222    0.33333333333334            16
    0.50000000000000    0.22222222222222    0.33333333333334             8
    0.27777777777778    0.27777777777778    0.33333333333334             8
    0.33333333333334    0.27777777777778    0.33333333333334            16
    0.38888888888889    0.27777777777778    0.33333333333334            16
    0.44444444444444    0.27777777777778    0.33333333333334            16
    0.50000000000000    0.27777777777778    0.33333333333334             8
    0.33333333333334    0.33333333333334    0.33333333333334             8
    0.38888888888889    0.33333333333334    0.33333333333334            16
    0.44444444444444    0.33333333333334    0.33333333333334            16
    0.50000000000000    0.33333333333334    0.33333333333334             8
    0.38888888888889    0.38888888888889    0.33333333333334             8
    0.44444444444444    0.38888888888889    0.33333333333334            16
    0.50000000000000    0.38888888888889    0.33333333333334             8
    0.44444444444444    0.44444444444444    0.33333333333334             8
    0.50000000000000    0.44444444444444    0.33333333333334             8
    0.50000000000000    0.50000000000000    0.33333333333334             2
    0.00000000000000    0.00000000000000    0.38888888888889             2
    0.05555555555556    0.00000000000000    0.38888888888889             8
    0.11111111111112    0.00000000000000    0.38888888888889             8
    0.16666666666667    0.00000000000000    0.38888888888889             8
    0.22222222222222    0.00000000000000    0.38888888888889             8
    0.27777777777778    0.00000000000000    0.38888888888889             8
    0.33333333333334    0.00000000000000    0.38888888888889             8
    0.38888888888889    0.00000000000000    0.38888888888889             8
    0.44444444444444    0.00000000000000    0.38888888888889             8
    0.50000000000000    0.00000000000000    0.38888888888889             4
    0.05555555555556    0.05555555555556    0.38888888888889             8
    0.11111111111112    0.05555555555556    0.38888888888889            16
    0.16666666666667    0.05555555555556    0.38888888888889            16
    0.22222222222222    0.05555555555556    0.38888888888889            16
    0.27777777777778    0.05555555555556    0.38888888888889            16
    0.33333333333334    0.05555555555556    0.38888888888889            16
    0.38888888888889    0.05555555555556    0.38888888888889            16
    0.44444444444444    0.05555555555556    0.38888888888889            16
    0.50000000000000    0.05555555555556    0.38888888888889             8
    0.11111111111112    0.11111111111112    0.38888888888889             8
    0.16666666666667    0.11111111111112    0.38888888888889            16
    0.22222222222222    0.11111111111112    0.38888888888889            16
    0.27777777777778    0.11111111111112    0.38888888888889            16
    0.33333333333334    0.11111111111112    0.38888888888889            16
    0.38888888888889    0.11111111111112    0.38888888888889            16
    0.44444444444444    0.11111111111112    0.38888888888889            16
    0.50000000000000    0.11111111111112    0.38888888888889             8
    0.16666666666667    0.16666666666667    0.38888888888889             8
    0.22222222222222    0.16666666666667    0.38888888888889            16
    0.27777777777778    0.16666666666667    0.38888888888889            16
    0.33333333333334    0.16666666666667    0.38888888888889            16
    0.38888888888889    0.16666666666667    0.38888888888889            16
    0.44444444444444    0.16666666666667    0.38888888888889            16
    0.50000000000000    0.16666666666667    0.38888888888889             8
    0.22222222222222    0.22222222222222    0.38888888888889             8
    0.27777777777778    0.22222222222222    0.38888888888889            16
    0.33333333333334    0.22222222222222    0.38888888888889            16
    0.38888888888889    0.22222222222222    0.38888888888889            16
    0.44444444444444    0.22222222222222    0.38888888888889            16
    0.50000000000000    0.22222222222222    0.38888888888889             8
    0.27777777777778    0.27777777777778    0.38888888888889             8
    0.33333333333334    0.27777777777778    0.38888888888889            16
    0.38888888888889    0.27777777777778    0.38888888888889            16
    0.44444444444444    0.27777777777778    0.38888888888889            16
    0.50000000000000    0.27777777777778    0.38888888888889             8
    0.33333333333334    0.33333333333334    0.38888888888889             8
    0.38888888888889    0.33333333333334    0.38888888888889            16
    0.44444444444444    0.33333333333334    0.38888888888889            16
    0.50000000000000    0.33333333333334    0.38888888888889             8
    0.38888888888889    0.38888888888889    0.38888888888889             8
    0.44444444444444    0.38888888888889    0.38888888888889            16
    0.50000000000000    0.38888888888889    0.38888888888889             8
    0.44444444444444    0.44444444444444    0.38888888888889             8
    0.50000000000000    0.44444444444444    0.38888888888889             8
    0.50000000000000    0.50000000000000    0.38888888888889             2
    0.00000000000000    0.00000000000000    0.44444444444444             2
    0.05555555555556    0.00000000000000    0.44444444444444             8
    0.11111111111112    0.00000000000000    0.44444444444444             8
    0.16666666666667    0.00000000000000    0.44444444444444             8
    0.22222222222222    0.00000000000000    0.44444444444444             8
    0.27777777777778    0.00000000000000    0.44444444444444             8
    0.33333333333334    0.00000000000000    0.44444444444444             8
    0.38888888888889    0.00000000000000    0.44444444444444             8
    0.44444444444444    0.00000000000000    0.44444444444444             8
    0.50000000000000    0.00000000000000    0.44444444444444             4
    0.05555555555556    0.05555555555556    0.44444444444444             8
    0.11111111111112    0.05555555555556    0.44444444444444            16
    0.16666666666667    0.05555555555556    0.44444444444444            16
    0.22222222222222    0.05555555555556    0.44444444444444            16
    0.27777777777778    0.05555555555556    0.44444444444444            16
    0.33333333333334    0.05555555555556    0.44444444444444            16
    0.38888888888889    0.05555555555556    0.44444444444444            16
    0.44444444444444    0.05555555555556    0.44444444444444            16
    0.50000000000000    0.05555555555556    0.44444444444444             8
    0.11111111111112    0.11111111111112    0.44444444444444             8
    0.16666666666667    0.11111111111112    0.44444444444444            16
    0.22222222222222    0.11111111111112    0.44444444444444            16
    0.27777777777778    0.11111111111112    0.44444444444444            16
    0.33333333333334    0.11111111111112    0.44444444444444            16
    0.38888888888889    0.11111111111112    0.44444444444444            16
    0.44444444444444    0.11111111111112    0.44444444444444            16
    0.50000000000000    0.11111111111112    0.44444444444444             8
    0.16666666666667    0.16666666666667    0.44444444444444             8
    0.22222222222222    0.16666666666667    0.44444444444444            16
    0.27777777777778    0.16666666666667    0.44444444444444            16
    0.33333333333334    0.16666666666667    0.44444444444444            16
    0.38888888888889    0.16666666666667    0.44444444444444            16
    0.44444444444444    0.16666666666667    0.44444444444444            16
    0.50000000000000    0.16666666666667    0.44444444444444             8
    0.22222222222222    0.22222222222222    0.44444444444444             8
    0.27777777777778    0.22222222222222    0.44444444444444            16
    0.33333333333334    0.22222222222222    0.44444444444444            16
    0.38888888888889    0.22222222222222    0.44444444444444            16
    0.44444444444444    0.22222222222222    0.44444444444444            16
    0.50000000000000    0.22222222222222    0.44444444444444             8
    0.27777777777778    0.27777777777778    0.44444444444444             8
    0.33333333333334    0.27777777777778    0.44444444444444            16
    0.38888888888889    0.27777777777778    0.44444444444444            16
    0.44444444444444    0.27777777777778    0.44444444444444            16
    0.50000000000000    0.27777777777778    0.44444444444444             8
    0.33333333333334    0.33333333333334    0.44444444444444             8
    0.38888888888889    0.33333333333334    0.44444444444444            16
    0.44444444444444    0.33333333333334    0.44444444444444            16
    0.50000000000000    0.33333333333334    0.44444444444444             8
    0.38888888888889    0.38888888888889    0.44444444444444             8
    0.44444444444444    0.38888888888889    0.44444444444444            16
    0.50000000000000    0.38888888888889    0.44444444444444             8
    0.44444444444444    0.44444444444444    0.44444444444444             8
    0.50000000000000    0.44444444444444    0.44444444444444             8
    0.50000000000000    0.50000000000000    0.44444444444444             2
    0.00000000000000    0.00000000000000    0.50000000000000             1
    0.05555555555556    0.00000000000000    0.50000000000000             4
    0.11111111111112    0.00000000000000    0.50000000000000             4
    0.16666666666667    0.00000000000000    0.50000000000000             4
    0.22222222222222    0.00000000000000    0.50000000000000             4
    0.27777777777778    0.00000000000000    0.50000000000000             4
    0.33333333333334    0.00000000000000    0.50000000000000             4
    0.38888888888889    0.00000000000000    0.50000000000000             4
    0.44444444444444    0.00000000000000    0.50000000000000             4
    0.50000000000000    0.00000000000000    0.50000000000000             2
    0.05555555555556    0.05555555555556    0.50000000000000             4
    0.11111111111112    0.05555555555556    0.50000000000000             8
    0.16666666666667    0.05555555555556    0.50000000000000             8
    0.22222222222222    0.05555555555556    0.50000000000000             8
    0.27777777777778    0.05555555555556    0.50000000000000             8
    0.33333333333334    0.05555555555556    0.50000000000000             8
    0.38888888888889    0.05555555555556    0.50000000000000             8
    0.44444444444444    0.05555555555556    0.50000000000000             8
    0.50000000000000    0.05555555555556    0.50000000000000             4
    0.11111111111112    0.11111111111112    0.50000000000000             4
    0.16666666666667    0.11111111111112    0.50000000000000             8
    0.22222222222222    0.11111111111112    0.50000000000000             8
    0.27777777777778    0.11111111111112    0.50000000000000             8
    0.33333333333334    0.11111111111112    0.50000000000000             8
    0.38888888888889    0.11111111111112    0.50000000000000             8
    0.44444444444444    0.11111111111112    0.50000000000000             8
    0.50000000000000    0.11111111111112    0.50000000000000             4
    0.16666666666667    0.16666666666667    0.50000000000000             4
    0.22222222222222    0.16666666666667    0.50000000000000             8
    0.27777777777778    0.16666666666667    0.50000000000000             8
    0.33333333333334    0.16666666666667    0.50000000000000             8
    0.38888888888889    0.16666666666667    0.50000000000000             8
    0.44444444444444    0.16666666666667    0.50000000000000             8
    0.50000000000000    0.16666666666667    0.50000000000000             4
    0.22222222222222    0.22222222222222    0.50000000000000             4
    0.27777777777778    0.22222222222222    0.50000000000000             8
    0.33333333333334    0.22222222222222    0.50000000000000             8
    0.38888888888889    0.22222222222222    0.50000000000000             8
    0.44444444444444    0.22222222222222    0.50000000000000             8
    0.50000000000000    0.22222222222222    0.50000000000000             4
    0.27777777777778    0.27777777777778    0.50000000000000             4
    0.33333333333334    0.27777777777778    0.50000000000000             8
    0.38888888888889    0.27777777777778    0.50000000000000             8
    0.44444444444444    0.27777777777778    0.50000000000000             8
    0.50000000000000    0.27777777777778    0.50000000000000             4
    0.33333333333334    0.33333333333334    0.50000000000000             4
    0.38888888888889    0.33333333333334    0.50000000000000             8
    0.44444444444444    0.33333333333334    0.50000000000000             8
    0.50000000000000    0.33333333333334    0.50000000000000             4
    0.38888888888889    0.38888888888889    0.50000000000000             4
    0.44444444444444    0.38888888888889    0.50000000000000             8
    0.50000000000000    0.38888888888889    0.50000000000000             4
    0.44444444444444    0.44444444444444    0.50000000000000             4
    0.50000000000000    0.44444444444444    0.50000000000000             4
    0.50000000000000    0.50000000000000    0.50000000000000             1
