Automatically generated mesh
     507
Reciprocal lattice
    0.00000000000000    0.00000000000000    0.00000000000000             1
    0.01333333333334    0.00000000000000    0.00000000000000             6
    0.02666666666667    0.00000000000000    0.00000000000000             6
    0.04000000000000    0.00000000000000    0.00000000000000             6
    0.05333333333334    0.00000000000000    0.00000000000000             6
    0.06666666666667    0.00000000000000    0.00000000000000             6
    0.08000000000000    0.00000000000000    0.00000000000000             6
    0.09333333333333    0.00000000000000    0.00000000000000             6
    0.10666666666667    0.00000000000000    0.00000000000000             6
    0.12000000000000    0.00000000000000    0.00000000000000             6
    0.13333333333333    0.00000000000000    0.00000000000000             6
    0.14666666666667    0.00000000000000    0.00000000000000             6
    0.16000000000000    0.00000000000000    0.00000000000000             6
    0.17333333333333    0.00000000000000    0.00000000000000             6
    0.18666666666667    0.00000000000000    0.00000000000000             6
    0.20000000000000    0.00000000000000    0.00000000000000             6
    0.21333333333333    0.00000000000000    0.00000000000000             6
    0.22666666666667    0.00000000000000    0.00000000000000             6
    0.24000000000000    0.00000000000000    0.00000000000000             6
    0.25333333333333    0.00000000000000    0.00000000000000             6
    0.26666666666667    0.00000000000000    0.00000000000000             6
    0.28000000000000    0.00000000000000    0.00000000000000             6
    0.29333333333334    0.00000000000000    0.00000000000000             6
    0.30666666666667    0.00000000000000    0.00000000000000             6
    0.32000000000000    0.00000000000000    0.00000000000000             6
    0.33333333333334    0.00000000000000    0.00000000000000             6
    0.34666666666667    0.00000000000000    0.00000000000000             6
    0.36000000000000    0.00000000000000    0.00000000000000             6
    0.37333333333334    0.00000000000000    0.00000000000000             6
    0.38666666666666    0.00000000000000    0.00000000000000             6
    0.40000000000000    0.00000000000000    0.00000000000000             6
    0.41333333333334    0.00000000000000    0.00000000000000             6
    0.42666666666667    0.00000000000000    0.00000000000000             6
    0.44000000000000    0.00000000000000    0.00000000000000             6
    0.45333333333333    0.00000000000000    0.00000000000000             6
    0.46666666666667    0.00000000000000    0.00000000000000             6
    0.48000000000000    0.00000000000000    0.00000000000000             6
    0.49333333333333    0.00000000000000    0.00000000000000             6
    0.01333333333334    0.01333333333334    0.00000000000000             6
    0.02666666666667    0.01333333333334    0.00000000000000            12
    0.04000000000000    0.01333333333334    0.00000000000000            12
    0.05333333333334    0.01333333333334    0.00000000000000            12
    0.06666666666667    0.01333333333334    0.00000000000000            12
    0.08000000000000    0.01333333333334    0.00000000000000            12
    0.09333333333333    0.01333333333334    0.00000000000000            12
    0.10666666666667    0.01333333333334    0.00000000000000            12
    0.12000000000000    0.01333333333334    0.00000000000000            12
    0.13333333333333    0.01333333333334    0.00000000000000            12
    0.14666666666667    0.01333333333334    0.00000000000000            12
    0.16000000000000    0.01333333333334    0.00000000000000            12
    0.17333333333333    0.01333333333334    0.00000000000000            12
    0.18666666666667    0.01333333333334    0.00000000000000            12
    0.20000000000000    0.01333333333334    0.00000000000000            12
    0.21333333333333    0.01333333333334    0.00000000000000            12
    0.22666666666667    0.01333333333334    0.00000000000000            12
    0.24000000000000    0.01333333333334    0.00000000000000            12
    0.25333333333333    0.01333333333334    0.00000000000000            12
    0.26666666666667    0.01333333333334    0.00000000000000            12
    0.28000000000000    0.01333333333334    0.00000000000000            12
    0.29333333333334    0.01333333333334    0.00000000000000            12
    0.30666666666667    0.01333333333334    0.00000000000000            12
    0.32000000000000    0.01333333333334    0.00000000000000            12
    0.33333333333334    0.01333333333334    0.00000000000000            12
    0.34666666666667    0.01333333333334    0.00000000000000            12
    0.36000000000000    0.01333333333334    0.00000000000000            12
    0.37333333333334    0.01333333333334    0.00000000000000            12
    0.38666666666667    0.01333333333334    0.00000000000000            12
    0.40000000000000    0.01333333333334    0.00000000000000            12
    0.41333333333334    0.01333333333334    0.00000000000000            12
    0.42666666666667    0.01333333333334    0.00000000000000            12
    0.44000000000000    0.01333333333334    0.00000000000000            12
    0.45333333333333    0.01333333333334    0.00000000000000            12
    0.46666666666667    0.01333333333334    0.00000000000000            12
    0.48000000000000    0.01333333333334    0.00000000000000            12
    0.49333333333333    0.01333333333334    0.00000000000000             6
    0.02666666666667    0.02666666666667    0.00000000000000             6
    0.04000000000000    0.02666666666667    0.00000000000000            12
    0.05333333333334    0.02666666666666    0.00000000000000            12
    0.06666666666667    0.02666666666666    0.00000000000000            12
    0.08000000000000    0.02666666666667    0.00000000000000            12
    0.09333333333333    0.02666666666667    0.00000000000000            12
    0.10666666666667    0.02666666666666    0.00000000000000            12
    0.12000000000000    0.02666666666666    0.00000000000000            12
    0.13333333333333    0.02666666666666    0.00000000000000            12
    0.14666666666667    0.02666666666667    0.00000000000000            12
    0.16000000000000    0.02666666666667    0.00000000000000            12
    0.17333333333333    0.02666666666667    0.00000000000000            12
    0.18666666666667    0.02666666666666    0.00000000000000            12
    0.20000000000000    0.02666666666666    0.00000000000000            12
    0.21333333333333    0.02666666666667    0.00000000000000            12
    0.22666666666667    0.02666666666667    0.00000000000000            12
    0.24000000000000    0.02666666666666    0.00000000000000            12
    0.25333333333333    0.02666666666666    0.00000000000000            12
    0.26666666666667    0.02666666666666    0.00000000000000            12
    0.28000000000000    0.02666666666666    0.00000000000000            12
    0.29333333333334    0.02666666666666    0.00000000000000            12
    0.30666666666667    0.02666666666667    0.00000000000000            12
    0.32000000000000    0.02666666666667    0.00000000000000            12
    0.33333333333334    0.02666666666667    0.00000000000000            12
    0.34666666666667    0.02666666666666    0.00000000000000            12
    0.36000000000000    0.02666666666666    0.00000000000000            12
    0.37333333333334    0.02666666666666    0.00000000000000            12
    0.38666666666667    0.02666666666667    0.00000000000000            12
    0.40000000000000    0.02666666666666    0.00000000000000            12
    0.41333333333334    0.02666666666666    0.00000000000000            12
    0.42666666666667    0.02666666666667    0.00000000000000            12
    0.44000000000000    0.02666666666666    0.00000000000000            12
    0.45333333333333    0.02666666666666    0.00000000000000            12
    0.46666666666667    0.02666666666666    0.00000000000000            12
    0.48000000000000    0.02666666666666    0.00000000000000            12
    0.04000000000000    0.04000000000000    0.00000000000000             6
    0.05333333333334    0.04000000000000    0.00000000000000            12
    0.06666666666667    0.04000000000000    0.00000000000000            12
    0.08000000000000    0.04000000000000    0.00000000000000            12
    0.09333333333333    0.04000000000000    0.00000000000000            12
    0.10666666666667    0.04000000000000    0.00000000000000            12
    0.12000000000000    0.04000000000000    0.00000000000000            12
    0.13333333333333    0.04000000000000    0.00000000000000            12
    0.14666666666667    0.04000000000000    0.00000000000000            12
    0.16000000000000    0.04000000000000    0.00000000000000            12
    0.17333333333333    0.04000000000000    0.00000000000000            12
    0.18666666666667    0.04000000000000    0.00000000000000            12
    0.20000000000000    0.04000000000000    0.00000000000000            12
    0.21333333333333    0.04000000000000    0.00000000000000            12
    0.22666666666667    0.04000000000000    0.00000000000000            12
    0.24000000000000    0.04000000000000    0.00000000000000            12
    0.25333333333333    0.04000000000000    0.00000000000000            12
    0.26666666666667    0.04000000000000    0.00000000000000            12
    0.28000000000000    0.04000000000000    0.00000000000000            12
    0.29333333333334    0.04000000000000    0.00000000000000            12
    0.30666666666667    0.04000000000000    0.00000000000000            12
    0.32000000000000    0.04000000000000    0.00000000000000            12
    0.33333333333334    0.04000000000000    0.00000000000000            12
    0.34666666666667    0.04000000000000    0.00000000000000            12
    0.36000000000000    0.04000000000000    0.00000000000000            12
    0.37333333333334    0.04000000000000    0.00000000000000            12
    0.38666666666666    0.04000000000000    0.00000000000000            12
    0.40000000000000    0.04000000000000    0.00000000000000            12
    0.41333333333334    0.04000000000000    0.00000000000000            12
    0.42666666666667    0.04000000000000    0.00000000000000            12
    0.44000000000000    0.04000000000000    0.00000000000000            12
    0.45333333333333    0.04000000000000    0.00000000000000            12
    0.46666666666667    0.04000000000000    0.00000000000000            12
    0.48000000000000    0.04000000000000    0.00000000000000             6
    0.05333333333334    0.05333333333334    0.00000000000000             6
    0.06666666666667    0.05333333333334    0.00000000000000            12
    0.08000000000000    0.05333333333334    0.00000000000000            12
    0.09333333333333    0.05333333333334    0.00000000000000            12
    0.10666666666667    0.05333333333334    0.00000000000000            12
    0.12000000000000    0.05333333333334    0.00000000000000            12
    0.13333333333333    0.05333333333334    0.00000000000000            12
    0.14666666666667    0.05333333333334    0.00000000000000            12
    0.16000000000000    0.05333333333334    0.00000000000000            12
    0.17333333333333    0.05333333333334    0.00000000000000            12
    0.18666666666667    0.05333333333334    0.00000000000000            12
    0.20000000000000    0.05333333333334    0.00000000000000            12
    0.21333333333333    0.05333333333334    0.00000000000000            12
    0.22666666666667    0.05333333333334    0.00000000000000            12
    0.24000000000000    0.05333333333334    0.00000000000000            12
    0.25333333333333    0.05333333333334    0.00000000000000            12
    0.26666666666667    0.05333333333334    0.00000000000000            12
    0.28000000000000    0.05333333333334    0.00000000000000            12
    0.29333333333334    0.05333333333334    0.00000000000000            12
    0.30666666666667    0.05333333333334    0.00000000000000            12
    0.32000000000000    0.05333333333334    0.00000000000000            12
    0.33333333333334    0.05333333333334    0.00000000000000            12
    0.34666666666667    0.05333333333334    0.00000000000000            12
    0.36000000000000    0.05333333333334    0.00000000000000            12
    0.37333333333334    0.05333333333334    0.00000000000000            12
    0.38666666666666    0.05333333333334    0.00000000000000            12
    0.40000000000000    0.05333333333334    0.00000000000000            12
    0.41333333333334    0.05333333333334    0.00000000000000            12
    0.42666666666667    0.05333333333334    0.00000000000000            12
    0.44000000000000    0.05333333333334    0.00000000000000            12
    0.45333333333333    0.05333333333334    0.00000000000000            12
    0.46666666666667    0.05333333333334    0.00000000000000            12
    0.06666666666667    0.06666666666667    0.00000000000000             6
    0.08000000000000    0.06666666666667    0.00000000000000            12
    0.09333333333333    0.06666666666667    0.00000000000000            12
    0.10666666666667    0.06666666666667    0.00000000000000            12
    0.12000000000000    0.06666666666667    0.00000000000000            12
    0.13333333333333    0.06666666666667    0.00000000000000            12
    0.14666666666667    0.06666666666667    0.00000000000000            12
    0.16000000000000    0.06666666666667    0.00000000000000            12
    0.17333333333333    0.06666666666667    0.00000000000000            12
    0.18666666666667    0.06666666666667    0.00000000000000            12
    0.20000000000000    0.06666666666667    0.00000000000000            12
    0.21333333333333    0.06666666666667    0.00000000000000            12
    0.22666666666667    0.06666666666667    0.00000000000000            12
    0.24000000000000    0.06666666666667    0.00000000000000            12
    0.25333333333333    0.06666666666667    0.00000000000000            12
    0.26666666666667    0.06666666666667    0.00000000000000            12
    0.28000000000000    0.06666666666667    0.00000000000000            12
    0.29333333333334    0.06666666666667    0.00000000000000            12
    0.30666666666667    0.06666666666667    0.00000000000000            12
    0.32000000000000    0.06666666666667    0.00000000000000            12
    0.33333333333334    0.06666666666667    0.00000000000000            12
    0.34666666666667    0.06666666666667    0.00000000000000            12
    0.36000000000000    0.06666666666667    0.00000000000000            12
    0.37333333333334    0.06666666666667    0.00000000000000            12
    0.38666666666667    0.06666666666667    0.00000000000000            12
    0.40000000000000    0.06666666666667    0.00000000000000            12
    0.41333333333334    0.06666666666667    0.00000000000000            12
    0.42666666666667    0.06666666666667    0.00000000000000            12
    0.44000000000000    0.06666666666667    0.00000000000000            12
    0.45333333333333    0.06666666666667    0.00000000000000            12
    0.46666666666667    0.06666666666667    0.00000000000000             6
    0.08000000000000    0.08000000000000    0.00000000000000             6
    0.09333333333334    0.08000000000000    0.00000000000000            12
    0.10666666666667    0.08000000000000    0.00000000000000            12
    0.12000000000000    0.08000000000000    0.00000000000000            12
    0.13333333333333    0.08000000000000    0.00000000000000            12
    0.14666666666667    0.08000000000000    0.00000000000000            12
    0.16000000000000    0.08000000000000    0.00000000000000            12
    0.17333333333333    0.08000000000000    0.00000000000000            12
    0.18666666666667    0.08000000000000    0.00000000000000            12
    0.20000000000000    0.08000000000000    0.00000000000000            12
    0.21333333333333    0.08000000000000    0.00000000000000            12
    0.22666666666667    0.08000000000000    0.00000000000000            12
    0.24000000000000    0.08000000000000    0.00000000000000            12
    0.25333333333333    0.08000000000000    0.00000000000000            12
    0.26666666666667    0.08000000000000    0.00000000000000            12
    0.28000000000000    0.08000000000000    0.00000000000000            12
    0.29333333333334    0.08000000000000    0.00000000000000            12
    0.30666666666667    0.08000000000000    0.00000000000000            12
    0.32000000000000    0.08000000000000    0.00000000000000            12
    0.33333333333334    0.08000000000000    0.00000000000000            12
    0.34666666666667    0.08000000000000    0.00000000000000            12
    0.36000000000000    0.08000000000000    0.00000000000000            12
    0.37333333333334    0.08000000000000    0.00000000000000            12
    0.38666666666667    0.08000000000000    0.00000000000000            12
    0.40000000000000    0.08000000000000    0.00000000000000            12
    0.41333333333334    0.08000000000000    0.00000000000000            12
    0.42666666666667    0.08000000000000    0.00000000000000            12
    0.44000000000000    0.08000000000000    0.00000000000000            12
    0.45333333333333    0.08000000000000    0.00000000000000            12
    0.09333333333333    0.09333333333333    0.00000000000000             6
    0.10666666666667    0.09333333333333    0.00000000000000            12
    0.12000000000000    0.09333333333333    0.00000000000000            12
    0.13333333333333    0.09333333333333    0.00000000000000            12
    0.14666666666667    0.09333333333333    0.00000000000000            12
    0.16000000000000    0.09333333333333    0.00000000000000            12
    0.17333333333333    0.09333333333333    0.00000000000000            12
    0.18666666666667    0.09333333333333    0.00000000000000            12
    0.20000000000000    0.09333333333333    0.00000000000000            12
    0.21333333333333    0.09333333333334    0.00000000000000            12
    0.22666666666667    0.09333333333333    0.00000000000000            12
    0.24000000000000    0.09333333333333    0.00000000000000            12
    0.25333333333333    0.09333333333333    0.00000000000000            12
    0.26666666666667    0.09333333333333    0.00000000000000            12
    0.28000000000000    0.09333333333333    0.00000000000000            12
    0.29333333333334    0.09333333333333    0.00000000000000            12
    0.30666666666667    0.09333333333333    0.00000000000000            12
    0.32000000000000    0.09333333333333    0.00000000000000            12
    0.33333333333334    0.09333333333333    0.00000000000000            12
    0.34666666666667    0.09333333333333    0.00000000000000            12
    0.36000000000000    0.09333333333333    0.00000000000000            12
    0.37333333333334    0.09333333333333    0.00000000000000            12
    0.38666666666667    0.09333333333333    0.00000000000000            12
    0.40000000000000    0.09333333333333    0.00000000000000            12
    0.41333333333334    0.09333333333333    0.00000000000000            12
    0.42666666666667    0.09333333333333    0.00000000000000            12
    0.44000000000000    0.09333333333333    0.00000000000000            12
    0.45333333333333    0.09333333333333    0.00000000000000             6
    0.10666666666667    0.10666666666667    0.00000000000000             6
    0.12000000000000    0.10666666666667    0.00000000000000            12
    0.13333333333333    0.10666666666667    0.00000000000000            12
    0.14666666666667    0.10666666666667    0.00000000000000            12
    0.16000000000000    0.10666666666667    0.00000000000000            12
    0.17333333333333    0.10666666666667    0.00000000000000            12
    0.18666666666667    0.10666666666667    0.00000000000000            12
    0.20000000000000    0.10666666666667    0.00000000000000            12
    0.21333333333333    0.10666666666667    0.00000000000000            12
    0.22666666666667    0.10666666666667    0.00000000000000            12
    0.24000000000000    0.10666666666667    0.00000000000000            12
    0.25333333333333    0.10666666666667    0.00000000000000            12
    0.26666666666667    0.10666666666667    0.00000000000000            12
    0.28000000000000    0.10666666666667    0.00000000000000            12
    0.29333333333334    0.10666666666667    0.00000000000000            12
    0.30666666666667    0.10666666666667    0.00000000000000            12
    0.32000000000000    0.10666666666667    0.00000000000000            12
    0.33333333333334    0.10666666666667    0.00000000000000            12
    0.34666666666667    0.10666666666667    0.00000000000000            12
    0.36000000000000    0.10666666666667    0.00000000000000            12
    0.37333333333334    0.10666666666667    0.00000000000000            12
    0.38666666666667    0.10666666666667    0.00000000000000            12
    0.40000000000000    0.10666666666667    0.00000000000000            12
    0.41333333333334    0.10666666666667    0.00000000000000            12
    0.42666666666667    0.10666666666667    0.00000000000000            12
    0.44000000000000    0.10666666666667    0.00000000000000            12
    0.12000000000000    0.12000000000000    0.00000000000000             6
    0.13333333333333    0.12000000000000    0.00000000000000            12
    0.14666666666667    0.12000000000000    0.00000000000000            12
    0.16000000000000    0.12000000000000    0.00000000000000            12
    0.17333333333333    0.12000000000000    0.00000000000000            12
    0.18666666666667    0.12000000000000    0.00000000000000            12
    0.20000000000000    0.12000000000000    0.00000000000000            12
    0.21333333333333    0.12000000000000    0.00000000000000            12
    0.22666666666667    0.12000000000000    0.00000000000000            12
    0.24000000000000    0.12000000000000    0.00000000000000            12
    0.25333333333333    0.12000000000000    0.00000000000000            12
    0.26666666666667    0.12000000000000    0.00000000000000            12
    0.28000000000000    0.12000000000000    0.00000000000000            12
    0.29333333333334    0.12000000000000    0.00000000000000            12
    0.30666666666667    0.12000000000000    0.00000000000000            12
    0.32000000000000    0.12000000000000    0.00000000000000            12
    0.33333333333334    0.12000000000000    0.00000000000000            12
    0.34666666666667    0.12000000000000    0.00000000000000            12
    0.36000000000000    0.12000000000000    0.00000000000000            12
    0.37333333333334    0.12000000000000    0.00000000000000            12
    0.38666666666667    0.12000000000000    0.00000000000000            12
    0.40000000000000    0.12000000000000    0.00000000000000            12
    0.41333333333334    0.12000000000000    0.00000000000000            12
    0.42666666666667    0.12000000000000    0.00000000000000            12
    0.44000000000000    0.12000000000000    0.00000000000000             6
    0.13333333333333    0.13333333333333    0.00000000000000             6
    0.14666666666667    0.13333333333333    0.00000000000000            12
    0.16000000000000    0.13333333333333    0.00000000000000            12
    0.17333333333333    0.13333333333333    0.00000000000000            12
    0.18666666666667    0.13333333333333    0.00000000000000            12
    0.20000000000000    0.13333333333333    0.00000000000000            12
    0.21333333333333    0.13333333333333    0.00000000000000            12
    0.22666666666667    0.13333333333333    0.00000000000000            12
    0.24000000000000    0.13333333333333    0.00000000000000            12
    0.25333333333333    0.13333333333333    0.00000000000000            12
    0.26666666666667    0.13333333333333    0.00000000000000            12
    0.28000000000000    0.13333333333333    0.00000000000000            12
    0.29333333333334    0.13333333333333    0.00000000000000            12
    0.30666666666667    0.13333333333333    0.00000000000000            12
    0.32000000000000    0.13333333333333    0.00000000000000            12
    0.33333333333334    0.13333333333333    0.00000000000000            12
    0.34666666666667    0.13333333333333    0.00000000000000            12
    0.36000000000000    0.13333333333333    0.00000000000000            12
    0.37333333333334    0.13333333333333    0.00000000000000            12
    0.38666666666667    0.13333333333333    0.00000000000000            12
    0.40000000000000    0.13333333333333    0.00000000000000            12
    0.41333333333334    0.13333333333333    0.00000000000000            12
    0.42666666666667    0.13333333333333    0.00000000000000            12
    0.14666666666667    0.14666666666667    0.00000000000000             6
    0.16000000000000    0.14666666666667    0.00000000000000            12
    0.17333333333333    0.14666666666667    0.00000000000000            12
    0.18666666666667    0.14666666666667    0.00000000000000            12
    0.20000000000000    0.14666666666667    0.00000000000000            12
    0.21333333333333    0.14666666666667    0.00000000000000            12
    0.22666666666667    0.14666666666667    0.00000000000000            12
    0.24000000000000    0.14666666666667    0.00000000000000            12
    0.25333333333333    0.14666666666667    0.00000000000000            12
    0.26666666666667    0.14666666666667    0.00000000000000            12
    0.28000000000000    0.14666666666667    0.00000000000000            12
    0.29333333333334    0.14666666666667    0.00000000000000            12
    0.30666666666667    0.14666666666667    0.00000000000000            12
    0.32000000000000    0.14666666666667    0.00000000000000            12
    0.33333333333334    0.14666666666667    0.00000000000000            12
    0.34666666666667    0.14666666666667    0.00000000000000            12
    0.36000000000000    0.14666666666667    0.00000000000000            12
    0.37333333333334    0.14666666666667    0.00000000000000            12
    0.38666666666667    0.14666666666667    0.00000000000000            12
    0.40000000000000    0.14666666666667    0.00000000000000            12
    0.41333333333334    0.14666666666667    0.00000000000000            12
    0.42666666666667    0.14666666666667    0.00000000000000             6
    0.16000000000000    0.16000000000000    0.00000000000000             6
    0.17333333333333    0.16000000000000    0.00000000000000            12
    0.18666666666667    0.16000000000000    0.00000000000000            12
    0.20000000000000    0.16000000000000    0.00000000000000            12
    0.21333333333333    0.16000000000000    0.00000000000000            12
    0.22666666666667    0.16000000000000    0.00000000000000            12
    0.24000000000000    0.16000000000000    0.00000000000000            12
    0.25333333333333    0.16000000000000    0.00000000000000            12
    0.26666666666667    0.16000000000000    0.00000000000000            12
    0.28000000000000    0.16000000000000    0.00000000000000            12
    0.29333333333334    0.16000000000000    0.00000000000000            12
    0.30666666666667    0.16000000000000    0.00000000000000            12
    0.32000000000000    0.16000000000000    0.00000000000000            12
    0.33333333333334    0.16000000000000    0.00000000000000            12
    0.34666666666667    0.16000000000000    0.00000000000000            12
    0.36000000000000    0.16000000000000    0.00000000000000            12
    0.37333333333334    0.16000000000000    0.00000000000000            12
    0.38666666666666    0.16000000000000    0.00000000000000            12
    0.40000000000000    0.16000000000000    0.00000000000000            12
    0.41333333333334    0.16000000000000    0.00000000000000            12
    0.17333333333333    0.17333333333333    0.00000000000000             6
    0.18666666666667    0.17333333333333    0.00000000000000            12
    0.20000000000000    0.17333333333333    0.00000000000000            12
    0.21333333333333    0.17333333333333    0.00000000000000            12
    0.22666666666667    0.17333333333333    0.00000000000000            12
    0.24000000000000    0.17333333333333    0.00000000000000            12
    0.25333333333333    0.17333333333333    0.00000000000000            12
    0.26666666666667    0.17333333333333    0.00000000000000            12
    0.28000000000000    0.17333333333333    0.00000000000000            12
    0.29333333333334    0.17333333333333    0.00000000000000            12
    0.30666666666667    0.17333333333333    0.00000000000000            12
    0.32000000000000    0.17333333333333    0.00000000000000            12
    0.33333333333334    0.17333333333333    0.00000000000000            12
    0.34666666666667    0.17333333333333    0.00000000000000            12
    0.36000000000000    0.17333333333333    0.00000000000000            12
    0.37333333333334    0.17333333333333    0.00000000000000            12
    0.38666666666666    0.17333333333333    0.00000000000000            12
    0.40000000000000    0.17333333333333    0.00000000000000            12
    0.41333333333334    0.17333333333333    0.00000000000000             6
    0.18666666666667    0.18666666666667    0.00000000000000             6
    0.20000000000000    0.18666666666667    0.00000000000000            12
    0.21333333333333    0.18666666666667    0.00000000000000            12
    0.22666666666667    0.18666666666667    0.00000000000000            12
    0.24000000000000    0.18666666666667    0.00000000000000            12
    0.25333333333333    0.18666666666667    0.00000000000000            12
    0.26666666666667    0.18666666666667    0.00000000000000            12
    0.28000000000000    0.18666666666667    0.00000000000000            12
    0.29333333333334    0.18666666666667    0.00000000000000            12
    0.30666666666667    0.18666666666667    0.00000000000000            12
    0.32000000000000    0.18666666666667    0.00000000000000            12
    0.33333333333334    0.18666666666667    0.00000000000000            12
    0.34666666666667    0.18666666666667    0.00000000000000            12
    0.36000000000000    0.18666666666667    0.00000000000000            12
    0.37333333333334    0.18666666666667    0.00000000000000            12
    0.38666666666666    0.18666666666667    0.00000000000000            12
    0.40000000000000    0.18666666666667    0.00000000000000            12
    0.20000000000000    0.20000000000000    0.00000000000000             6
    0.21333333333333    0.20000000000000    0.00000000000000            12
    0.22666666666667    0.20000000000000    0.00000000000000            12
    0.24000000000000    0.20000000000000    0.00000000000000            12
    0.25333333333333    0.20000000000000    0.00000000000000            12
    0.26666666666667    0.20000000000000    0.00000000000000            12
    0.28000000000000    0.20000000000000    0.00000000000000            12
    0.29333333333334    0.20000000000000    0.00000000000000            12
    0.30666666666667    0.20000000000000    0.00000000000000            12
    0.32000000000000    0.20000000000000    0.00000000000000            12
    0.33333333333334    0.20000000000000    0.00000000000000            12
    0.34666666666667    0.20000000000000    0.00000000000000            12
    0.36000000000000    0.20000000000000    0.00000000000000            12
    0.37333333333334    0.20000000000000    0.00000000000000            12
    0.38666666666666    0.20000000000000    0.00000000000000            12
    0.40000000000000    0.20000000000000    0.00000000000000             6
    0.21333333333333    0.21333333333333    0.00000000000000             6
    0.22666666666667    0.21333333333333    0.00000000000000            12
    0.24000000000000    0.21333333333333    0.00000000000000            12
    0.25333333333333    0.21333333333333    0.00000000000000            12
    0.26666666666667    0.21333333333333    0.00000000000000            12
    0.28000000000000    0.21333333333333    0.00000000000000            12
    0.29333333333334    0.21333333333333    0.00000000000000            12
    0.30666666666667    0.21333333333333    0.00000000000000            12
    0.32000000000000    0.21333333333333    0.00000000000000            12
    0.33333333333334    0.21333333333333    0.00000000000000            12
    0.34666666666667    0.21333333333333    0.00000000000000            12
    0.36000000000000    0.21333333333333    0.00000000000000            12
    0.37333333333334    0.21333333333333    0.00000000000000            12
    0.38666666666667    0.21333333333333    0.00000000000000            12
    0.22666666666667    0.22666666666667    0.00000000000000             6
    0.24000000000000    0.22666666666667    0.00000000000000            12
    0.25333333333333    0.22666666666667    0.00000000000000            12
    0.26666666666667    0.22666666666667    0.00000000000000            12
    0.28000000000000    0.22666666666667    0.00000000000000            12
    0.29333333333334    0.22666666666667    0.00000000000000            12
    0.30666666666667    0.22666666666667    0.00000000000000            12
    0.32000000000000    0.22666666666667    0.00000000000000            12
    0.33333333333334    0.22666666666667    0.00000000000000            12
    0.34666666666667    0.22666666666667    0.00000000000000            12
    0.36000000000000    0.22666666666667    0.00000000000000            12
    0.37333333333334    0.22666666666667    0.00000000000000            12
    0.38666666666666    0.22666666666667    0.00000000000000             6
    0.24000000000000    0.24000000000000    0.00000000000000             6
    0.25333333333333    0.24000000000000    0.00000000000000            12
    0.26666666666667    0.24000000000000    0.00000000000000            12
    0.28000000000000    0.24000000000000    0.00000000000000            12
    0.29333333333334    0.24000000000000    0.00000000000000            12
    0.30666666666667    0.24000000000000    0.00000000000000            12
    0.32000000000000    0.24000000000000    0.00000000000000            12
    0.33333333333334    0.24000000000000    0.00000000000000            12
    0.34666666666667    0.24000000000000    0.00000000000000            12
    0.36000000000000    0.24000000000000    0.00000000000000            12
    0.37333333333334    0.24000000000000    0.00000000000000            12
    0.25333333333333    0.25333333333333    0.00000000000000             6
    0.26666666666667    0.25333333333333    0.00000000000000            12
    0.28000000000000    0.25333333333333    0.00000000000000            12
    0.29333333333334    0.25333333333333    0.00000000000000            12
    0.30666666666667    0.25333333333333    0.00000000000000            12
    0.32000000000000    0.25333333333333    0.00000000000000            12
    0.33333333333334    0.25333333333333    0.00000000000000            12
    0.34666666666667    0.25333333333333    0.00000000000000            12
    0.36000000000000    0.25333333333333    0.00000000000000            12
    0.37333333333334    0.25333333333333    0.00000000000000             6
    0.26666666666667    0.26666666666667    0.00000000000000             6
    0.28000000000000    0.26666666666667    0.00000000000000            12
    0.29333333333334    0.26666666666667    0.00000000000000            12
    0.30666666666667    0.26666666666667    0.00000000000000            12
    0.32000000000000    0.26666666666667    0.00000000000000            12
    0.33333333333334    0.26666666666667    0.00000000000000            12
    0.34666666666667    0.26666666666667    0.00000000000000            12
    0.36000000000000    0.26666666666667    0.00000000000000            12
    0.28000000000000    0.28000000000000    0.00000000000000             6
    0.29333333333334    0.28000000000000    0.00000000000000            12
    0.30666666666667    0.28000000000000    0.00000000000000            12
    0.32000000000000    0.28000000000000    0.00000000000000            12
    0.33333333333334    0.28000000000000    0.00000000000000            12
    0.34666666666667    0.28000000000000    0.00000000000000            12
    0.36000000000000    0.28000000000000    0.00000000000000             6
    0.29333333333334    0.29333333333334    0.00000000000000             6
    0.30666666666667    0.29333333333334    0.00000000000000            12
    0.32000000000000    0.29333333333334    0.00000000000000            12
    0.33333333333334    0.29333333333334    0.00000000000000            12
    0.34666666666667    0.29333333333334    0.00000000000000            12
    0.30666666666667    0.30666666666667    0.00000000000000             6
    0.32000000000000    0.30666666666667    0.00000000000000            12
    0.33333333333334    0.30666666666667    0.00000000000000            12
    0.34666666666667    0.30666666666667    0.00000000000000             6
    0.32000000000000    0.32000000000000    0.00000000000000             6
    0.33333333333334    0.32000000000000    0.00000000000000            12
    0.33333333333334    0.33333333333334    0.00000000000000             2
