Automatically generated mesh
     726
Reciprocal lattice
    0.00000000000000    0.00000000000000    0.00000000000000             1
    0.04761904761905    0.00000000000000    0.00000000000000             4
    0.09523809523810    0.00000000000000    0.00000000000000             4
    0.14285714285715    0.00000000000000    0.00000000000000             4
    0.19047619047619    0.00000000000000    0.00000000000000             4
    0.23809523809524    0.00000000000000    0.00000000000000             4
    0.28571428571429    0.00000000000000    0.00000000000000             4
    0.33333333333334    0.00000000000000    0.00000000000000             4
    0.38095238095238    0.00000000000000    0.00000000000000             4
    0.42857142857143    0.00000000000000    0.00000000000000             4
    0.47619047619048    0.00000000000000    0.00000000000000             4
    0.04761904761905    0.04761904761905    0.00000000000000             4
    0.09523809523810    0.04761904761905    0.00000000000000             8
    0.14285714285715    0.04761904761905    0.00000000000000             8
    0.19047619047619    0.04761904761905    0.00000000000000             8
    0.23809523809524    0.04761904761905    0.00000000000000             8
    0.28571428571429    0.04761904761905    0.00000000000000             8
    0.33333333333334    0.04761904761905    0.00000000000000             8
    0.38095238095238    0.04761904761905    0.00000000000000             8
    0.42857142857143    0.04761904761905    0.00000000000000             8
    0.47619047619048    0.04761904761905    0.00000000000000             8
    0.09523809523810    0.09523809523810    0.00000000000000             4
    0.14285714285715    0.09523809523810    0.00000000000000             8
    0.19047619047619    0.09523809523810    0.00000000000000             8
    0.23809523809524    0.09523809523810    0.00000000000000             8
    0.28571428571429    0.09523809523810    0.00000000000000             8
    0.33333333333334    0.09523809523810    0.00000000000000             8
    0.38095238095238    0.09523809523810    0.00000000000000             8
    0.42857142857143    0.09523809523810    0.00000000000000             8
    0.47619047619048    0.09523809523810    0.00000000000000             8
    0.14285714285715    0.14285714285715    0.00000000000000             4
    0.19047619047619    0.14285714285715    0.00000000000000             8
    0.23809523809524    0.14285714285715    0.00000000000000             8
    0.28571428571429    0.14285714285715    0.00000000000000             8
    0.33333333333334    0.14285714285715    0.00000000000000             8
    0.38095238095238    0.14285714285715    0.00000000000000             8
    0.42857142857143    0.14285714285715    0.00000000000000             8
    0.47619047619048    0.14285714285715    0.00000000000000             8
    0.19047619047619    0.19047619047619    0.00000000000000             4
    0.23809523809524    0.19047619047619    0.00000000000000             8
    0.28571428571429    0.19047619047619    0.00000000000000             8
    0.33333333333334    0.19047619047619    0.00000000000000             8
    0.38095238095238    0.19047619047619    0.00000000000000             8
    0.42857142857143    0.19047619047619    0.00000000000000             8
    0.47619047619048    0.19047619047619    0.00000000000000             8
    0.23809523809524    0.23809523809524    0.00000000000000             4
    0.28571428571429    0.23809523809524    0.00000000000000             8
    0.33333333333334    0.23809523809524    0.00000000000000             8
    0.38095238095238    0.23809523809524    0.00000000000000             8
    0.42857142857143    0.23809523809524    0.00000000000000             8
    0.47619047619048    0.23809523809524    0.00000000000000             8
    0.28571428571429    0.28571428571429    0.00000000000000             4
    0.33333333333334    0.28571428571429    0.00000000000000             8
    0.38095238095238    0.28571428571429    0.00000000000000             8
    0.42857142857143    0.28571428571429    0.00000000000000             8
    0.47619047619048    0.28571428571429    0.00000000000000             8
    0.33333333333334    0.33333333333334    0.00000000000000             4
    0.38095238095238    0.33333333333334    0.00000000000000             8
    0.42857142857143    0.33333333333334    0.00000000000000             8
    0.47619047619048    0.33333333333334    0.00000000000000             8
    0.38095238095238    0.38095238095238    0.00000000000000             4
    0.42857142857143    0.38095238095238    0.00000000000000             8
    0.47619047619048    0.38095238095238    0.00000000000000             8
    0.42857142857143    0.42857142857143    0.00000000000000             4
    0.47619047619048    0.42857142857143    0.00000000000000             8
    0.47619047619048    0.47619047619048    0.00000000000000             4
    0.00000000000000    0.00000000000000    0.04761904761905             2
    0.04761904761905    0.00000000000000    0.04761904761905             8
    0.09523809523810    0.00000000000000    0.04761904761905             8
    0.14285714285715    0.00000000000000    0.04761904761905             8
    0.19047619047619    0.00000000000000    0.04761904761905             8
    0.23809523809524    0.00000000000000    0.04761904761905             8
    0.28571428571429    0.00000000000000    0.04761904761905             8
    0.33333333333334    0.00000000000000    0.04761904761905             8
    0.38095238095238    0.00000000000000    0.04761904761905             8
    0.42857142857143    0.00000000000000    0.04761904761905             8
    0.47619047619048    0.00000000000000    0.04761904761905             8
    0.04761904761905    0.04761904761905    0.04761904761905             8
    0.09523809523810    0.04761904761905    0.04761904761905            16
    0.14285714285715    0.04761904761905    0.04761904761905            16
    0.19047619047619    0.04761904761905    0.04761904761905            16
    0.23809523809524    0.04761904761905    0.04761904761905            16
    0.28571428571429    0.04761904761905    0.04761904761905            16
    0.33333333333334    0.04761904761905    0.04761904761905            16
    0.38095238095238    0.04761904761905    0.04761904761905            16
    0.42857142857143    0.04761904761905    0.04761904761905            16
    0.47619047619048    0.04761904761905    0.04761904761905            16
    0.09523809523810    0.09523809523810    0.04761904761905             8
    0.14285714285715    0.09523809523810    0.04761904761905            16
    0.19047619047619    0.09523809523810    0.04761904761905            16
    0.23809523809524    0.09523809523810    0.04761904761905            16
    0.28571428571429    0.09523809523810    0.04761904761905            16
    0.33333333333334    0.09523809523810    0.04761904761905            16
    0.38095238095238    0.09523809523810    0.04761904761905            16
    0.42857142857143    0.09523809523810    0.04761904761905            16
    0.47619047619048    0.09523809523810    0.04761904761905            16
    0.14285714285715    0.14285714285715    0.04761904761905             8
    0.19047619047619    0.14285714285715    0.04761904761905            16
    0.23809523809524    0.14285714285715    0.04761904761905            16
    0.28571428571429    0.14285714285715    0.04761904761905            16
    0.33333333333334    0.14285714285715    0.04761904761905            16
    0.38095238095238    0.14285714285715    0.04761904761905            16
    0.42857142857143    0.14285714285715    0.04761904761905            16
    0.47619047619048    0.14285714285715    0.04761904761905            16
    0.19047619047619    0.19047619047619    0.04761904761905             8
    0.23809523809524    0.19047619047619    0.04761904761905            16
    0.28571428571429    0.19047619047619    0.04761904761905            16
    0.33333333333334    0.19047619047619    0.04761904761905            16
    0.38095238095238    0.19047619047619    0.04761904761905            16
    0.42857142857143    0.19047619047619    0.04761904761905            16
    0.47619047619048    0.19047619047619    0.04761904761905            16
    0.23809523809524    0.23809523809524    0.04761904761905             8
    0.28571428571429    0.23809523809524    0.04761904761905            16
    0.33333333333334    0.23809523809524    0.04761904761905            16
    0.38095238095238    0.23809523809524    0.04761904761905            16
    0.42857142857143    0.23809523809524    0.04761904761905            16
    0.47619047619048    0.23809523809524    0.04761904761905            16
    0.28571428571429    0.28571428571429    0.04761904761905             8
    0.33333333333334    0.28571428571429    0.04761904761905            16
    0.38095238095238    0.28571428571429    0.04761904761905            16
    0.42857142857143    0.28571428571429    0.04761904761905            16
    0.47619047619048    0.28571428571429    0.04761904761905            16
    0.33333333333334    0.33333333333334    0.04761904761905             8
    0.38095238095238    0.33333333333334    0.04761904761905            16
    0.42857142857143    0.33333333333334    0.04761904761905            16
    0.47619047619048    0.33333333333334    0.04761904761905            16
    0.38095238095238    0.38095238095238    0.04761904761905             8
    0.42857142857143    0.38095238095238    0.04761904761905            16
    0.47619047619048    0.38095238095238    0.04761904761905            16
    0.42857142857143    0.42857142857143    0.04761904761905             8
    0.47619047619048    0.42857142857143    0.04761904761905            16
    0.47619047619048    0.47619047619048    0.04761904761905             8
    0.00000000000000    0.00000000000000    0.09523809523810             2
    0.04761904761905    0.00000000000000    0.09523809523810             8
    0.09523809523810    0.00000000000000    0.09523809523810             8
    0.14285714285715    0.00000000000000    0.09523809523810             8
    0.19047619047619    0.00000000000000    0.09523809523810             8
    0.23809523809524    0.00000000000000    0.09523809523810             8
    0.28571428571429    0.00000000000000    0.09523809523810             8
    0.33333333333334    0.00000000000000    0.09523809523810             8
    0.38095238095238    0.00000000000000    0.09523809523810             8
    0.42857142857143    0.00000000000000    0.09523809523810             8
    0.47619047619048    0.00000000000000    0.09523809523810             8
    0.04761904761905    0.04761904761905    0.09523809523810             8
    0.09523809523810    0.04761904761905    0.09523809523810            16
    0.14285714285715    0.04761904761905    0.09523809523810            16
    0.19047619047619    0.04761904761905    0.09523809523810            16
    0.23809523809524    0.04761904761905    0.09523809523810            16
    0.28571428571429    0.04761904761905    0.09523809523810            16
    0.33333333333334    0.04761904761905    0.09523809523810            16
    0.38095238095238    0.04761904761905    0.09523809523810            16
    0.42857142857143    0.04761904761905    0.09523809523810            16
    0.47619047619048    0.04761904761905    0.09523809523810            16
    0.09523809523810    0.09523809523810    0.09523809523810             8
    0.14285714285715    0.09523809523810    0.09523809523810            16
    0.19047619047619    0.09523809523810    0.09523809523810            16
    0.23809523809524    0.09523809523810    0.09523809523810            16
    0.28571428571429    0.09523809523810    0.09523809523810            16
    0.33333333333334    0.09523809523810    0.09523809523810            16
    0.38095238095238    0.09523809523810    0.09523809523810            16
    0.42857142857143    0.09523809523810    0.09523809523810            16
    0.47619047619048    0.09523809523810    0.09523809523810            16
    0.14285714285715    0.14285714285715    0.09523809523810             8
    0.19047619047619    0.14285714285715    0.09523809523810            16
    0.23809523809524    0.14285714285715    0.09523809523810            16
    0.28571428571429    0.14285714285715    0.09523809523810            16
    0.33333333333334    0.14285714285715    0.09523809523810            16
    0.38095238095238    0.14285714285715    0.09523809523810            16
    0.42857142857143    0.14285714285715    0.09523809523810            16
    0.47619047619048    0.14285714285715    0.09523809523810            16
    0.19047619047619    0.19047619047619    0.09523809523810             8
    0.23809523809524    0.19047619047619    0.09523809523810            16
    0.28571428571429    0.19047619047619    0.09523809523810            16
    0.33333333333334    0.19047619047619    0.09523809523810            16
    0.38095238095238    0.19047619047619    0.09523809523810            16
    0.42857142857143    0.19047619047619    0.09523809523810            16
    0.47619047619048    0.19047619047619    0.09523809523810            16
    0.23809523809524    0.23809523809524    0.09523809523810             8
    0.28571428571429    0.23809523809524    0.09523809523810            16
    0.33333333333334    0.23809523809524    0.09523809523810            16
    0.38095238095238    0.23809523809524    0.09523809523810            16
    0.42857142857143    0.23809523809524    0.09523809523810            16
    0.47619047619048    0.23809523809524    0.09523809523810            16
    0.28571428571429    0.28571428571429    0.09523809523810             8
    0.33333333333334    0.28571428571429    0.09523809523810            16
    0.38095238095238    0.28571428571429    0.09523809523810            16
    0.42857142857143    0.28571428571429    0.09523809523810            16
    0.47619047619048    0.28571428571429    0.09523809523810            16
    0.33333333333334    0.33333333333334    0.09523809523810             8
    0.38095238095238    0.33333333333334    0.09523809523810            16
    0.42857142857143    0.33333333333334    0.09523809523810            16
    0.47619047619048    0.33333333333334    0.09523809523810            16
    0.38095238095238    0.38095238095238    0.09523809523810             8
    0.42857142857143    0.38095238095238    0.09523809523810            16
    0.47619047619048    0.38095238095238    0.09523809523810            16
    0.42857142857143    0.42857142857143    0.09523809523810             8
    0.47619047619048    0.42857142857143    0.09523809523810            16
    0.47619047619048    0.47619047619048    0.09523809523810             8
    0.00000000000000    0.00000000000000    0.14285714285715             2
    0.04761904761905    0.00000000000000    0.14285714285715             8
    0.09523809523810    0.00000000000000    0.14285714285715             8
    0.14285714285715    0.00000000000000    0.14285714285715             8
    0.19047619047619    0.00000000000000    0.14285714285715             8
    0.23809523809524    0.00000000000000    0.14285714285715             8
    0.28571428571429    0.00000000000000    0.14285714285715             8
    0.33333333333334    0.00000000000000    0.14285714285715             8
    0.38095238095238    0.00000000000000    0.14285714285715             8
    0.42857142857143    0.00000000000000    0.14285714285715             8
    0.47619047619048    0.00000000000000    0.14285714285715             8
    0.04761904761905    0.04761904761905    0.14285714285715             8
    0.09523809523810    0.04761904761905    0.14285714285715            16
    0.14285714285715    0.04761904761905    0.14285714285715            16
    0.19047619047619    0.04761904761905    0.14285714285715            16
    0.23809523809524    0.04761904761905    0.14285714285715            16
    0.28571428571429    0.04761904761905    0.14285714285715            16
    0.33333333333334    0.04761904761905    0.14285714285715            16
    0.38095238095238    0.04761904761905    0.14285714285715            16
    0.42857142857143    0.04761904761905    0.14285714285715            16
    0.47619047619048    0.04761904761905    0.14285714285715            16
    0.09523809523810    0.09523809523810    0.14285714285715             8
    0.14285714285715    0.09523809523810    0.14285714285715            16
    0.19047619047619    0.09523809523810    0.14285714285715            16
    0.23809523809524    0.09523809523810    0.14285714285715            16
    0.28571428571429    0.09523809523810    0.14285714285715            16
    0.33333333333334    0.09523809523810    0.14285714285715            16
    0.38095238095238    0.09523809523810    0.14285714285715            16
    0.42857142857143    0.09523809523810    0.14285714285715            16
    0.47619047619048    0.09523809523810    0.14285714285715            16
    0.14285714285715    0.14285714285715    0.14285714285715             8
    0.19047619047619    0.14285714285715    0.14285714285715            16
    0.23809523809524    0.14285714285715    0.14285714285715            16
    0.28571428571429    0.14285714285715    0.14285714285715            16
    0.33333333333334    0.14285714285715    0.14285714285715            16
    0.38095238095238    0.14285714285715    0.14285714285715            16
    0.42857142857143    0.14285714285715    0.14285714285715            16
    0.47619047619048    0.14285714285715    0.14285714285715            16
    0.19047619047619    0.19047619047619    0.14285714285715             8
    0.23809523809524    0.19047619047619    0.14285714285715            16
    0.28571428571429    0.19047619047619    0.14285714285715            16
    0.33333333333334    0.19047619047619    0.14285714285715            16
    0.38095238095238    0.19047619047619    0.14285714285715            16
    0.42857142857143    0.19047619047619    0.14285714285715            16
    0.47619047619048    0.19047619047619    0.14285714285715            16
    0.23809523809524    0.23809523809524    0.14285714285715             8
    0.28571428571429    0.23809523809524    0.14285714285715            16
    0.33333333333334    0.23809523809524    0.14285714285715            16
    0.38095238095238    0.23809523809524    0.14285714285715            16
    0.42857142857143    0.23809523809524    0.14285714285715            16
    0.47619047619048    0.23809523809524    0.14285714285715            16
    0.28571428571429    0.28571428571429    0.14285714285715             8
    0.33333333333334    0.28571428571429    0.14285714285715            16
    0.38095238095238    0.28571428571429    0.14285714285715            16
    0.42857142857143    0.28571428571429    0.14285714285715            16
    0.47619047619048    0.28571428571429    0.14285714285715            16
    0.33333333333334    0.33333333333334    0.14285714285715             8
    0.38095238095238    0.33333333333334    0.14285714285715            16
    0.42857142857143    0.33333333333334    0.14285714285715            16
    0.47619047619048    0.33333333333334    0.14285714285715            16
    0.38095238095238    0.38095238095238    0.14285714285715             8
    0.42857142857143    0.38095238095238    0.14285714285715            16
    0.47619047619048    0.38095238095238    0.14285714285715            16
    0.42857142857143    0.42857142857143    0.14285714285715             8
    0.47619047619048    0.42857142857143    0.14285714285715            16
    0.47619047619048    0.47619047619048    0.14285714285715             8
    0.00000000000000    0.00000000000000    0.19047619047619             2
    0.04761904761905    0.00000000000000    0.19047619047619             8
    0.09523809523810    0.00000000000000    0.19047619047619             8
    0.14285714285715    0.00000000000000    0.19047619047619             8
    0.19047619047619    0.00000000000000    0.19047619047619             8
    0.23809523809524    0.00000000000000    0.19047619047619             8
    0.28571428571429    0.00000000000000    0.19047619047619             8
    0.33333333333334    0.00000000000000    0.19047619047619             8
    0.38095238095238    0.00000000000000    0.19047619047619             8
    0.42857142857143    0.00000000000000    0.19047619047619             8
    0.47619047619048    0.00000000000000    0.19047619047619             8
    0.04761904761905    0.04761904761905    0.19047619047619             8
    0.09523809523810    0.04761904761905    0.19047619047619            16
    0.14285714285715    0.04761904761905    0.19047619047619            16
    0.19047619047619    0.04761904761905    0.19047619047619            16
    0.23809523809524    0.04761904761905    0.19047619047619            16
    0.28571428571429    0.04761904761905    0.19047619047619            16
    0.33333333333334    0.04761904761905    0.19047619047619            16
    0.38095238095238    0.04761904761905    0.19047619047619            16
    0.42857142857143    0.04761904761905    0.19047619047619            16
    0.47619047619048    0.04761904761905    0.19047619047619            16
    0.09523809523810    0.09523809523810    0.19047619047619             8
    0.14285714285715    0.09523809523810    0.19047619047619            16
    0.19047619047619    0.09523809523810    0.19047619047619            16
    0.23809523809524    0.09523809523810    0.19047619047619            16
    0.28571428571429    0.09523809523810    0.19047619047619            16
    0.33333333333334    0.09523809523810    0.19047619047619            16
    0.38095238095238    0.09523809523810    0.19047619047619            16
    0.42857142857143    0.09523809523810    0.19047619047619            16
    0.47619047619048    0.09523809523810    0.19047619047619            16
    0.14285714285715    0.14285714285715    0.19047619047619             8
    0.19047619047619    0.14285714285715    0.19047619047619            16
    0.23809523809524    0.14285714285715    0.19047619047619            16
    0.28571428571429    0.14285714285715    0.19047619047619            16
    0.33333333333334    0.14285714285715    0.19047619047619            16
    0.38095238095238    0.14285714285715    0.19047619047619            16
    0.42857142857143    0.14285714285715    0.19047619047619            16
    0.47619047619048    0.14285714285715    0.19047619047619            16
    0.19047619047619    0.19047619047619    0.19047619047619             8
    0.23809523809524    0.19047619047619    0.19047619047619            16
    0.28571428571429    0.19047619047619    0.19047619047619            16
    0.33333333333334    0.19047619047619    0.19047619047619            16
    0.38095238095238    0.19047619047619    0.19047619047619            16
    0.42857142857143    0.19047619047619    0.19047619047619            16
    0.47619047619048    0.19047619047619    0.19047619047619            16
    0.23809523809524    0.23809523809524    0.19047619047619             8
    0.28571428571429    0.23809523809524    0.19047619047619            16
    0.33333333333334    0.23809523809524    0.19047619047619            16
    0.38095238095238    0.23809523809524    0.19047619047619            16
    0.42857142857143    0.23809523809524    0.19047619047619            16
    0.47619047619048    0.23809523809524    0.19047619047619            16
    0.28571428571429    0.28571428571429    0.19047619047619             8
    0.33333333333334    0.28571428571429    0.19047619047619            16
    0.38095238095238    0.28571428571429    0.19047619047619            16
    0.42857142857143    0.28571428571429    0.19047619047619            16
    0.47619047619048    0.28571428571429    0.19047619047619            16
    0.33333333333334    0.33333333333334    0.19047619047619             8
    0.38095238095238    0.33333333333334    0.19047619047619            16
    0.42857142857143    0.33333333333334    0.19047619047619            16
    0.47619047619048    0.33333333333334    0.19047619047619            16
    0.38095238095238    0.38095238095238    0.19047619047619             8
    0.42857142857143    0.38095238095238    0.19047619047619            16
    0.47619047619048    0.38095238095238    0.19047619047619            16
    0.42857142857143    0.42857142857143    0.19047619047619             8
    0.47619047619048    0.42857142857143    0.19047619047619            16
    0.47619047619048    0.47619047619048    0.19047619047619             8
    0.00000000000000    0.00000000000000    0.23809523809524             2
    0.04761904761905    0.00000000000000    0.23809523809524             8
    0.09523809523810    0.00000000000000    0.23809523809524             8
    0.14285714285715    0.00000000000000    0.23809523809524             8
    0.19047619047619    0.00000000000000    0.23809523809524             8
    0.23809523809524    0.00000000000000    0.23809523809524             8
    0.28571428571429    0.00000000000000    0.23809523809524             8
    0.33333333333334    0.00000000000000    0.23809523809524             8
    0.38095238095238    0.00000000000000    0.23809523809524             8
    0.42857142857143    0.00000000000000    0.23809523809524             8
    0.47619047619048    0.00000000000000    0.23809523809524             8
    0.04761904761905    0.04761904761905    0.23809523809524             8
    0.09523809523810    0.04761904761905    0.23809523809524            16
    0.14285714285715    0.04761904761905    0.23809523809524            16
    0.19047619047619    0.04761904761905    0.23809523809524            16
    0.23809523809524    0.04761904761905    0.23809523809524            16
    0.28571428571429    0.04761904761905    0.23809523809524            16
    0.33333333333334    0.04761904761905    0.23809523809524            16
    0.38095238095238    0.04761904761905    0.23809523809524            16
    0.42857142857143    0.04761904761905    0.23809523809524            16
    0.47619047619048    0.04761904761905    0.23809523809524            16
    0.09523809523810    0.09523809523810    0.23809523809524             8
    0.14285714285715    0.09523809523810    0.23809523809524            16
    0.19047619047619    0.09523809523810    0.23809523809524            16
    0.23809523809524    0.09523809523810    0.23809523809524            16
    0.28571428571429    0.09523809523810    0.23809523809524            16
    0.33333333333334    0.09523809523810    0.23809523809524            16
    0.38095238095238    0.09523809523810    0.23809523809524            16
    0.42857142857143    0.09523809523810    0.23809523809524            16
    0.47619047619048    0.09523809523810    0.23809523809524            16
    0.14285714285715    0.14285714285715    0.23809523809524             8
    0.19047619047619    0.14285714285715    0.23809523809524            16
    0.23809523809524    0.14285714285715    0.23809523809524            16
    0.28571428571429    0.14285714285715    0.23809523809524            16
    0.33333333333334    0.14285714285715    0.23809523809524            16
    0.38095238095238    0.14285714285715    0.23809523809524            16
    0.42857142857143    0.14285714285715    0.23809523809524            16
    0.47619047619048    0.14285714285715    0.23809523809524            16
    0.19047619047619    0.19047619047619    0.23809523809524             8
    0.23809523809524    0.19047619047619    0.23809523809524            16
    0.28571428571429    0.19047619047619    0.23809523809524            16
    0.33333333333334    0.19047619047619    0.23809523809524            16
    0.38095238095238    0.19047619047619    0.23809523809524            16
    0.42857142857143    0.19047619047619    0.23809523809524            16
    0.47619047619048    0.19047619047619    0.23809523809524            16
    0.23809523809524    0.23809523809524    0.23809523809524             8
    0.28571428571429    0.23809523809524    0.23809523809524            16
    0.33333333333334    0.23809523809524    0.23809523809524            16
    0.38095238095238    0.23809523809524    0.23809523809524            16
    0.42857142857143    0.23809523809524    0.23809523809524            16
    0.47619047619048    0.23809523809524    0.23809523809524            16
    0.28571428571429    0.28571428571429    0.23809523809524             8
    0.33333333333334    0.28571428571429    0.23809523809524            16
    0.38095238095238    0.28571428571429    0.23809523809524            16
    0.42857142857143    0.28571428571429    0.23809523809524            16
    0.47619047619048    0.28571428571429    0.23809523809524            16
    0.33333333333334    0.33333333333334    0.23809523809524             8
    0.38095238095238    0.33333333333334    0.23809523809524            16
    0.42857142857143    0.33333333333334    0.23809523809524            16
    0.47619047619048    0.33333333333334    0.23809523809524            16
    0.38095238095238    0.38095238095238    0.23809523809524             8
    0.42857142857143    0.38095238095238    0.23809523809524            16
    0.47619047619048    0.38095238095238    0.23809523809524            16
    0.42857142857143    0.42857142857143    0.23809523809524             8
    0.47619047619048    0.42857142857143    0.23809523809524            16
    0.47619047619048    0.47619047619048    0.23809523809524             8
    0.00000000000000    0.00000000000000    0.28571428571429             2
    0.04761904761905    0.00000000000000    0.28571428571429             8
    0.09523809523810    0.00000000000000    0.28571428571429             8
    0.14285714285715    0.00000000000000    0.28571428571429             8
    0.19047619047619    0.00000000000000    0.28571428571429             8
    0.23809523809524    0.00000000000000    0.28571428571429             8
    0.28571428571429    0.00000000000000    0.28571428571429             8
    0.33333333333334    0.00000000000000    0.28571428571429             8
    0.38095238095238    0.00000000000000    0.28571428571429             8
    0.42857142857143    0.00000000000000    0.28571428571429             8
    0.47619047619048    0.00000000000000    0.28571428571429             8
    0.04761904761905    0.04761904761905    0.28571428571429             8
    0.09523809523810    0.04761904761905    0.28571428571429            16
    0.14285714285715    0.04761904761905    0.28571428571429            16
    0.19047619047619    0.04761904761905    0.28571428571429            16
    0.23809523809524    0.04761904761905    0.28571428571429            16
    0.28571428571429    0.04761904761905    0.28571428571429            16
    0.33333333333334    0.04761904761905    0.28571428571429            16
    0.38095238095238    0.04761904761905    0.28571428571429            16
    0.42857142857143    0.04761904761905    0.28571428571429            16
    0.47619047619048    0.04761904761905    0.28571428571429            16
    0.09523809523810    0.09523809523810    0.28571428571429             8
    0.14285714285715    0.09523809523810    0.28571428571429            16
    0.19047619047619    0.09523809523810    0.28571428571429            16
    0.23809523809524    0.09523809523810    0.28571428571429            16
    0.28571428571429    0.09523809523810    0.28571428571429            16
    0.33333333333334    0.09523809523810    0.28571428571429            16
    0.38095238095238    0.09523809523810    0.28571428571429            16
    0.42857142857143    0.09523809523810    0.28571428571429            16
    0.47619047619048    0.09523809523810    0.28571428571429            16
    0.14285714285715    0.14285714285715    0.28571428571429             8
    0.19047619047619    0.14285714285715    0.28571428571429            16
    0.23809523809524    0.14285714285715    0.28571428571429            16
    0.28571428571429    0.14285714285715    0.28571428571429            16
    0.33333333333334    0.14285714285715    0.28571428571429            16
    0.38095238095238    0.14285714285715    0.28571428571429            16
    0.42857142857143    0.14285714285715    0.28571428571429            16
    0.47619047619048    0.14285714285715    0.28571428571429            16
    0.19047619047619    0.19047619047619    0.28571428571429             8
    0.23809523809524    0.19047619047619    0.28571428571429            16
    0.28571428571429    0.19047619047619    0.28571428571429            16
    0.33333333333334    0.19047619047619    0.28571428571429            16
    0.38095238095238    0.19047619047619    0.28571428571429            16
    0.42857142857143    0.19047619047619    0.28571428571429            16
    0.47619047619048    0.19047619047619    0.28571428571429            16
    0.23809523809524    0.23809523809524    0.28571428571429             8
    0.28571428571429    0.23809523809524    0.28571428571429            16
    0.33333333333334    0.23809523809524    0.28571428571429            16
    0.38095238095238    0.23809523809524    0.28571428571429            16
    0.42857142857143    0.23809523809524    0.28571428571429            16
    0.47619047619048    0.23809523809524    0.28571428571429            16
    0.28571428571429    0.28571428571429    0.28571428571429             8
    0.33333333333334    0.28571428571429    0.28571428571429            16
    0.38095238095238    0.28571428571429    0.28571428571429            16
    0.42857142857143    0.28571428571429    0.28571428571429            16
    0.47619047619048    0.28571428571429    0.28571428571429            16
    0.33333333333334    0.33333333333334    0.28571428571429             8
    0.38095238095238    0.33333333333334    0.28571428571429            16
    0.42857142857143    0.33333333333334    0.28571428571429            16
    0.47619047619048    0.33333333333334    0.28571428571429            16
    0.38095238095238    0.38095238095238    0.28571428571429             8
    0.42857142857143    0.38095238095238    0.28571428571429            16
    0.47619047619048    0.38095238095238    0.28571428571429            16
    0.42857142857143    0.42857142857143    0.28571428571429             8
    0.47619047619048    0.42857142857143    0.28571428571429            16
    0.47619047619048    0.47619047619048    0.28571428571429             8
    0.00000000000000    0.00000000000000    0.33333333333334             2
    0.04761904761905    0.00000000000000    0.33333333333334             8
    0.09523809523810    0.00000000000000    0.33333333333334             8
    0.14285714285715    0.00000000000000    0.33333333333334             8
    0.19047619047619    0.00000000000000    0.33333333333334             8
    0.23809523809524    0.00000000000000    0.33333333333334             8
    0.28571428571429    0.00000000000000    0.33333333333334             8
    0.33333333333334    0.00000000000000    0.33333333333334             8
    0.38095238095238    0.00000000000000    0.33333333333334             8
    0.42857142857143    0.00000000000000    0.33333333333334             8
    0.47619047619048    0.00000000000000    0.33333333333334             8
    0.04761904761905    0.04761904761905    0.33333333333334             8
    0.09523809523810    0.04761904761905    0.33333333333334            16
    0.14285714285715    0.04761904761905    0.33333333333334            16
    0.19047619047619    0.04761904761905    0.33333333333334            16
    0.23809523809524    0.04761904761905    0.33333333333334            16
    0.28571428571429    0.04761904761905    0.33333333333334            16
    0.33333333333334    0.04761904761905    0.33333333333334            16
    0.38095238095238    0.04761904761905    0.33333333333334            16
    0.42857142857143    0.04761904761905    0.33333333333334            16
    0.47619047619048    0.04761904761905    0.33333333333334            16
    0.09523809523810    0.09523809523810    0.33333333333334             8
    0.14285714285715    0.09523809523810    0.33333333333334            16
    0.19047619047619    0.09523809523810    0.33333333333334            16
    0.23809523809524    0.09523809523810    0.33333333333334            16
    0.28571428571429    0.09523809523810    0.33333333333334            16
    0.33333333333334    0.09523809523810    0.33333333333334            16
    0.38095238095238    0.09523809523810    0.33333333333334            16
    0.42857142857143    0.09523809523810    0.33333333333334            16
    0.47619047619048    0.09523809523810    0.33333333333334            16
    0.14285714285715    0.14285714285715    0.33333333333334             8
    0.19047619047619    0.14285714285715    0.33333333333334            16
    0.23809523809524    0.14285714285715    0.33333333333334            16
    0.28571428571429    0.14285714285715    0.33333333333334            16
    0.33333333333334    0.14285714285715    0.33333333333334            16
    0.38095238095238    0.14285714285715    0.33333333333334            16
    0.42857142857143    0.14285714285715    0.33333333333334            16
    0.47619047619048    0.14285714285715    0.33333333333334            16
    0.19047619047619    0.19047619047619    0.33333333333334             8
    0.23809523809524    0.19047619047619    0.33333333333334            16
    0.28571428571429    0.19047619047619    0.33333333333334            16
    0.33333333333334    0.19047619047619    0.33333333333334            16
    0.38095238095238    0.19047619047619    0.33333333333334            16
    0.42857142857143    0.19047619047619    0.33333333333334            16
    0.47619047619048    0.19047619047619    0.33333333333334            16
    0.23809523809524    0.23809523809524    0.33333333333334             8
    0.28571428571429    0.23809523809524    0.33333333333334            16
    0.33333333333334    0.23809523809524    0.33333333333334            16
    0.38095238095238    0.23809523809524    0.33333333333334            16
    0.42857142857143    0.23809523809524    0.33333333333334            16
    0.47619047619048    0.23809523809524    0.33333333333334            16
    0.28571428571429    0.28571428571429    0.33333333333334             8
    0.33333333333334    0.28571428571429    0.33333333333334            16
    0.38095238095238    0.28571428571429    0.33333333333334            16
    0.42857142857143    0.28571428571429    0.33333333333334            16
    0.47619047619048    0.28571428571429    0.33333333333334            16
    0.33333333333334    0.33333333333334    0.33333333333334             8
    0.38095238095238    0.33333333333334    0.33333333333334            16
    0.42857142857143    0.33333333333334    0.33333333333334            16
    0.47619047619048    0.33333333333334    0.33333333333334            16
    0.38095238095238    0.38095238095238    0.33333333333334             8
    0.42857142857143    0.38095238095238    0.33333333333334            16
    0.47619047619048    0.38095238095238    0.33333333333334            16
    0.42857142857143    0.42857142857143    0.33333333333334             8
    0.47619047619048    0.42857142857143    0.33333333333334            16
    0.47619047619048    0.47619047619048    0.33333333333334             8
    0.00000000000000    0.00000000000000    0.38095238095238             2
    0.04761904761905    0.00000000000000    0.38095238095238             8
    0.09523809523810    0.00000000000000    0.38095238095238             8
    0.14285714285715    0.00000000000000    0.38095238095238             8
    0.19047619047619    0.00000000000000    0.38095238095238             8
    0.23809523809524    0.00000000000000    0.38095238095238             8
    0.28571428571429    0.00000000000000    0.38095238095238             8
    0.33333333333334    0.00000000000000    0.38095238095238             8
    0.38095238095238    0.00000000000000    0.38095238095238             8
    0.42857142857143    0.00000000000000    0.38095238095238             8
    0.47619047619048    0.00000000000000    0.38095238095238             8
    0.04761904761905    0.04761904761905    0.38095238095238             8
    0.09523809523810    0.04761904761905    0.38095238095238            16
    0.14285714285715    0.04761904761905    0.38095238095238            16
    0.19047619047619    0.04761904761905    0.38095238095238            16
    0.23809523809524    0.04761904761905    0.38095238095238            16
    0.28571428571429    0.04761904761905    0.38095238095238            16
    0.33333333333334    0.04761904761905    0.38095238095238            16
    0.38095238095238    0.04761904761905    0.38095238095238            16
    0.42857142857143    0.04761904761905    0.38095238095238            16
    0.47619047619048    0.04761904761905    0.38095238095238            16
    0.09523809523810    0.09523809523810    0.38095238095238             8
    0.14285714285715    0.09523809523810    0.38095238095238            16
    0.19047619047619    0.09523809523810    0.38095238095238            16
    0.23809523809524    0.09523809523810    0.38095238095238            16
    0.28571428571429    0.09523809523810    0.38095238095238            16
    0.33333333333334    0.09523809523810    0.38095238095238            16
    0.38095238095238    0.09523809523810    0.38095238095238            16
    0.42857142857143    0.09523809523810    0.38095238095238            16
    0.47619047619048    0.09523809523810    0.38095238095238            16
    0.14285714285715    0.14285714285715    0.38095238095238             8
    0.19047619047619    0.14285714285715    0.38095238095238            16
    0.23809523809524    0.14285714285715    0.38095238095238            16
    0.28571428571429    0.14285714285715    0.38095238095238            16
    0.33333333333334    0.14285714285715    0.38095238095238            16
    0.38095238095238    0.14285714285715    0.38095238095238            16
    0.42857142857143    0.14285714285715    0.38095238095238            16
    0.47619047619048    0.14285714285715    0.38095238095238            16
    0.19047619047619    0.19047619047619    0.38095238095238             8
    0.23809523809524    0.19047619047619    0.38095238095238            16
    0.28571428571429    0.19047619047619    0.38095238095238            16
    0.33333333333334    0.19047619047619    0.38095238095238            16
    0.38095238095238    0.19047619047619    0.38095238095238            16
    0.42857142857143    0.19047619047619    0.38095238095238            16
    0.47619047619048    0.19047619047619    0.38095238095238            16
    0.23809523809524    0.23809523809524    0.38095238095238             8
    0.28571428571429    0.23809523809524    0.38095238095238            16
    0.33333333333334    0.23809523809524    0.38095238095238            16
    0.38095238095238    0.23809523809524    0.38095238095238            16
    0.42857142857143    0.23809523809524    0.38095238095238            16
    0.47619047619048    0.23809523809524    0.38095238095238            16
    0.28571428571429    0.28571428571429    0.38095238095238             8
    0.33333333333334    0.28571428571429    0.38095238095238            16
    0.38095238095238    0.28571428571429    0.38095238095238            16
    0.42857142857143    0.28571428571429    0.38095238095238            16
    0.47619047619048    0.28571428571429    0.38095238095238            16
    0.33333333333334    0.33333333333334    0.38095238095238             8
    0.38095238095238    0.33333333333334    0.38095238095238            16
    0.42857142857143    0.33333333333334    0.38095238095238            16
    0.47619047619048    0.33333333333334    0.38095238095238            16
    0.38095238095238    0.38095238095238    0.38095238095238             8
    0.42857142857143    0.38095238095238    0.38095238095238            16
    0.47619047619048    0.38095238095238    0.38095238095238            16
    0.42857142857143    0.42857142857143    0.38095238095238             8
    0.47619047619048    0.42857142857143    0.38095238095238            16
    0.47619047619048    0.47619047619048    0.38095238095238             8
    0.00000000000000    0.00000000000000    0.42857142857143             2
    0.04761904761905    0.00000000000000    0.42857142857143             8
    0.09523809523810    0.00000000000000    0.42857142857143             8
    0.14285714285715    0.00000000000000    0.42857142857143             8
    0.19047619047619    0.00000000000000    0.42857142857143             8
    0.23809523809524    0.00000000000000    0.42857142857143             8
    0.28571428571429    0.00000000000000    0.42857142857143             8
    0.33333333333334    0.00000000000000    0.42857142857143             8
    0.38095238095238    0.00000000000000    0.42857142857143             8
    0.42857142857143    0.00000000000000    0.42857142857143             8
    0.47619047619048    0.00000000000000    0.42857142857143             8
    0.04761904761905    0.04761904761905    0.42857142857143             8
    0.09523809523810    0.04761904761905    0.42857142857143            16
    0.14285714285715    0.04761904761905    0.42857142857143            16
    0.19047619047619    0.04761904761905    0.42857142857143            16
    0.23809523809524    0.04761904761905    0.42857142857143            16
    0.28571428571429    0.04761904761905    0.42857142857143            16
    0.33333333333334    0.04761904761905    0.42857142857143            16
    0.38095238095238    0.04761904761905    0.42857142857143            16
    0.42857142857143    0.04761904761905    0.42857142857143            16
    0.47619047619048    0.04761904761905    0.42857142857143            16
    0.09523809523810    0.09523809523810    0.42857142857143             8
    0.14285714285715    0.09523809523810    0.42857142857143            16
    0.19047619047619    0.09523809523810    0.42857142857143            16
    0.23809523809524    0.09523809523810    0.42857142857143            16
    0.28571428571429    0.09523809523810    0.42857142857143            16
    0.33333333333334    0.09523809523810    0.42857142857143            16
    0.38095238095238    0.09523809523810    0.42857142857143            16
    0.42857142857143    0.09523809523810    0.42857142857143            16
    0.47619047619048    0.09523809523810    0.42857142857143            16
    0.14285714285715    0.14285714285715    0.42857142857143             8
    0.19047619047619    0.14285714285715    0.42857142857143            16
    0.23809523809524    0.14285714285715    0.42857142857143            16
    0.28571428571429    0.14285714285715    0.42857142857143            16
    0.33333333333334    0.14285714285715    0.42857142857143            16
    0.38095238095238    0.14285714285715    0.42857142857143            16
    0.42857142857143    0.14285714285715    0.42857142857143            16
    0.47619047619048    0.14285714285715    0.42857142857143            16
    0.19047619047619    0.19047619047619    0.42857142857143             8
    0.23809523809524    0.19047619047619    0.42857142857143            16
    0.28571428571429    0.19047619047619    0.42857142857143            16
    0.33333333333334    0.19047619047619    0.42857142857143            16
    0.38095238095238    0.19047619047619    0.42857142857143            16
    0.42857142857143    0.19047619047619    0.42857142857143            16
    0.47619047619048    0.19047619047619    0.42857142857143            16
    0.23809523809524    0.23809523809524    0.42857142857143             8
    0.28571428571429    0.23809523809524    0.42857142857143            16
    0.33333333333334    0.23809523809524    0.42857142857143            16
    0.38095238095238    0.23809523809524    0.42857142857143            16
    0.42857142857143    0.23809523809524    0.42857142857143            16
    0.47619047619048    0.23809523809524    0.42857142857143            16
    0.28571428571429    0.28571428571429    0.42857142857143             8
    0.33333333333334    0.28571428571429    0.42857142857143            16
    0.38095238095238    0.28571428571429    0.42857142857143            16
    0.42857142857143    0.28571428571429    0.42857142857143            16
    0.47619047619048    0.28571428571429    0.42857142857143            16
    0.33333333333334    0.33333333333334    0.42857142857143             8
    0.38095238095238    0.33333333333334    0.42857142857143            16
    0.42857142857143    0.33333333333334    0.42857142857143            16
    0.47619047619048    0.33333333333334    0.42857142857143            16
    0.38095238095238    0.38095238095238    0.42857142857143             8
    0.42857142857143    0.38095238095238    0.42857142857143            16
    0.47619047619048    0.38095238095238    0.42857142857143            16
    0.42857142857143    0.42857142857143    0.42857142857143             8
    0.47619047619048    0.42857142857143    0.42857142857143            16
    0.47619047619048    0.47619047619048    0.42857142857143             8
    0.00000000000000    0.00000000000000    0.47619047619048             2
    0.04761904761905    0.00000000000000    0.47619047619048             8
    0.09523809523810    0.00000000000000    0.47619047619048             8
    0.14285714285715    0.00000000000000    0.47619047619048             8
    0.19047619047619    0.00000000000000    0.47619047619048             8
    0.23809523809524    0.00000000000000    0.47619047619048             8
    0.28571428571429    0.00000000000000    0.47619047619048             8
    0.33333333333334    0.00000000000000    0.47619047619048             8
    0.38095238095238    0.00000000000000    0.47619047619048             8
    0.42857142857143    0.00000000000000    0.47619047619048             8
    0.47619047619048    0.00000000000000    0.47619047619048             8
    0.04761904761905    0.04761904761905    0.47619047619048             8
    0.09523809523810    0.04761904761905    0.47619047619048            16
    0.14285714285715    0.04761904761905    0.47619047619048            16
    0.19047619047619    0.04761904761905    0.47619047619048            16
    0.23809523809524    0.04761904761905    0.47619047619048            16
    0.28571428571429    0.04761904761905    0.47619047619048            16
    0.33333333333334    0.04761904761905    0.47619047619048            16
    0.38095238095238    0.04761904761905    0.47619047619048            16
    0.42857142857143    0.04761904761905    0.47619047619048            16
    0.47619047619048    0.04761904761905    0.47619047619048            16
    0.09523809523810    0.09523809523810    0.47619047619048             8
    0.14285714285715    0.09523809523810    0.47619047619048            16
    0.19047619047619    0.09523809523810    0.47619047619048            16
    0.23809523809524    0.09523809523810    0.47619047619048            16
    0.28571428571429    0.09523809523810    0.47619047619048            16
    0.33333333333334    0.09523809523810    0.47619047619048            16
    0.38095238095238    0.09523809523810    0.47619047619048            16
    0.42857142857143    0.09523809523810    0.47619047619048            16
    0.47619047619048    0.09523809523810    0.47619047619048            16
    0.14285714285715    0.14285714285715    0.47619047619048             8
    0.19047619047619    0.14285714285715    0.47619047619048            16
    0.23809523809524    0.14285714285715    0.47619047619048            16
    0.28571428571429    0.14285714285715    0.47619047619048            16
    0.33333333333334    0.14285714285715    0.47619047619048            16
    0.38095238095238    0.14285714285715    0.47619047619048            16
    0.42857142857143    0.14285714285715    0.47619047619048            16
    0.47619047619048    0.14285714285715    0.47619047619048            16
    0.19047619047619    0.19047619047619    0.47619047619048             8
    0.23809523809524    0.19047619047619    0.47619047619048            16
    0.28571428571429    0.19047619047619    0.47619047619048            16
    0.33333333333334    0.19047619047619    0.47619047619048            16
    0.38095238095238    0.19047619047619    0.47619047619048            16
    0.42857142857143    0.19047619047619    0.47619047619048            16
    0.47619047619048    0.19047619047619    0.47619047619048            16
    0.23809523809524    0.23809523809524    0.47619047619048             8
    0.28571428571429    0.23809523809524    0.47619047619048            16
    0.33333333333334    0.23809523809524    0.47619047619048            16
    0.38095238095238    0.23809523809524    0.47619047619048            16
    0.42857142857143    0.23809523809524    0.47619047619048            16
    0.47619047619048    0.23809523809524    0.47619047619048            16
    0.28571428571429    0.28571428571429    0.47619047619048             8
    0.33333333333334    0.28571428571429    0.47619047619048            16
    0.38095238095238    0.28571428571429    0.47619047619048            16
    0.42857142857143    0.28571428571429    0.47619047619048            16
    0.47619047619048    0.28571428571429    0.47619047619048            16
    0.33333333333334    0.33333333333334    0.47619047619048             8
    0.38095238095238    0.33333333333334    0.47619047619048            16
    0.42857142857143    0.33333333333334    0.47619047619048            16
    0.47619047619048    0.33333333333334    0.47619047619048            16
    0.38095238095238    0.38095238095238    0.47619047619048             8
    0.42857142857143    0.38095238095238    0.47619047619048            16
    0.47619047619048    0.38095238095238    0.47619047619048            16
    0.42857142857143    0.42857142857143    0.47619047619048             8
    0.47619047619048    0.42857142857143    0.47619047619048            16
    0.47619047619048    0.47619047619048    0.47619047619048             8
