Automatically generated mesh
    1275
Reciprocal lattice
    0.00000000000000    0.00000000000000    0.00000000000000             1
    0.03448275862069    0.00000000000000    0.00000000000000             6
    0.06896551724138    0.00000000000000    0.00000000000000             6
    0.10344827586207    0.00000000000000    0.00000000000000             6
    0.13793103448276    0.00000000000000    0.00000000000000             6
    0.17241379310345    0.00000000000000    0.00000000000000             6
    0.20689655172414    0.00000000000000    0.00000000000000             6
    0.24137931034483    0.00000000000000    0.00000000000000             6
    0.27586206896552    0.00000000000000    0.00000000000000             6
    0.31034482758621    0.00000000000000    0.00000000000000             6
    0.34482758620690    0.00000000000000    0.00000000000000             6
    0.37931034482759    0.00000000000000    0.00000000000000             6
    0.41379310344828    0.00000000000000    0.00000000000000             6
    0.44827586206897    0.00000000000000    0.00000000000000             6
    0.48275862068966    0.00000000000000    0.00000000000000             6
    0.03448275862069    0.03448275862069    0.00000000000000             6
    0.06896551724138    0.03448275862069    0.00000000000000            12
    0.10344827586207    0.03448275862069    0.00000000000000            12
    0.13793103448276    0.03448275862069    0.00000000000000            12
    0.17241379310345    0.03448275862069    0.00000000000000            12
    0.20689655172414    0.03448275862069    0.00000000000000            12
    0.24137931034483    0.03448275862069    0.00000000000000            12
    0.27586206896552    0.03448275862069    0.00000000000000            12
    0.31034482758621    0.03448275862069    0.00000000000000            12
    0.34482758620690    0.03448275862069    0.00000000000000            12
    0.37931034482759    0.03448275862069    0.00000000000000            12
    0.41379310344828    0.03448275862069    0.00000000000000            12
    0.44827586206897    0.03448275862069    0.00000000000000            12
    0.48275862068966    0.03448275862069    0.00000000000000             6
    0.06896551724138    0.06896551724138    0.00000000000000             6
    0.10344827586207    0.06896551724138    0.00000000000000            12
    0.13793103448276    0.06896551724138    0.00000000000000            12
    0.17241379310345    0.06896551724138    0.00000000000000            12
    0.20689655172414    0.06896551724138    0.00000000000000            12
    0.24137931034483    0.06896551724138    0.00000000000000            12
    0.27586206896552    0.06896551724138    0.00000000000000            12
    0.31034482758621    0.06896551724138    0.00000000000000            12
    0.34482758620690    0.06896551724138    0.00000000000000            12
    0.37931034482759    0.06896551724138    0.00000000000000            12
    0.41379310344828    0.06896551724138    0.00000000000000            12
    0.44827586206897    0.06896551724138    0.00000000000000            12
    0.10344827586207    0.10344827586207    0.00000000000000             6
    0.13793103448276    0.10344827586207    0.00000000000000            12
    0.17241379310345    0.10344827586207    0.00000000000000            12
    0.20689655172414    0.10344827586207    0.00000000000000            12
    0.24137931034483    0.10344827586207    0.00000000000000            12
    0.27586206896552    0.10344827586207    0.00000000000000            12
    0.31034482758621    0.10344827586207    0.00000000000000            12
    0.34482758620690    0.10344827586207    0.00000000000000            12
    0.37931034482759    0.10344827586207    0.00000000000000            12
    0.41379310344828    0.10344827586207    0.00000000000000            12
    0.44827586206897    0.10344827586207    0.00000000000000             6
    0.13793103448276    0.13793103448276    0.00000000000000             6
    0.17241379310345    0.13793103448276    0.00000000000000            12
    0.20689655172414    0.13793103448276    0.00000000000000            12
    0.24137931034483    0.13793103448276    0.00000000000000            12
    0.27586206896552    0.13793103448276    0.00000000000000            12
    0.31034482758621    0.13793103448276    0.00000000000000            12
    0.34482758620690    0.13793103448276    0.00000000000000            12
    0.37931034482759    0.13793103448276    0.00000000000000            12
    0.41379310344828    0.13793103448276    0.00000000000000            12
    0.17241379310345    0.17241379310345    0.00000000000000             6
    0.20689655172414    0.17241379310345    0.00000000000000            12
    0.24137931034483    0.17241379310345    0.00000000000000            12
    0.27586206896552    0.17241379310345    0.00000000000000            12
    0.31034482758621    0.17241379310345    0.00000000000000            12
    0.34482758620690    0.17241379310345    0.00000000000000            12
    0.37931034482759    0.17241379310345    0.00000000000000            12
    0.41379310344828    0.17241379310345    0.00000000000000             6
    0.20689655172414    0.20689655172414    0.00000000000000             6
    0.24137931034483    0.20689655172414    0.00000000000000            12
    0.27586206896552    0.20689655172414    0.00000000000000            12
    0.31034482758621    0.20689655172414    0.00000000000000            12
    0.34482758620690    0.20689655172414    0.00000000000000            12
    0.37931034482759    0.20689655172414    0.00000000000000            12
    0.24137931034483    0.24137931034483    0.00000000000000             6
    0.27586206896552    0.24137931034483    0.00000000000000            12
    0.31034482758621    0.24137931034483    0.00000000000000            12
    0.34482758620690    0.24137931034483    0.00000000000000            12
    0.37931034482759    0.24137931034483    0.00000000000000             6
    0.27586206896552    0.27586206896552    0.00000000000000             6
    0.31034482758621    0.27586206896552    0.00000000000000            12
    0.34482758620690    0.27586206896552    0.00000000000000            12
    0.31034482758621    0.31034482758621    0.00000000000000             6
    0.34482758620690    0.31034482758621    0.00000000000000             6
    0.00000000000000    0.00000000000000    0.03448275862069             2
    0.03448275862069    0.00000000000000    0.03448275862069            12
    0.06896551724138    0.00000000000000    0.03448275862069            12
    0.10344827586207    0.00000000000000    0.03448275862069            12
    0.13793103448276    0.00000000000000    0.03448275862069            12
    0.17241379310345    0.00000000000000    0.03448275862069            12
    0.20689655172414    0.00000000000000    0.03448275862069            12
    0.24137931034483    0.00000000000000    0.03448275862069            12
    0.27586206896552    0.00000000000000    0.03448275862069            12
    0.31034482758621    0.00000000000000    0.03448275862069            12
    0.34482758620690    0.00000000000000    0.03448275862069            12
    0.37931034482759    0.00000000000000    0.03448275862069            12
    0.41379310344828    0.00000000000000    0.03448275862069            12
    0.44827586206897    0.00000000000000    0.03448275862069            12
    0.48275862068966    0.00000000000000    0.03448275862069            12
    0.03448275862069    0.03448275862069    0.03448275862069            12
    0.06896551724138    0.03448275862069    0.03448275862069            24
    0.10344827586207    0.03448275862069    0.03448275862069            24
    0.13793103448276    0.03448275862069    0.03448275862069            24
    0.17241379310345    0.03448275862069    0.03448275862069            24
    0.20689655172414    0.03448275862069    0.03448275862069            24
    0.24137931034483    0.03448275862069    0.03448275862069            24
    0.27586206896552    0.03448275862069    0.03448275862069            24
    0.31034482758621    0.03448275862069    0.03448275862069            24
    0.34482758620690    0.03448275862069    0.03448275862069            24
    0.37931034482759    0.03448275862069    0.03448275862069            24
    0.41379310344828    0.03448275862069    0.03448275862069            24
    0.44827586206897    0.03448275862069    0.03448275862069            24
    0.48275862068966    0.03448275862069    0.03448275862069            12
    0.06896551724138    0.06896551724138    0.03448275862069            12
    0.10344827586207    0.06896551724138    0.03448275862069            24
    0.13793103448276    0.06896551724138    0.03448275862069            24
    0.17241379310345    0.06896551724138    0.03448275862069            24
    0.20689655172414    0.06896551724138    0.03448275862069            24
    0.24137931034483    0.06896551724138    0.03448275862069            24
    0.27586206896552    0.06896551724138    0.03448275862069            24
    0.31034482758621    0.06896551724138    0.03448275862069            24
    0.34482758620690    0.06896551724138    0.03448275862069            24
    0.37931034482759    0.06896551724138    0.03448275862069            24
    0.41379310344828    0.06896551724138    0.03448275862069            24
    0.44827586206897    0.06896551724138    0.03448275862069            24
    0.10344827586207    0.10344827586207    0.03448275862069            12
    0.13793103448276    0.10344827586207    0.03448275862069            24
    0.17241379310345    0.10344827586207    0.03448275862069            24
    0.20689655172414    0.10344827586207    0.03448275862069            24
    0.24137931034483    0.10344827586207    0.03448275862069            24
    0.27586206896552    0.10344827586207    0.03448275862069            24
    0.31034482758621    0.10344827586207    0.03448275862069            24
    0.34482758620690    0.10344827586207    0.03448275862069            24
    0.37931034482759    0.10344827586207    0.03448275862069            24
    0.41379310344828    0.10344827586207    0.03448275862069            24
    0.44827586206897    0.10344827586207    0.03448275862069            12
    0.13793103448276    0.13793103448276    0.03448275862069            12
    0.17241379310345    0.13793103448276    0.03448275862069            24
    0.20689655172414    0.13793103448276    0.03448275862069            24
    0.24137931034483    0.13793103448276    0.03448275862069            24
    0.27586206896552    0.13793103448276    0.03448275862069            24
    0.31034482758621    0.13793103448276    0.03448275862069            24
    0.34482758620690    0.13793103448276    0.03448275862069            24
    0.37931034482759    0.13793103448276    0.03448275862069            24
    0.41379310344828    0.13793103448276    0.03448275862069            24
    0.17241379310345    0.17241379310345    0.03448275862069            12
    0.20689655172414    0.17241379310345    0.03448275862069            24
    0.24137931034483    0.17241379310345    0.03448275862069            24
    0.27586206896552    0.17241379310345    0.03448275862069            24
    0.31034482758621    0.17241379310345    0.03448275862069            24
    0.34482758620690    0.17241379310345    0.03448275862069            24
    0.37931034482759    0.17241379310345    0.03448275862069            24
    0.41379310344828    0.17241379310345    0.03448275862069            12
    0.20689655172414    0.20689655172414    0.03448275862069            12
    0.24137931034483    0.20689655172414    0.03448275862069            24
    0.27586206896552    0.20689655172414    0.03448275862069            24
    0.31034482758621    0.20689655172414    0.03448275862069            24
    0.34482758620690    0.20689655172414    0.03448275862069            24
    0.37931034482759    0.20689655172414    0.03448275862069            24
    0.24137931034483    0.24137931034483    0.03448275862069            12
    0.27586206896552    0.24137931034483    0.03448275862069            24
    0.31034482758621    0.24137931034483    0.03448275862069            24
    0.34482758620690    0.24137931034483    0.03448275862069            24
    0.37931034482759    0.24137931034483    0.03448275862069            12
    0.27586206896552    0.27586206896552    0.03448275862069            12
    0.31034482758621    0.27586206896552    0.03448275862069            24
    0.34482758620690    0.27586206896552    0.03448275862069            24
    0.31034482758621    0.31034482758621    0.03448275862069            12
    0.34482758620690    0.31034482758621    0.03448275862069            12
    0.00000000000000    0.00000000000000    0.06896551724138             2
    0.03448275862069    0.00000000000000    0.06896551724138            12
    0.06896551724138    0.00000000000000    0.06896551724138            12
    0.10344827586207    0.00000000000000    0.06896551724138            12
    0.13793103448276    0.00000000000000    0.06896551724138            12
    0.17241379310345    0.00000000000000    0.06896551724138            12
    0.20689655172414    0.00000000000000    0.06896551724138            12
    0.24137931034483    0.00000000000000    0.06896551724138            12
    0.27586206896552    0.00000000000000    0.06896551724138            12
    0.31034482758621    0.00000000000000    0.06896551724138            12
    0.34482758620690    0.00000000000000    0.06896551724138            12
    0.37931034482759    0.00000000000000    0.06896551724138            12
    0.41379310344828    0.00000000000000    0.06896551724138            12
    0.44827586206897    0.00000000000000    0.06896551724138            12
    0.48275862068966    0.00000000000000    0.06896551724138            12
    0.03448275862069    0.03448275862069    0.06896551724138            12
    0.06896551724138    0.03448275862069    0.06896551724138            24
    0.10344827586207    0.03448275862069    0.06896551724138            24
    0.13793103448276    0.03448275862069    0.06896551724138            24
    0.17241379310345    0.03448275862069    0.06896551724138            24
    0.20689655172414    0.03448275862069    0.06896551724138            24
    0.24137931034483    0.03448275862069    0.06896551724138            24
    0.27586206896552    0.03448275862069    0.06896551724138            24
    0.31034482758621    0.03448275862069    0.06896551724138            24
    0.34482758620690    0.03448275862069    0.06896551724138            24
    0.37931034482759    0.03448275862069    0.06896551724138            24
    0.41379310344828    0.03448275862069    0.06896551724138            24
    0.44827586206897    0.03448275862069    0.06896551724138            24
    0.48275862068966    0.03448275862069    0.06896551724138            12
    0.06896551724138    0.06896551724138    0.06896551724138            12
    0.10344827586207    0.06896551724138    0.06896551724138            24
    0.13793103448276    0.06896551724138    0.06896551724138            24
    0.17241379310345    0.06896551724138    0.06896551724138            24
    0.20689655172414    0.06896551724138    0.06896551724138            24
    0.24137931034483    0.06896551724138    0.06896551724138            24
    0.27586206896552    0.06896551724138    0.06896551724138            24
    0.31034482758621    0.06896551724138    0.06896551724138            24
    0.34482758620690    0.06896551724138    0.06896551724138            24
    0.37931034482759    0.06896551724138    0.06896551724138            24
    0.41379310344828    0.06896551724138    0.06896551724138            24
    0.44827586206897    0.06896551724138    0.06896551724138            24
    0.10344827586207    0.10344827586207    0.06896551724138            12
    0.13793103448276    0.10344827586207    0.06896551724138            24
    0.17241379310345    0.10344827586207    0.06896551724138            24
    0.20689655172414    0.10344827586207    0.06896551724138            24
    0.24137931034483    0.10344827586207    0.06896551724138            24
    0.27586206896552    0.10344827586207    0.06896551724138            24
    0.31034482758621    0.10344827586207    0.06896551724138            24
    0.34482758620690    0.10344827586207    0.06896551724138            24
    0.37931034482759    0.10344827586207    0.06896551724138            24
    0.41379310344828    0.10344827586207    0.06896551724138            24
    0.44827586206897    0.10344827586207    0.06896551724138            12
    0.13793103448276    0.13793103448276    0.06896551724138            12
    0.17241379310345    0.13793103448276    0.06896551724138            24
    0.20689655172414    0.13793103448276    0.06896551724138            24
    0.24137931034483    0.13793103448276    0.06896551724138            24
    0.27586206896552    0.13793103448276    0.06896551724138            24
    0.31034482758621    0.13793103448276    0.06896551724138            24
    0.34482758620690    0.13793103448276    0.06896551724138            24
    0.37931034482759    0.13793103448276    0.06896551724138            24
    0.41379310344828    0.13793103448276    0.06896551724138            24
    0.17241379310345    0.17241379310345    0.06896551724138            12
    0.20689655172414    0.17241379310345    0.06896551724138            24
    0.24137931034483    0.17241379310345    0.06896551724138            24
    0.27586206896552    0.17241379310345    0.06896551724138            24
    0.31034482758621    0.17241379310345    0.06896551724138            24
    0.34482758620690    0.17241379310345    0.06896551724138            24
    0.37931034482759    0.17241379310345    0.06896551724138            24
    0.41379310344828    0.17241379310345    0.06896551724138            12
    0.20689655172414    0.20689655172414    0.06896551724138            12
    0.24137931034483    0.20689655172414    0.06896551724138            24
    0.27586206896552    0.20689655172414    0.06896551724138            24
    0.31034482758621    0.20689655172414    0.06896551724138            24
    0.34482758620690    0.20689655172414    0.06896551724138            24
    0.37931034482759    0.20689655172414    0.06896551724138            24
    0.24137931034483    0.24137931034483    0.06896551724138            12
    0.27586206896552    0.24137931034483    0.06896551724138            24
    0.31034482758621    0.24137931034483    0.06896551724138            24
    0.34482758620690    0.24137931034483    0.06896551724138            24
    0.37931034482759    0.24137931034483    0.06896551724138            12
    0.27586206896552    0.27586206896552    0.06896551724138            12
    0.31034482758621    0.27586206896552    0.06896551724138            24
    0.34482758620690    0.27586206896552    0.06896551724138            24
    0.31034482758621    0.31034482758621    0.06896551724138            12
    0.34482758620690    0.31034482758621    0.06896551724138            12
    0.00000000000000    0.00000000000000    0.10344827586207             2
    0.03448275862069    0.00000000000000    0.10344827586207            12
    0.06896551724138    0.00000000000000    0.10344827586207            12
    0.10344827586207    0.00000000000000    0.10344827586207            12
    0.13793103448276    0.00000000000000    0.10344827586207            12
    0.17241379310345    0.00000000000000    0.10344827586207            12
    0.20689655172414    0.00000000000000    0.10344827586207            12
    0.24137931034483    0.00000000000000    0.10344827586207            12
    0.27586206896552    0.00000000000000    0.10344827586207            12
    0.31034482758621    0.00000000000000    0.10344827586207            12
    0.34482758620690    0.00000000000000    0.10344827586207            12
    0.37931034482759    0.00000000000000    0.10344827586207            12
    0.41379310344828    0.00000000000000    0.10344827586207            12
    0.44827586206897    0.00000000000000    0.10344827586207            12
    0.48275862068966    0.00000000000000    0.10344827586207            12
    0.03448275862069    0.03448275862069    0.10344827586207            12
    0.06896551724138    0.03448275862069    0.10344827586207            24
    0.10344827586207    0.03448275862069    0.10344827586207            24
    0.13793103448276    0.03448275862069    0.10344827586207            24
    0.17241379310345    0.03448275862069    0.10344827586207            24
    0.20689655172414    0.03448275862069    0.10344827586207            24
    0.24137931034483    0.03448275862069    0.10344827586207            24
    0.27586206896552    0.03448275862069    0.10344827586207            24
    0.31034482758621    0.03448275862069    0.10344827586207            24
    0.34482758620690    0.03448275862069    0.10344827586207            24
    0.37931034482759    0.03448275862069    0.10344827586207            24
    0.41379310344828    0.03448275862069    0.10344827586207            24
    0.44827586206897    0.03448275862069    0.10344827586207            24
    0.48275862068966    0.03448275862069    0.10344827586207            12
    0.06896551724138    0.06896551724138    0.10344827586207            12
    0.10344827586207    0.06896551724138    0.10344827586207            24
    0.13793103448276    0.06896551724138    0.10344827586207            24
    0.17241379310345    0.06896551724138    0.10344827586207            24
    0.20689655172414    0.06896551724138    0.10344827586207            24
    0.24137931034483    0.06896551724138    0.10344827586207            24
    0.27586206896552    0.06896551724138    0.10344827586207            24
    0.31034482758621    0.06896551724138    0.10344827586207            24
    0.34482758620690    0.06896551724138    0.10344827586207            24
    0.37931034482759    0.06896551724138    0.10344827586207            24
    0.41379310344828    0.06896551724138    0.10344827586207            24
    0.44827586206897    0.06896551724138    0.10344827586207            24
    0.10344827586207    0.10344827586207    0.10344827586207            12
    0.13793103448276    0.10344827586207    0.10344827586207            24
    0.17241379310345    0.10344827586207    0.10344827586207            24
    0.20689655172414    0.10344827586207    0.10344827586207            24
    0.24137931034483    0.10344827586207    0.10344827586207            24
    0.27586206896552    0.10344827586207    0.10344827586207            24
    0.31034482758621    0.10344827586207    0.10344827586207            24
    0.34482758620690    0.10344827586207    0.10344827586207            24
    0.37931034482759    0.10344827586207    0.10344827586207            24
    0.41379310344828    0.10344827586207    0.10344827586207            24
    0.44827586206897    0.10344827586207    0.10344827586207            12
    0.13793103448276    0.13793103448276    0.10344827586207            12
    0.17241379310345    0.13793103448276    0.10344827586207            24
    0.20689655172414    0.13793103448276    0.10344827586207            24
    0.24137931034483    0.13793103448276    0.10344827586207            24
    0.27586206896552    0.13793103448276    0.10344827586207            24
    0.31034482758621    0.13793103448276    0.10344827586207            24
    0.34482758620690    0.13793103448276    0.10344827586207            24
    0.37931034482759    0.13793103448276    0.10344827586207            24
    0.41379310344828    0.13793103448276    0.10344827586207            24
    0.17241379310345    0.17241379310345    0.10344827586207            12
    0.20689655172414    0.17241379310345    0.10344827586207            24
    0.24137931034483    0.17241379310345    0.10344827586207            24
    0.27586206896552    0.17241379310345    0.10344827586207            24
    0.31034482758621    0.17241379310345    0.10344827586207            24
    0.34482758620690    0.17241379310345    0.10344827586207            24
    0.37931034482759    0.17241379310345    0.10344827586207            24
    0.41379310344828    0.17241379310345    0.10344827586207            12
    0.20689655172414    0.20689655172414    0.10344827586207            12
    0.24137931034483    0.20689655172414    0.10344827586207            24
    0.27586206896552    0.20689655172414    0.10344827586207            24
    0.31034482758621    0.20689655172414    0.10344827586207            24
    0.34482758620690    0.20689655172414    0.10344827586207            24
    0.37931034482759    0.20689655172414    0.10344827586207            24
    0.24137931034483    0.24137931034483    0.10344827586207            12
    0.27586206896552    0.24137931034483    0.10344827586207            24
    0.31034482758621    0.24137931034483    0.10344827586207            24
    0.34482758620690    0.24137931034483    0.10344827586207            24
    0.37931034482759    0.24137931034483    0.10344827586207            12
    0.27586206896552    0.27586206896552    0.10344827586207            12
    0.31034482758621    0.27586206896552    0.10344827586207            24
    0.34482758620690    0.27586206896552    0.10344827586207            24
    0.31034482758621    0.31034482758621    0.10344827586207            12
    0.34482758620690    0.31034482758621    0.10344827586207            12
    0.00000000000000    0.00000000000000    0.13793103448276             2
    0.03448275862069    0.00000000000000    0.13793103448276            12
    0.06896551724138    0.00000000000000    0.13793103448276            12
    0.10344827586207    0.00000000000000    0.13793103448276            12
    0.13793103448276    0.00000000000000    0.13793103448276            12
    0.17241379310345    0.00000000000000    0.13793103448276            12
    0.20689655172414    0.00000000000000    0.13793103448276            12
    0.24137931034483    0.00000000000000    0.13793103448276            12
    0.27586206896552    0.00000000000000    0.13793103448276            12
    0.31034482758621    0.00000000000000    0.13793103448276            12
    0.34482758620690    0.00000000000000    0.13793103448276            12
    0.37931034482759    0.00000000000000    0.13793103448276            12
    0.41379310344828    0.00000000000000    0.13793103448276            12
    0.44827586206897    0.00000000000000    0.13793103448276            12
    0.48275862068966    0.00000000000000    0.13793103448276            12
    0.03448275862069    0.03448275862069    0.13793103448276            12
    0.06896551724138    0.03448275862069    0.13793103448276            24
    0.10344827586207    0.03448275862069    0.13793103448276            24
    0.13793103448276    0.03448275862069    0.13793103448276            24
    0.17241379310345    0.03448275862069    0.13793103448276            24
    0.20689655172414    0.03448275862069    0.13793103448276            24
    0.24137931034483    0.03448275862069    0.13793103448276            24
    0.27586206896552    0.03448275862069    0.13793103448276            24
    0.31034482758621    0.03448275862069    0.13793103448276            24
    0.34482758620690    0.03448275862069    0.13793103448276            24
    0.37931034482759    0.03448275862069    0.13793103448276            24
    0.41379310344828    0.03448275862069    0.13793103448276            24
    0.44827586206897    0.03448275862069    0.13793103448276            24
    0.48275862068966    0.03448275862069    0.13793103448276            12
    0.06896551724138    0.06896551724138    0.13793103448276            12
    0.10344827586207    0.06896551724138    0.13793103448276            24
    0.13793103448276    0.06896551724138    0.13793103448276            24
    0.17241379310345    0.06896551724138    0.13793103448276            24
    0.20689655172414    0.06896551724138    0.13793103448276            24
    0.24137931034483    0.06896551724138    0.13793103448276            24
    0.27586206896552    0.06896551724138    0.13793103448276            24
    0.31034482758621    0.06896551724138    0.13793103448276            24
    0.34482758620690    0.06896551724138    0.13793103448276            24
    0.37931034482759    0.06896551724138    0.13793103448276            24
    0.41379310344828    0.06896551724138    0.13793103448276            24
    0.44827586206897    0.06896551724138    0.13793103448276            24
    0.10344827586207    0.10344827586207    0.13793103448276            12
    0.13793103448276    0.10344827586207    0.13793103448276            24
    0.17241379310345    0.10344827586207    0.13793103448276            24
    0.20689655172414    0.10344827586207    0.13793103448276            24
    0.24137931034483    0.10344827586207    0.13793103448276            24
    0.27586206896552    0.10344827586207    0.13793103448276            24
    0.31034482758621    0.10344827586207    0.13793103448276            24
    0.34482758620690    0.10344827586207    0.13793103448276            24
    0.37931034482759    0.10344827586207    0.13793103448276            24
    0.41379310344828    0.10344827586207    0.13793103448276            24
    0.44827586206897    0.10344827586207    0.13793103448276            12
    0.13793103448276    0.13793103448276    0.13793103448276            12
    0.17241379310345    0.13793103448276    0.13793103448276            24
    0.20689655172414    0.13793103448276    0.13793103448276            24
    0.24137931034483    0.13793103448276    0.13793103448276            24
    0.27586206896552    0.13793103448276    0.13793103448276            24
    0.31034482758621    0.13793103448276    0.13793103448276            24
    0.34482758620690    0.13793103448276    0.13793103448276            24
    0.37931034482759    0.13793103448276    0.13793103448276            24
    0.41379310344828    0.13793103448276    0.13793103448276            24
    0.17241379310345    0.17241379310345    0.13793103448276            12
    0.20689655172414    0.17241379310345    0.13793103448276            24
    0.24137931034483    0.17241379310345    0.13793103448276            24
    0.27586206896552    0.17241379310345    0.13793103448276            24
    0.31034482758621    0.17241379310345    0.13793103448276            24
    0.34482758620690    0.17241379310345    0.13793103448276            24
    0.37931034482759    0.17241379310345    0.13793103448276            24
    0.41379310344828    0.17241379310345    0.13793103448276            12
    0.20689655172414    0.20689655172414    0.13793103448276            12
    0.24137931034483    0.20689655172414    0.13793103448276            24
    0.27586206896552    0.20689655172414    0.13793103448276            24
    0.31034482758621    0.20689655172414    0.13793103448276            24
    0.34482758620690    0.20689655172414    0.13793103448276            24
    0.37931034482759    0.20689655172414    0.13793103448276            24
    0.24137931034483    0.24137931034483    0.13793103448276            12
    0.27586206896552    0.24137931034483    0.13793103448276            24
    0.31034482758621    0.24137931034483    0.13793103448276            24
    0.34482758620690    0.24137931034483    0.13793103448276            24
    0.37931034482759    0.24137931034483    0.13793103448276            12
    0.27586206896552    0.27586206896552    0.13793103448276            12
    0.31034482758621    0.27586206896552    0.13793103448276            24
    0.34482758620690    0.27586206896552    0.13793103448276            24
    0.31034482758621    0.31034482758621    0.13793103448276            12
    0.34482758620690    0.31034482758621    0.13793103448276            12
    0.00000000000000    0.00000000000000    0.17241379310345             2
    0.03448275862069    0.00000000000000    0.17241379310345            12
    0.06896551724138    0.00000000000000    0.17241379310345            12
    0.10344827586207    0.00000000000000    0.17241379310345            12
    0.13793103448276    0.00000000000000    0.17241379310345            12
    0.17241379310345    0.00000000000000    0.17241379310345            12
    0.20689655172414    0.00000000000000    0.17241379310345            12
    0.24137931034483    0.00000000000000    0.17241379310345            12
    0.27586206896552    0.00000000000000    0.17241379310345            12
    0.31034482758621    0.00000000000000    0.17241379310345            12
    0.34482758620690    0.00000000000000    0.17241379310345            12
    0.37931034482759    0.00000000000000    0.17241379310345            12
    0.41379310344828    0.00000000000000    0.17241379310345            12
    0.44827586206897    0.00000000000000    0.17241379310345            12
    0.48275862068966    0.00000000000000    0.17241379310345            12
    0.03448275862069    0.03448275862069    0.17241379310345            12
    0.06896551724138    0.03448275862069    0.17241379310345            24
    0.10344827586207    0.03448275862069    0.17241379310345            24
    0.13793103448276    0.03448275862069    0.17241379310345            24
    0.17241379310345    0.03448275862069    0.17241379310345            24
    0.20689655172414    0.03448275862069    0.17241379310345            24
    0.24137931034483    0.03448275862069    0.17241379310345            24
    0.27586206896552    0.03448275862069    0.17241379310345            24
    0.31034482758621    0.03448275862069    0.17241379310345            24
    0.34482758620690    0.03448275862069    0.17241379310345            24
    0.37931034482759    0.03448275862069    0.17241379310345            24
    0.41379310344828    0.03448275862069    0.17241379310345            24
    0.44827586206897    0.03448275862069    0.17241379310345            24
    0.48275862068966    0.03448275862069    0.17241379310345            12
    0.06896551724138    0.06896551724138    0.17241379310345            12
    0.10344827586207    0.06896551724138    0.17241379310345            24
    0.13793103448276    0.06896551724138    0.17241379310345            24
    0.17241379310345    0.06896551724138    0.17241379310345            24
    0.20689655172414    0.06896551724138    0.17241379310345            24
    0.24137931034483    0.06896551724138    0.17241379310345            24
    0.27586206896552    0.06896551724138    0.17241379310345            24
    0.31034482758621    0.06896551724138    0.17241379310345            24
    0.34482758620690    0.06896551724138    0.17241379310345            24
    0.37931034482759    0.06896551724138    0.17241379310345            24
    0.41379310344828    0.06896551724138    0.17241379310345            24
    0.44827586206897    0.06896551724138    0.17241379310345            24
    0.10344827586207    0.10344827586207    0.17241379310345            12
    0.13793103448276    0.10344827586207    0.17241379310345            24
    0.17241379310345    0.10344827586207    0.17241379310345            24
    0.20689655172414    0.10344827586207    0.17241379310345            24
    0.24137931034483    0.10344827586207    0.17241379310345            24
    0.27586206896552    0.10344827586207    0.17241379310345            24
    0.31034482758621    0.10344827586207    0.17241379310345            24
    0.34482758620690    0.10344827586207    0.17241379310345            24
    0.37931034482759    0.10344827586207    0.17241379310345            24
    0.41379310344828    0.10344827586207    0.17241379310345            24
    0.44827586206897    0.10344827586207    0.17241379310345            12
    0.13793103448276    0.13793103448276    0.17241379310345            12
    0.17241379310345    0.13793103448276    0.17241379310345            24
    0.20689655172414    0.13793103448276    0.17241379310345            24
    0.24137931034483    0.13793103448276    0.17241379310345            24
    0.27586206896552    0.13793103448276    0.17241379310345            24
    0.31034482758621    0.13793103448276    0.17241379310345            24
    0.34482758620690    0.13793103448276    0.17241379310345            24
    0.37931034482759    0.13793103448276    0.17241379310345            24
    0.41379310344828    0.13793103448276    0.17241379310345            24
    0.17241379310345    0.17241379310345    0.17241379310345            12
    0.20689655172414    0.17241379310345    0.17241379310345            24
    0.24137931034483    0.17241379310345    0.17241379310345            24
    0.27586206896552    0.17241379310345    0.17241379310345            24
    0.31034482758621    0.17241379310345    0.17241379310345            24
    0.34482758620690    0.17241379310345    0.17241379310345            24
    0.37931034482759    0.17241379310345    0.17241379310345            24
    0.41379310344828    0.17241379310345    0.17241379310345            12
    0.20689655172414    0.20689655172414    0.17241379310345            12
    0.24137931034483    0.20689655172414    0.17241379310345            24
    0.27586206896552    0.20689655172414    0.17241379310345            24
    0.31034482758621    0.20689655172414    0.17241379310345            24
    0.34482758620690    0.20689655172414    0.17241379310345            24
    0.37931034482759    0.20689655172414    0.17241379310345            24
    0.24137931034483    0.24137931034483    0.17241379310345            12
    0.27586206896552    0.24137931034483    0.17241379310345            24
    0.31034482758621    0.24137931034483    0.17241379310345            24
    0.34482758620690    0.24137931034483    0.17241379310345            24
    0.37931034482759    0.24137931034483    0.17241379310345            12
    0.27586206896552    0.27586206896552    0.17241379310345            12
    0.31034482758621    0.27586206896552    0.17241379310345            24
    0.34482758620690    0.27586206896552    0.17241379310345            24
    0.31034482758621    0.31034482758621    0.17241379310345            12
    0.34482758620690    0.31034482758621    0.17241379310345            12
    0.00000000000000    0.00000000000000    0.20689655172414             2
    0.03448275862069    0.00000000000000    0.20689655172414            12
    0.06896551724138    0.00000000000000    0.20689655172414            12
    0.10344827586207    0.00000000000000    0.20689655172414            12
    0.13793103448276    0.00000000000000    0.20689655172414            12
    0.17241379310345    0.00000000000000    0.20689655172414            12
    0.20689655172414    0.00000000000000    0.20689655172414            12
    0.24137931034483    0.00000000000000    0.20689655172414            12
    0.27586206896552    0.00000000000000    0.20689655172414            12
    0.31034482758621    0.00000000000000    0.20689655172414            12
    0.34482758620690    0.00000000000000    0.20689655172414            12
    0.37931034482759    0.00000000000000    0.20689655172414            12
    0.41379310344828    0.00000000000000    0.20689655172414            12
    0.44827586206897    0.00000000000000    0.20689655172414            12
    0.48275862068966    0.00000000000000    0.20689655172414            12
    0.03448275862069    0.03448275862069    0.20689655172414            12
    0.06896551724138    0.03448275862069    0.20689655172414            24
    0.10344827586207    0.03448275862069    0.20689655172414            24
    0.13793103448276    0.03448275862069    0.20689655172414            24
    0.17241379310345    0.03448275862069    0.20689655172414            24
    0.20689655172414    0.03448275862069    0.20689655172414            24
    0.24137931034483    0.03448275862069    0.20689655172414            24
    0.27586206896552    0.03448275862069    0.20689655172414            24
    0.31034482758621    0.03448275862069    0.20689655172414            24
    0.34482758620690    0.03448275862069    0.20689655172414            24
    0.37931034482759    0.03448275862069    0.20689655172414            24
    0.41379310344828    0.03448275862069    0.20689655172414            24
    0.44827586206897    0.03448275862069    0.20689655172414            24
    0.48275862068966    0.03448275862069    0.20689655172414            12
    0.06896551724138    0.06896551724138    0.20689655172414            12
    0.10344827586207    0.06896551724138    0.20689655172414            24
    0.13793103448276    0.06896551724138    0.20689655172414            24
    0.17241379310345    0.06896551724138    0.20689655172414            24
    0.20689655172414    0.06896551724138    0.20689655172414            24
    0.24137931034483    0.06896551724138    0.20689655172414            24
    0.27586206896552    0.06896551724138    0.20689655172414            24
    0.31034482758621    0.06896551724138    0.20689655172414            24
    0.34482758620690    0.06896551724138    0.20689655172414            24
    0.37931034482759    0.06896551724138    0.20689655172414            24
    0.41379310344828    0.06896551724138    0.20689655172414            24
    0.44827586206897    0.06896551724138    0.20689655172414            24
    0.10344827586207    0.10344827586207    0.20689655172414            12
    0.13793103448276    0.10344827586207    0.20689655172414            24
    0.17241379310345    0.10344827586207    0.20689655172414            24
    0.20689655172414    0.10344827586207    0.20689655172414            24
    0.24137931034483    0.10344827586207    0.20689655172414            24
    0.27586206896552    0.10344827586207    0.20689655172414            24
    0.31034482758621    0.10344827586207    0.20689655172414            24
    0.34482758620690    0.10344827586207    0.20689655172414            24
    0.37931034482759    0.10344827586207    0.20689655172414            24
    0.41379310344828    0.10344827586207    0.20689655172414            24
    0.44827586206897    0.10344827586207    0.20689655172414            12
    0.13793103448276    0.13793103448276    0.20689655172414            12
    0.17241379310345    0.13793103448276    0.20689655172414            24
    0.20689655172414    0.13793103448276    0.20689655172414            24
    0.24137931034483    0.13793103448276    0.20689655172414            24
    0.27586206896552    0.13793103448276    0.20689655172414            24
    0.31034482758621    0.13793103448276    0.20689655172414            24
    0.34482758620690    0.13793103448276    0.20689655172414            24
    0.37931034482759    0.13793103448276    0.20689655172414            24
    0.41379310344828    0.13793103448276    0.20689655172414            24
    0.17241379310345    0.17241379310345    0.20689655172414            12
    0.20689655172414    0.17241379310345    0.20689655172414            24
    0.24137931034483    0.17241379310345    0.20689655172414            24
    0.27586206896552    0.17241379310345    0.20689655172414            24
    0.31034482758621    0.17241379310345    0.20689655172414            24
    0.34482758620690    0.17241379310345    0.20689655172414            24
    0.37931034482759    0.17241379310345    0.20689655172414            24
    0.41379310344828    0.17241379310345    0.20689655172414            12
    0.20689655172414    0.20689655172414    0.20689655172414            12
    0.24137931034483    0.20689655172414    0.20689655172414            24
    0.27586206896552    0.20689655172414    0.20689655172414            24
    0.31034482758621    0.20689655172414    0.20689655172414            24
    0.34482758620690    0.20689655172414    0.20689655172414            24
    0.37931034482759    0.20689655172414    0.20689655172414            24
    0.24137931034483    0.24137931034483    0.20689655172414            12
    0.27586206896552    0.24137931034483    0.20689655172414            24
    0.31034482758621    0.24137931034483    0.20689655172414            24
    0.34482758620690    0.24137931034483    0.20689655172414            24
    0.37931034482759    0.24137931034483    0.20689655172414            12
    0.27586206896552    0.27586206896552    0.20689655172414            12
    0.31034482758621    0.27586206896552    0.20689655172414            24
    0.34482758620690    0.27586206896552    0.20689655172414            24
    0.31034482758621    0.31034482758621    0.20689655172414            12
    0.34482758620690    0.31034482758621    0.20689655172414            12
    0.00000000000000    0.00000000000000    0.24137931034483             2
    0.03448275862069    0.00000000000000    0.24137931034483            12
    0.06896551724138    0.00000000000000    0.24137931034483            12
    0.10344827586207    0.00000000000000    0.24137931034483            12
    0.13793103448276    0.00000000000000    0.24137931034483            12
    0.17241379310345    0.00000000000000    0.24137931034483            12
    0.20689655172414    0.00000000000000    0.24137931034483            12
    0.24137931034483    0.00000000000000    0.24137931034483            12
    0.27586206896552    0.00000000000000    0.24137931034483            12
    0.31034482758621    0.00000000000000    0.24137931034483            12
    0.34482758620690    0.00000000000000    0.24137931034483            12
    0.37931034482759    0.00000000000000    0.24137931034483            12
    0.41379310344828    0.00000000000000    0.24137931034483            12
    0.44827586206897    0.00000000000000    0.24137931034483            12
    0.48275862068966    0.00000000000000    0.24137931034483            12
    0.03448275862069    0.03448275862069    0.24137931034483            12
    0.06896551724138    0.03448275862069    0.24137931034483            24
    0.10344827586207    0.03448275862069    0.24137931034483            24
    0.13793103448276    0.03448275862069    0.24137931034483            24
    0.17241379310345    0.03448275862069    0.24137931034483            24
    0.20689655172414    0.03448275862069    0.24137931034483            24
    0.24137931034483    0.03448275862069    0.24137931034483            24
    0.27586206896552    0.03448275862069    0.24137931034483            24
    0.31034482758621    0.03448275862069    0.24137931034483            24
    0.34482758620690    0.03448275862069    0.24137931034483            24
    0.37931034482759    0.03448275862069    0.24137931034483            24
    0.41379310344828    0.03448275862069    0.24137931034483            24
    0.44827586206897    0.03448275862069    0.24137931034483            24
    0.48275862068966    0.03448275862069    0.24137931034483            12
    0.06896551724138    0.06896551724138    0.24137931034483            12
    0.10344827586207    0.06896551724138    0.24137931034483            24
    0.13793103448276    0.06896551724138    0.24137931034483            24
    0.17241379310345    0.06896551724138    0.24137931034483            24
    0.20689655172414    0.06896551724138    0.24137931034483            24
    0.24137931034483    0.06896551724138    0.24137931034483            24
    0.27586206896552    0.06896551724138    0.24137931034483            24
    0.31034482758621    0.06896551724138    0.24137931034483            24
    0.34482758620690    0.06896551724138    0.24137931034483            24
    0.37931034482759    0.06896551724138    0.24137931034483            24
    0.41379310344828    0.06896551724138    0.24137931034483            24
    0.44827586206897    0.06896551724138    0.24137931034483            24
    0.10344827586207    0.10344827586207    0.24137931034483            12
    0.13793103448276    0.10344827586207    0.24137931034483            24
    0.17241379310345    0.10344827586207    0.24137931034483            24
    0.20689655172414    0.10344827586207    0.24137931034483            24
    0.24137931034483    0.10344827586207    0.24137931034483            24
    0.27586206896552    0.10344827586207    0.24137931034483            24
    0.31034482758621    0.10344827586207    0.24137931034483            24
    0.34482758620690    0.10344827586207    0.24137931034483            24
    0.37931034482759    0.10344827586207    0.24137931034483            24
    0.41379310344828    0.10344827586207    0.24137931034483            24
    0.44827586206897    0.10344827586207    0.24137931034483            12
    0.13793103448276    0.13793103448276    0.24137931034483            12
    0.17241379310345    0.13793103448276    0.24137931034483            24
    0.20689655172414    0.13793103448276    0.24137931034483            24
    0.24137931034483    0.13793103448276    0.24137931034483            24
    0.27586206896552    0.13793103448276    0.24137931034483            24
    0.31034482758621    0.13793103448276    0.24137931034483            24
    0.34482758620690    0.13793103448276    0.24137931034483            24
    0.37931034482759    0.13793103448276    0.24137931034483            24
    0.41379310344828    0.13793103448276    0.24137931034483            24
    0.17241379310345    0.17241379310345    0.24137931034483            12
    0.20689655172414    0.17241379310345    0.24137931034483            24
    0.24137931034483    0.17241379310345    0.24137931034483            24
    0.27586206896552    0.17241379310345    0.24137931034483            24
    0.31034482758621    0.17241379310345    0.24137931034483            24
    0.34482758620690    0.17241379310345    0.24137931034483            24
    0.37931034482759    0.17241379310345    0.24137931034483            24
    0.41379310344828    0.17241379310345    0.24137931034483            12
    0.20689655172414    0.20689655172414    0.24137931034483            12
    0.24137931034483    0.20689655172414    0.24137931034483            24
    0.27586206896552    0.20689655172414    0.24137931034483            24
    0.31034482758621    0.20689655172414    0.24137931034483            24
    0.34482758620690    0.20689655172414    0.24137931034483            24
    0.37931034482759    0.20689655172414    0.24137931034483            24
    0.24137931034483    0.24137931034483    0.24137931034483            12
    0.27586206896552    0.24137931034483    0.24137931034483            24
    0.31034482758621    0.24137931034483    0.24137931034483            24
    0.34482758620690    0.24137931034483    0.24137931034483            24
    0.37931034482759    0.24137931034483    0.24137931034483            12
    0.27586206896552    0.27586206896552    0.24137931034483            12
    0.31034482758621    0.27586206896552    0.24137931034483            24
    0.34482758620690    0.27586206896552    0.24137931034483            24
    0.31034482758621    0.31034482758621    0.24137931034483            12
    0.34482758620690    0.31034482758621    0.24137931034483            12
    0.00000000000000    0.00000000000000    0.27586206896552             2
    0.03448275862069    0.00000000000000    0.27586206896552            12
    0.06896551724138    0.00000000000000    0.27586206896552            12
    0.10344827586207    0.00000000000000    0.27586206896552            12
    0.13793103448276    0.00000000000000    0.27586206896552            12
    0.17241379310345    0.00000000000000    0.27586206896552            12
    0.20689655172414    0.00000000000000    0.27586206896552            12
    0.24137931034483    0.00000000000000    0.27586206896552            12
    0.27586206896552    0.00000000000000    0.27586206896552            12
    0.31034482758621    0.00000000000000    0.27586206896552            12
    0.34482758620690    0.00000000000000    0.27586206896552            12
    0.37931034482759    0.00000000000000    0.27586206896552            12
    0.41379310344828    0.00000000000000    0.27586206896552            12
    0.44827586206897    0.00000000000000    0.27586206896552            12
    0.48275862068966    0.00000000000000    0.27586206896552            12
    0.03448275862069    0.03448275862069    0.27586206896552            12
    0.06896551724138    0.03448275862069    0.27586206896552            24
    0.10344827586207    0.03448275862069    0.27586206896552            24
    0.13793103448276    0.03448275862069    0.27586206896552            24
    0.17241379310345    0.03448275862069    0.27586206896552            24
    0.20689655172414    0.03448275862069    0.27586206896552            24
    0.24137931034483    0.03448275862069    0.27586206896552            24
    0.27586206896552    0.03448275862069    0.27586206896552            24
    0.31034482758621    0.03448275862069    0.27586206896552            24
    0.34482758620690    0.03448275862069    0.27586206896552            24
    0.37931034482759    0.03448275862069    0.27586206896552            24
    0.41379310344828    0.03448275862069    0.27586206896552            24
    0.44827586206897    0.03448275862069    0.27586206896552            24
    0.48275862068966    0.03448275862069    0.27586206896552            12
    0.06896551724138    0.06896551724138    0.27586206896552            12
    0.10344827586207    0.06896551724138    0.27586206896552            24
    0.13793103448276    0.06896551724138    0.27586206896552            24
    0.17241379310345    0.06896551724138    0.27586206896552            24
    0.20689655172414    0.06896551724138    0.27586206896552            24
    0.24137931034483    0.06896551724138    0.27586206896552            24
    0.27586206896552    0.06896551724138    0.27586206896552            24
    0.31034482758621    0.06896551724138    0.27586206896552            24
    0.34482758620690    0.06896551724138    0.27586206896552            24
    0.37931034482759    0.06896551724138    0.27586206896552            24
    0.41379310344828    0.06896551724138    0.27586206896552            24
    0.44827586206897    0.06896551724138    0.27586206896552            24
    0.10344827586207    0.10344827586207    0.27586206896552            12
    0.13793103448276    0.10344827586207    0.27586206896552            24
    0.17241379310345    0.10344827586207    0.27586206896552            24
    0.20689655172414    0.10344827586207    0.27586206896552            24
    0.24137931034483    0.10344827586207    0.27586206896552            24
    0.27586206896552    0.10344827586207    0.27586206896552            24
    0.31034482758621    0.10344827586207    0.27586206896552            24
    0.34482758620690    0.10344827586207    0.27586206896552            24
    0.37931034482759    0.10344827586207    0.27586206896552            24
    0.41379310344828    0.10344827586207    0.27586206896552            24
    0.44827586206897    0.10344827586207    0.27586206896552            12
    0.13793103448276    0.13793103448276    0.27586206896552            12
    0.17241379310345    0.13793103448276    0.27586206896552            24
    0.20689655172414    0.13793103448276    0.27586206896552            24
    0.24137931034483    0.13793103448276    0.27586206896552            24
    0.27586206896552    0.13793103448276    0.27586206896552            24
    0.31034482758621    0.13793103448276    0.27586206896552            24
    0.34482758620690    0.13793103448276    0.27586206896552            24
    0.37931034482759    0.13793103448276    0.27586206896552            24
    0.41379310344828    0.13793103448276    0.27586206896552            24
    0.17241379310345    0.17241379310345    0.27586206896552            12
    0.20689655172414    0.17241379310345    0.27586206896552            24
    0.24137931034483    0.17241379310345    0.27586206896552            24
    0.27586206896552    0.17241379310345    0.27586206896552            24
    0.31034482758621    0.17241379310345    0.27586206896552            24
    0.34482758620690    0.17241379310345    0.27586206896552            24
    0.37931034482759    0.17241379310345    0.27586206896552            24
    0.41379310344828    0.17241379310345    0.27586206896552            12
    0.20689655172414    0.20689655172414    0.27586206896552            12
    0.24137931034483    0.20689655172414    0.27586206896552            24
    0.27586206896552    0.20689655172414    0.27586206896552            24
    0.31034482758621    0.20689655172414    0.27586206896552            24
    0.34482758620690    0.20689655172414    0.27586206896552            24
    0.37931034482759    0.20689655172414    0.27586206896552            24
    0.24137931034483    0.24137931034483    0.27586206896552            12
    0.27586206896552    0.24137931034483    0.27586206896552            24
    0.31034482758621    0.24137931034483    0.27586206896552            24
    0.34482758620690    0.24137931034483    0.27586206896552            24
    0.37931034482759    0.24137931034483    0.27586206896552            12
    0.27586206896552    0.27586206896552    0.27586206896552            12
    0.31034482758621    0.27586206896552    0.27586206896552            24
    0.34482758620690    0.27586206896552    0.27586206896552            24
    0.31034482758621    0.31034482758621    0.27586206896552            12
    0.34482758620690    0.31034482758621    0.27586206896552            12
    0.00000000000000    0.00000000000000    0.31034482758621             2
    0.03448275862069    0.00000000000000    0.31034482758621            12
    0.06896551724138    0.00000000000000    0.31034482758621            12
    0.10344827586207    0.00000000000000    0.31034482758621            12
    0.13793103448276    0.00000000000000    0.31034482758621            12
    0.17241379310345    0.00000000000000    0.31034482758621            12
    0.20689655172414    0.00000000000000    0.31034482758621            12
    0.24137931034483    0.00000000000000    0.31034482758621            12
    0.27586206896552    0.00000000000000    0.31034482758621            12
    0.31034482758621    0.00000000000000    0.31034482758621            12
    0.34482758620690    0.00000000000000    0.31034482758621            12
    0.37931034482759    0.00000000000000    0.31034482758621            12
    0.41379310344828    0.00000000000000    0.31034482758621            12
    0.44827586206897    0.00000000000000    0.31034482758621            12
    0.48275862068966    0.00000000000000    0.31034482758621            12
    0.03448275862069    0.03448275862069    0.31034482758621            12
    0.06896551724138    0.03448275862069    0.31034482758621            24
    0.10344827586207    0.03448275862069    0.31034482758621            24
    0.13793103448276    0.03448275862069    0.31034482758621            24
    0.17241379310345    0.03448275862069    0.31034482758621            24
    0.20689655172414    0.03448275862069    0.31034482758621            24
    0.24137931034483    0.03448275862069    0.31034482758621            24
    0.27586206896552    0.03448275862069    0.31034482758621            24
    0.31034482758621    0.03448275862069    0.31034482758621            24
    0.34482758620690    0.03448275862069    0.31034482758621            24
    0.37931034482759    0.03448275862069    0.31034482758621            24
    0.41379310344828    0.03448275862069    0.31034482758621            24
    0.44827586206897    0.03448275862069    0.31034482758621            24
    0.48275862068966    0.03448275862069    0.31034482758621            12
    0.06896551724138    0.06896551724138    0.31034482758621            12
    0.10344827586207    0.06896551724138    0.31034482758621            24
    0.13793103448276    0.06896551724138    0.31034482758621            24
    0.17241379310345    0.06896551724138    0.31034482758621            24
    0.20689655172414    0.06896551724138    0.31034482758621            24
    0.24137931034483    0.06896551724138    0.31034482758621            24
    0.27586206896552    0.06896551724138    0.31034482758621            24
    0.31034482758621    0.06896551724138    0.31034482758621            24
    0.34482758620690    0.06896551724138    0.31034482758621            24
    0.37931034482759    0.06896551724138    0.31034482758621            24
    0.41379310344828    0.06896551724138    0.31034482758621            24
    0.44827586206897    0.06896551724138    0.31034482758621            24
    0.10344827586207    0.10344827586207    0.31034482758621            12
    0.13793103448276    0.10344827586207    0.31034482758621            24
    0.17241379310345    0.10344827586207    0.31034482758621            24
    0.20689655172414    0.10344827586207    0.31034482758621            24
    0.24137931034483    0.10344827586207    0.31034482758621            24
    0.27586206896552    0.10344827586207    0.31034482758621            24
    0.31034482758621    0.10344827586207    0.31034482758621            24
    0.34482758620690    0.10344827586207    0.31034482758621            24
    0.37931034482759    0.10344827586207    0.31034482758621            24
    0.41379310344828    0.10344827586207    0.31034482758621            24
    0.44827586206897    0.10344827586207    0.31034482758621            12
    0.13793103448276    0.13793103448276    0.31034482758621            12
    0.17241379310345    0.13793103448276    0.31034482758621            24
    0.20689655172414    0.13793103448276    0.31034482758621            24
    0.24137931034483    0.13793103448276    0.31034482758621            24
    0.27586206896552    0.13793103448276    0.31034482758621            24
    0.31034482758621    0.13793103448276    0.31034482758621            24
    0.34482758620690    0.13793103448276    0.31034482758621            24
    0.37931034482759    0.13793103448276    0.31034482758621            24
    0.41379310344828    0.13793103448276    0.31034482758621            24
    0.17241379310345    0.17241379310345    0.31034482758621            12
    0.20689655172414    0.17241379310345    0.31034482758621            24
    0.24137931034483    0.17241379310345    0.31034482758621            24
    0.27586206896552    0.17241379310345    0.31034482758621            24
    0.31034482758621    0.17241379310345    0.31034482758621            24
    0.34482758620690    0.17241379310345    0.31034482758621            24
    0.37931034482759    0.17241379310345    0.31034482758621            24
    0.41379310344828    0.17241379310345    0.31034482758621            12
    0.20689655172414    0.20689655172414    0.31034482758621            12
    0.24137931034483    0.20689655172414    0.31034482758621            24
    0.27586206896552    0.20689655172414    0.31034482758621            24
    0.31034482758621    0.20689655172414    0.31034482758621            24
    0.34482758620690    0.20689655172414    0.31034482758621            24
    0.37931034482759    0.20689655172414    0.31034482758621            24
    0.24137931034483    0.24137931034483    0.31034482758621            12
    0.27586206896552    0.24137931034483    0.31034482758621            24
    0.31034482758621    0.24137931034483    0.31034482758621            24
    0.34482758620690    0.24137931034483    0.31034482758621            24
    0.37931034482759    0.24137931034483    0.31034482758621            12
    0.27586206896552    0.27586206896552    0.31034482758621            12
    0.31034482758621    0.27586206896552    0.31034482758621            24
    0.34482758620690    0.27586206896552    0.31034482758621            24
    0.31034482758621    0.31034482758621    0.31034482758621            12
    0.34482758620690    0.31034482758621    0.31034482758621            12
    0.00000000000000    0.00000000000000    0.34482758620690             2
    0.03448275862069    0.00000000000000    0.34482758620690            12
    0.06896551724138    0.00000000000000    0.34482758620690            12
    0.10344827586207    0.00000000000000    0.34482758620690            12
    0.13793103448276    0.00000000000000    0.34482758620690            12
    0.17241379310345    0.00000000000000    0.34482758620690            12
    0.20689655172414    0.00000000000000    0.34482758620690            12
    0.24137931034483    0.00000000000000    0.34482758620690            12
    0.27586206896552    0.00000000000000    0.34482758620690            12
    0.31034482758621    0.00000000000000    0.34482758620690            12
    0.34482758620690    0.00000000000000    0.34482758620690            12
    0.37931034482759    0.00000000000000    0.34482758620690            12
    0.41379310344828    0.00000000000000    0.34482758620690            12
    0.44827586206897    0.00000000000000    0.34482758620690            12
    0.48275862068966    0.00000000000000    0.34482758620690            12
    0.03448275862069    0.03448275862069    0.34482758620690            12
    0.06896551724138    0.03448275862069    0.34482758620690            24
    0.10344827586207    0.03448275862069    0.34482758620690            24
    0.13793103448276    0.03448275862069    0.34482758620690            24
    0.17241379310345    0.03448275862069    0.34482758620690            24
    0.20689655172414    0.03448275862069    0.34482758620690            24
    0.24137931034483    0.03448275862069    0.34482758620690            24
    0.27586206896552    0.03448275862069    0.34482758620690            24
    0.31034482758621    0.03448275862069    0.34482758620690            24
    0.34482758620690    0.03448275862069    0.34482758620690            24
    0.37931034482759    0.03448275862069    0.34482758620690            24
    0.41379310344828    0.03448275862069    0.34482758620690            24
    0.44827586206897    0.03448275862069    0.34482758620690            24
    0.48275862068966    0.03448275862069    0.34482758620690            12
    0.06896551724138    0.06896551724138    0.34482758620690            12
    0.10344827586207    0.06896551724138    0.34482758620690            24
    0.13793103448276    0.06896551724138    0.34482758620690            24
    0.17241379310345    0.06896551724138    0.34482758620690            24
    0.20689655172414    0.06896551724138    0.34482758620690            24
    0.24137931034483    0.06896551724138    0.34482758620690            24
    0.27586206896552    0.06896551724138    0.34482758620690            24
    0.31034482758621    0.06896551724138    0.34482758620690            24
    0.34482758620690    0.06896551724138    0.34482758620690            24
    0.37931034482759    0.06896551724138    0.34482758620690            24
    0.41379310344828    0.06896551724138    0.34482758620690            24
    0.44827586206897    0.06896551724138    0.34482758620690            24
    0.10344827586207    0.10344827586207    0.34482758620690            12
    0.13793103448276    0.10344827586207    0.34482758620690            24
    0.17241379310345    0.10344827586207    0.34482758620690            24
    0.20689655172414    0.10344827586207    0.34482758620690            24
    0.24137931034483    0.10344827586207    0.34482758620690            24
    0.27586206896552    0.10344827586207    0.34482758620690            24
    0.31034482758621    0.10344827586207    0.34482758620690            24
    0.34482758620690    0.10344827586207    0.34482758620690            24
    0.37931034482759    0.10344827586207    0.34482758620690            24
    0.41379310344828    0.10344827586207    0.34482758620690            24
    0.44827586206897    0.10344827586207    0.34482758620690            12
    0.13793103448276    0.13793103448276    0.34482758620690            12
    0.17241379310345    0.13793103448276    0.34482758620690            24
    0.20689655172414    0.13793103448276    0.34482758620690            24
    0.24137931034483    0.13793103448276    0.34482758620690            24
    0.27586206896552    0.13793103448276    0.34482758620690            24
    0.31034482758621    0.13793103448276    0.34482758620690            24
    0.34482758620690    0.13793103448276    0.34482758620690            24
    0.37931034482759    0.13793103448276    0.34482758620690            24
    0.41379310344828    0.13793103448276    0.34482758620690            24
    0.17241379310345    0.17241379310345    0.34482758620690            12
    0.20689655172414    0.17241379310345    0.34482758620690            24
    0.24137931034483    0.17241379310345    0.34482758620690            24
    0.27586206896552    0.17241379310345    0.34482758620690            24
    0.31034482758621    0.17241379310345    0.34482758620690            24
    0.34482758620690    0.17241379310345    0.34482758620690            24
    0.37931034482759    0.17241379310345    0.34482758620690            24
    0.41379310344828    0.17241379310345    0.34482758620690            12
    0.20689655172414    0.20689655172414    0.34482758620690            12
    0.24137931034483    0.20689655172414    0.34482758620690            24
    0.27586206896552    0.20689655172414    0.34482758620690            24
    0.31034482758621    0.20689655172414    0.34482758620690            24
    0.34482758620690    0.20689655172414    0.34482758620690            24
    0.37931034482759    0.20689655172414    0.34482758620690            24
    0.24137931034483    0.24137931034483    0.34482758620690            12
    0.27586206896552    0.24137931034483    0.34482758620690            24
    0.31034482758621    0.24137931034483    0.34482758620690            24
    0.34482758620690    0.24137931034483    0.34482758620690            24
    0.37931034482759    0.24137931034483    0.34482758620690            12
    0.27586206896552    0.27586206896552    0.34482758620690            12
    0.31034482758621    0.27586206896552    0.34482758620690            24
    0.34482758620690    0.27586206896552    0.34482758620690            24
    0.31034482758621    0.31034482758621    0.34482758620690            12
    0.34482758620690    0.31034482758621    0.34482758620690            12
    0.00000000000000    0.00000000000000    0.37931034482759             2
    0.03448275862069    0.00000000000000    0.37931034482759            12
    0.06896551724138    0.00000000000000    0.37931034482759            12
    0.10344827586207    0.00000000000000    0.37931034482759            12
    0.13793103448276    0.00000000000000    0.37931034482759            12
    0.17241379310345    0.00000000000000    0.37931034482759            12
    0.20689655172414    0.00000000000000    0.37931034482759            12
    0.24137931034483    0.00000000000000    0.37931034482759            12
    0.27586206896552    0.00000000000000    0.37931034482759            12
    0.31034482758621    0.00000000000000    0.37931034482759            12
    0.34482758620690    0.00000000000000    0.37931034482759            12
    0.37931034482759    0.00000000000000    0.37931034482759            12
    0.41379310344828    0.00000000000000    0.37931034482759            12
    0.44827586206897    0.00000000000000    0.37931034482759            12
    0.48275862068966    0.00000000000000    0.37931034482759            12
    0.03448275862069    0.03448275862069    0.37931034482759            12
    0.06896551724138    0.03448275862069    0.37931034482759            24
    0.10344827586207    0.03448275862069    0.37931034482759            24
    0.13793103448276    0.03448275862069    0.37931034482759            24
    0.17241379310345    0.03448275862069    0.37931034482759            24
    0.20689655172414    0.03448275862069    0.37931034482759            24
    0.24137931034483    0.03448275862069    0.37931034482759            24
    0.27586206896552    0.03448275862069    0.37931034482759            24
    0.31034482758621    0.03448275862069    0.37931034482759            24
    0.34482758620690    0.03448275862069    0.37931034482759            24
    0.37931034482759    0.03448275862069    0.37931034482759            24
    0.41379310344828    0.03448275862069    0.37931034482759            24
    0.44827586206897    0.03448275862069    0.37931034482759            24
    0.48275862068966    0.03448275862069    0.37931034482759            12
    0.06896551724138    0.06896551724138    0.37931034482759            12
    0.10344827586207    0.06896551724138    0.37931034482759            24
    0.13793103448276    0.06896551724138    0.37931034482759            24
    0.17241379310345    0.06896551724138    0.37931034482759            24
    0.20689655172414    0.06896551724138    0.37931034482759            24
    0.24137931034483    0.06896551724138    0.37931034482759            24
    0.27586206896552    0.06896551724138    0.37931034482759            24
    0.31034482758621    0.06896551724138    0.37931034482759            24
    0.34482758620690    0.06896551724138    0.37931034482759            24
    0.37931034482759    0.06896551724138    0.37931034482759            24
    0.41379310344828    0.06896551724138    0.37931034482759            24
    0.44827586206897    0.06896551724138    0.37931034482759            24
    0.10344827586207    0.10344827586207    0.37931034482759            12
    0.13793103448276    0.10344827586207    0.37931034482759            24
    0.17241379310345    0.10344827586207    0.37931034482759            24
    0.20689655172414    0.10344827586207    0.37931034482759            24
    0.24137931034483    0.10344827586207    0.37931034482759            24
    0.27586206896552    0.10344827586207    0.37931034482759            24
    0.31034482758621    0.10344827586207    0.37931034482759            24
    0.34482758620690    0.10344827586207    0.37931034482759            24
    0.37931034482759    0.10344827586207    0.37931034482759            24
    0.41379310344828    0.10344827586207    0.37931034482759            24
    0.44827586206897    0.10344827586207    0.37931034482759            12
    0.13793103448276    0.13793103448276    0.37931034482759            12
    0.17241379310345    0.13793103448276    0.37931034482759            24
    0.20689655172414    0.13793103448276    0.37931034482759            24
    0.24137931034483    0.13793103448276    0.37931034482759            24
    0.27586206896552    0.13793103448276    0.37931034482759            24
    0.31034482758621    0.13793103448276    0.37931034482759            24
    0.34482758620690    0.13793103448276    0.37931034482759            24
    0.37931034482759    0.13793103448276    0.37931034482759            24
    0.41379310344828    0.13793103448276    0.37931034482759            24
    0.17241379310345    0.17241379310345    0.37931034482759            12
    0.20689655172414    0.17241379310345    0.37931034482759            24
    0.24137931034483    0.17241379310345    0.37931034482759            24
    0.27586206896552    0.17241379310345    0.37931034482759            24
    0.31034482758621    0.17241379310345    0.37931034482759            24
    0.34482758620690    0.17241379310345    0.37931034482759            24
    0.37931034482759    0.17241379310345    0.37931034482759            24
    0.41379310344828    0.17241379310345    0.37931034482759            12
    0.20689655172414    0.20689655172414    0.37931034482759            12
    0.24137931034483    0.20689655172414    0.37931034482759            24
    0.27586206896552    0.20689655172414    0.37931034482759            24
    0.31034482758621    0.20689655172414    0.37931034482759            24
    0.34482758620690    0.20689655172414    0.37931034482759            24
    0.37931034482759    0.20689655172414    0.37931034482759            24
    0.24137931034483    0.24137931034483    0.37931034482759            12
    0.27586206896552    0.24137931034483    0.37931034482759            24
    0.31034482758621    0.24137931034483    0.37931034482759            24
    0.34482758620690    0.24137931034483    0.37931034482759            24
    0.37931034482759    0.24137931034483    0.37931034482759            12
    0.27586206896552    0.27586206896552    0.37931034482759            12
    0.31034482758621    0.27586206896552    0.37931034482759            24
    0.34482758620690    0.27586206896552    0.37931034482759            24
    0.31034482758621    0.31034482758621    0.37931034482759            12
    0.34482758620690    0.31034482758621    0.37931034482759            12
    0.00000000000000    0.00000000000000    0.41379310344828             2
    0.03448275862069    0.00000000000000    0.41379310344828            12
    0.06896551724138    0.00000000000000    0.41379310344828            12
    0.10344827586207    0.00000000000000    0.41379310344828            12
    0.13793103448276    0.00000000000000    0.41379310344828            12
    0.17241379310345    0.00000000000000    0.41379310344828            12
    0.20689655172414    0.00000000000000    0.41379310344828            12
    0.24137931034483    0.00000000000000    0.41379310344828            12
    0.27586206896552    0.00000000000000    0.41379310344828            12
    0.31034482758621    0.00000000000000    0.41379310344828            12
    0.34482758620690    0.00000000000000    0.41379310344828            12
    0.37931034482759    0.00000000000000    0.41379310344828            12
    0.41379310344828    0.00000000000000    0.41379310344828            12
    0.44827586206897    0.00000000000000    0.41379310344828            12
    0.48275862068966    0.00000000000000    0.41379310344828            12
    0.03448275862069    0.03448275862069    0.41379310344828            12
    0.06896551724138    0.03448275862069    0.41379310344828            24
    0.10344827586207    0.03448275862069    0.41379310344828            24
    0.13793103448276    0.03448275862069    0.41379310344828            24
    0.17241379310345    0.03448275862069    0.41379310344828            24
    0.20689655172414    0.03448275862069    0.41379310344828            24
    0.24137931034483    0.03448275862069    0.41379310344828            24
    0.27586206896552    0.03448275862069    0.41379310344828            24
    0.31034482758621    0.03448275862069    0.41379310344828            24
    0.34482758620690    0.03448275862069    0.41379310344828            24
    0.37931034482759    0.03448275862069    0.41379310344828            24
    0.41379310344828    0.03448275862069    0.41379310344828            24
    0.44827586206897    0.03448275862069    0.41379310344828            24
    0.48275862068966    0.03448275862069    0.41379310344828            12
    0.06896551724138    0.06896551724138    0.41379310344828            12
    0.10344827586207    0.06896551724138    0.41379310344828            24
    0.13793103448276    0.06896551724138    0.41379310344828            24
    0.17241379310345    0.06896551724138    0.41379310344828            24
    0.20689655172414    0.06896551724138    0.41379310344828            24
    0.24137931034483    0.06896551724138    0.41379310344828            24
    0.27586206896552    0.06896551724138    0.41379310344828            24
    0.31034482758621    0.06896551724138    0.41379310344828            24
    0.34482758620690    0.06896551724138    0.41379310344828            24
    0.37931034482759    0.06896551724138    0.41379310344828            24
    0.41379310344828    0.06896551724138    0.41379310344828            24
    0.44827586206897    0.06896551724138    0.41379310344828            24
    0.10344827586207    0.10344827586207    0.41379310344828            12
    0.13793103448276    0.10344827586207    0.41379310344828            24
    0.17241379310345    0.10344827586207    0.41379310344828            24
    0.20689655172414    0.10344827586207    0.41379310344828            24
    0.24137931034483    0.10344827586207    0.41379310344828            24
    0.27586206896552    0.10344827586207    0.41379310344828            24
    0.31034482758621    0.10344827586207    0.41379310344828            24
    0.34482758620690    0.10344827586207    0.41379310344828            24
    0.37931034482759    0.10344827586207    0.41379310344828            24
    0.41379310344828    0.10344827586207    0.41379310344828            24
    0.44827586206897    0.10344827586207    0.41379310344828            12
    0.13793103448276    0.13793103448276    0.41379310344828            12
    0.17241379310345    0.13793103448276    0.41379310344828            24
    0.20689655172414    0.13793103448276    0.41379310344828            24
    0.24137931034483    0.13793103448276    0.41379310344828            24
    0.27586206896552    0.13793103448276    0.41379310344828            24
    0.31034482758621    0.13793103448276    0.41379310344828            24
    0.34482758620690    0.13793103448276    0.41379310344828            24
    0.37931034482759    0.13793103448276    0.41379310344828            24
    0.41379310344828    0.13793103448276    0.41379310344828            24
    0.17241379310345    0.17241379310345    0.41379310344828            12
    0.20689655172414    0.17241379310345    0.41379310344828            24
    0.24137931034483    0.17241379310345    0.41379310344828            24
    0.27586206896552    0.17241379310345    0.41379310344828            24
    0.31034482758621    0.17241379310345    0.41379310344828            24
    0.34482758620690    0.17241379310345    0.41379310344828            24
    0.37931034482759    0.17241379310345    0.41379310344828            24
    0.41379310344828    0.17241379310345    0.41379310344828            12
    0.20689655172414    0.20689655172414    0.41379310344828            12
    0.24137931034483    0.20689655172414    0.41379310344828            24
    0.27586206896552    0.20689655172414    0.41379310344828            24
    0.31034482758621    0.20689655172414    0.41379310344828            24
    0.34482758620690    0.20689655172414    0.41379310344828            24
    0.37931034482759    0.20689655172414    0.41379310344828            24
    0.24137931034483    0.24137931034483    0.41379310344828            12
    0.27586206896552    0.24137931034483    0.41379310344828            24
    0.31034482758621    0.24137931034483    0.41379310344828            24
    0.34482758620690    0.24137931034483    0.41379310344828            24
    0.37931034482759    0.24137931034483    0.41379310344828            12
    0.27586206896552    0.27586206896552    0.41379310344828            12
    0.31034482758621    0.27586206896552    0.41379310344828            24
    0.34482758620690    0.27586206896552    0.41379310344828            24
    0.31034482758621    0.31034482758621    0.41379310344828            12
    0.34482758620690    0.31034482758621    0.41379310344828            12
    0.00000000000000    0.00000000000000    0.44827586206897             2
    0.03448275862069    0.00000000000000    0.44827586206897            12
    0.06896551724138    0.00000000000000    0.44827586206897            12
    0.10344827586207    0.00000000000000    0.44827586206897            12
    0.13793103448276    0.00000000000000    0.44827586206897            12
    0.17241379310345    0.00000000000000    0.44827586206897            12
    0.20689655172414    0.00000000000000    0.44827586206897            12
    0.24137931034483    0.00000000000000    0.44827586206897            12
    0.27586206896552    0.00000000000000    0.44827586206897            12
    0.31034482758621    0.00000000000000    0.44827586206897            12
    0.34482758620690    0.00000000000000    0.44827586206897            12
    0.37931034482759    0.00000000000000    0.44827586206897            12
    0.41379310344828    0.00000000000000    0.44827586206897            12
    0.44827586206897    0.00000000000000    0.44827586206897            12
    0.48275862068966    0.00000000000000    0.44827586206897            12
    0.03448275862069    0.03448275862069    0.44827586206897            12
    0.06896551724138    0.03448275862069    0.44827586206897            24
    0.10344827586207    0.03448275862069    0.44827586206897            24
    0.13793103448276    0.03448275862069    0.44827586206897            24
    0.17241379310345    0.03448275862069    0.44827586206897            24
    0.20689655172414    0.03448275862069    0.44827586206897            24
    0.24137931034483    0.03448275862069    0.44827586206897            24
    0.27586206896552    0.03448275862069    0.44827586206897            24
    0.31034482758621    0.03448275862069    0.44827586206897            24
    0.34482758620690    0.03448275862069    0.44827586206897            24
    0.37931034482759    0.03448275862069    0.44827586206897            24
    0.41379310344828    0.03448275862069    0.44827586206897            24
    0.44827586206897    0.03448275862069    0.44827586206897            24
    0.48275862068966    0.03448275862069    0.44827586206897            12
    0.06896551724138    0.06896551724138    0.44827586206897            12
    0.10344827586207    0.06896551724138    0.44827586206897            24
    0.13793103448276    0.06896551724138    0.44827586206897            24
    0.17241379310345    0.06896551724138    0.44827586206897            24
    0.20689655172414    0.06896551724138    0.44827586206897            24
    0.24137931034483    0.06896551724138    0.44827586206897            24
    0.27586206896552    0.06896551724138    0.44827586206897            24
    0.31034482758621    0.06896551724138    0.44827586206897            24
    0.34482758620690    0.06896551724138    0.44827586206897            24
    0.37931034482759    0.06896551724138    0.44827586206897            24
    0.41379310344828    0.06896551724138    0.44827586206897            24
    0.44827586206897    0.06896551724138    0.44827586206897            24
    0.10344827586207    0.10344827586207    0.44827586206897            12
    0.13793103448276    0.10344827586207    0.44827586206897            24
    0.17241379310345    0.10344827586207    0.44827586206897            24
    0.20689655172414    0.10344827586207    0.44827586206897            24
    0.24137931034483    0.10344827586207    0.44827586206897            24
    0.27586206896552    0.10344827586207    0.44827586206897            24
    0.31034482758621    0.10344827586207    0.44827586206897            24
    0.34482758620690    0.10344827586207    0.44827586206897            24
    0.37931034482759    0.10344827586207    0.44827586206897            24
    0.41379310344828    0.10344827586207    0.44827586206897            24
    0.44827586206897    0.10344827586207    0.44827586206897            12
    0.13793103448276    0.13793103448276    0.44827586206897            12
    0.17241379310345    0.13793103448276    0.44827586206897            24
    0.20689655172414    0.13793103448276    0.44827586206897            24
    0.24137931034483    0.13793103448276    0.44827586206897            24
    0.27586206896552    0.13793103448276    0.44827586206897            24
    0.31034482758621    0.13793103448276    0.44827586206897            24
    0.34482758620690    0.13793103448276    0.44827586206897            24
    0.37931034482759    0.13793103448276    0.44827586206897            24
    0.41379310344828    0.13793103448276    0.44827586206897            24
    0.17241379310345    0.17241379310345    0.44827586206897            12
    0.20689655172414    0.17241379310345    0.44827586206897            24
    0.24137931034483    0.17241379310345    0.44827586206897            24
    0.27586206896552    0.17241379310345    0.44827586206897            24
    0.31034482758621    0.17241379310345    0.44827586206897            24
    0.34482758620690    0.17241379310345    0.44827586206897            24
    0.37931034482759    0.17241379310345    0.44827586206897            24
    0.41379310344828    0.17241379310345    0.44827586206897            12
    0.20689655172414    0.20689655172414    0.44827586206897            12
    0.24137931034483    0.20689655172414    0.44827586206897            24
    0.27586206896552    0.20689655172414    0.44827586206897            24
    0.31034482758621    0.20689655172414    0.44827586206897            24
    0.34482758620690    0.20689655172414    0.44827586206897            24
    0.37931034482759    0.20689655172414    0.44827586206897            24
    0.24137931034483    0.24137931034483    0.44827586206897            12
    0.27586206896552    0.24137931034483    0.44827586206897            24
    0.31034482758621    0.24137931034483    0.44827586206897            24
    0.34482758620690    0.24137931034483    0.44827586206897            24
    0.37931034482759    0.24137931034483    0.44827586206897            12
    0.27586206896552    0.27586206896552    0.44827586206897            12
    0.31034482758621    0.27586206896552    0.44827586206897            24
    0.34482758620690    0.27586206896552    0.44827586206897            24
    0.31034482758621    0.31034482758621    0.44827586206897            12
    0.34482758620690    0.31034482758621    0.44827586206897            12
    0.00000000000000    0.00000000000000    0.48275862068966             2
    0.03448275862069    0.00000000000000    0.48275862068966            12
    0.06896551724138    0.00000000000000    0.48275862068966            12
    0.10344827586207    0.00000000000000    0.48275862068966            12
    0.13793103448276    0.00000000000000    0.48275862068966            12
    0.17241379310345    0.00000000000000    0.48275862068966            12
    0.20689655172414    0.00000000000000    0.48275862068966            12
    0.24137931034483    0.00000000000000    0.48275862068966            12
    0.27586206896552    0.00000000000000    0.48275862068966            12
    0.31034482758621    0.00000000000000    0.48275862068966            12
    0.34482758620690    0.00000000000000    0.48275862068966            12
    0.37931034482759    0.00000000000000    0.48275862068966            12
    0.41379310344828    0.00000000000000    0.48275862068966            12
    0.44827586206897    0.00000000000000    0.48275862068966            12
    0.48275862068966    0.00000000000000    0.48275862068966            12
    0.03448275862069    0.03448275862069    0.48275862068966            12
    0.06896551724138    0.03448275862069    0.48275862068966            24
    0.10344827586207    0.03448275862069    0.48275862068966            24
    0.13793103448276    0.03448275862069    0.48275862068966            24
    0.17241379310345    0.03448275862069    0.48275862068966            24
    0.20689655172414    0.03448275862069    0.48275862068966            24
    0.24137931034483    0.03448275862069    0.48275862068966            24
    0.27586206896552    0.03448275862069    0.48275862068966            24
    0.31034482758621    0.03448275862069    0.48275862068966            24
    0.34482758620690    0.03448275862069    0.48275862068966            24
    0.37931034482759    0.03448275862069    0.48275862068966            24
    0.41379310344828    0.03448275862069    0.48275862068966            24
    0.44827586206897    0.03448275862069    0.48275862068966            24
    0.48275862068966    0.03448275862069    0.48275862068966            12
    0.06896551724138    0.06896551724138    0.48275862068966            12
    0.10344827586207    0.06896551724138    0.48275862068966            24
    0.13793103448276    0.06896551724138    0.48275862068966            24
    0.17241379310345    0.06896551724138    0.48275862068966            24
    0.20689655172414    0.06896551724138    0.48275862068966            24
    0.24137931034483    0.06896551724138    0.48275862068966            24
    0.27586206896552    0.06896551724138    0.48275862068966            24
    0.31034482758621    0.06896551724138    0.48275862068966            24
    0.34482758620690    0.06896551724138    0.48275862068966            24
    0.37931034482759    0.06896551724138    0.48275862068966            24
    0.41379310344828    0.06896551724138    0.48275862068966            24
    0.44827586206897    0.06896551724138    0.48275862068966            24
    0.10344827586207    0.10344827586207    0.48275862068966            12
    0.13793103448276    0.10344827586207    0.48275862068966            24
    0.17241379310345    0.10344827586207    0.48275862068966            24
    0.20689655172414    0.10344827586207    0.48275862068966            24
    0.24137931034483    0.10344827586207    0.48275862068966            24
    0.27586206896552    0.10344827586207    0.48275862068966            24
    0.31034482758621    0.10344827586207    0.48275862068966            24
    0.34482758620690    0.10344827586207    0.48275862068966            24
    0.37931034482759    0.10344827586207    0.48275862068966            24
    0.41379310344828    0.10344827586207    0.48275862068966            24
    0.44827586206897    0.10344827586207    0.48275862068966            12
    0.13793103448276    0.13793103448276    0.48275862068966            12
    0.17241379310345    0.13793103448276    0.48275862068966            24
    0.20689655172414    0.13793103448276    0.48275862068966            24
    0.24137931034483    0.13793103448276    0.48275862068966            24
    0.27586206896552    0.13793103448276    0.48275862068966            24
    0.31034482758621    0.13793103448276    0.48275862068966            24
    0.34482758620690    0.13793103448276    0.48275862068966            24
    0.37931034482759    0.13793103448276    0.48275862068966            24
    0.41379310344828    0.13793103448276    0.48275862068966            24
    0.17241379310345    0.17241379310345    0.48275862068966            12
    0.20689655172414    0.17241379310345    0.48275862068966            24
    0.24137931034483    0.17241379310345    0.48275862068966            24
    0.27586206896552    0.17241379310345    0.48275862068966            24
    0.31034482758621    0.17241379310345    0.48275862068966            24
    0.34482758620690    0.17241379310345    0.48275862068966            24
    0.37931034482759    0.17241379310345    0.48275862068966            24
    0.41379310344828    0.17241379310345    0.48275862068966            12
    0.20689655172414    0.20689655172414    0.48275862068966            12
    0.24137931034483    0.20689655172414    0.48275862068966            24
    0.27586206896552    0.20689655172414    0.48275862068966            24
    0.31034482758621    0.20689655172414    0.48275862068966            24
    0.34482758620690    0.20689655172414    0.48275862068966            24
    0.37931034482759    0.20689655172414    0.48275862068966            24
    0.24137931034483    0.24137931034483    0.48275862068966            12
    0.27586206896552    0.24137931034483    0.48275862068966            24
    0.31034482758621    0.24137931034483    0.48275862068966            24
    0.34482758620690    0.24137931034483    0.48275862068966            24
    0.37931034482759    0.24137931034483    0.48275862068966            12
    0.27586206896552    0.27586206896552    0.48275862068966            12
    0.31034482758621    0.27586206896552    0.48275862068966            24
    0.34482758620690    0.27586206896552    0.48275862068966            24
    0.31034482758621    0.31034482758621    0.48275862068966            12
    0.34482758620690    0.31034482758621    0.48275862068966            12
