total atom count	total energy	fermi energy	total kpoints	calculated kpoints	kpoints mesh	lattice constant	symmetry precision (SYMPREC)	energy cutoff (ENCUT)	k-point spacing (KSPACING)	volume	time step (POTIM)	mixing parameter (AMIX)	mixing parameter (BMIX)	electronic convergence (EDIFF)	force convergence (EDIFFG)	elapsed time (sec)	Scaling	a1	a2	a3
2	-5.90371299	-2.72068506	144	28	(12, 12, 1)	2.50624	1e-05	600.0	None	None	0.5	None	None	1e-06	-0.001	21.031	1.0	2.50624	2.50624	40.0
2	-5.90647672	-2.79076686	289	45	(17, 17, 1)	2.50624	1e-05	600.0	None	None	0.5	None	None	1e-06	-0.001	21.814	1.0	2.50624	2.50624	40.0
2	-5.90807215	-2.74208868	169	28	(13, 13, 1)	2.50624	1e-05	600.0	None	None	0.5	None	None	1e-06	-0.001	24.597	1.0	2.50624	2.50624	40.0
2	-5.90665154	-2.75388165	225	36	(15, 15, 1)	2.50624	1e-05	600.0	None	None	0.5	None	None	1e-06	-0.001	29.266	1.0	2.50624	2.50624	40.0
2	-5.90786263	-2.75316788	256	45	(16, 16, 1)	2.50624	1e-05	600.0	None	None	0.5	None	None	1e-06	-0.001	37.311	1.0	2.50624	2.50624	40.0
2	-5.90856312	-2.75392567	361	55	(19, 19, 1)	2.50624	1e-05	600.0	None	None	0.5	None	None	1e-06	-0.001	42.004	1.0	2.50624	2.50624	40.0
2	-5.90734078	-2.76005729	324	55	(18, 18, 1)	2.50624	1e-05	600.0	None	None	0.5	None	None	1e-06	-0.001	42.878	1.0	2.50624	2.50624	40.0
2	-5.9085277	-2.75319596	484	78	(22, 22, 1)	2.50624	1e-05	600.0	None	None	0.5	None	None	1e-06	-0.001	60.875	1.0	2.50624	2.50624	40.0
2	-5.90680757	-2.74977339	841	120	(29, 29, 1)	2.50624	1e-05	600.0	None	None	0.5	None	None	1e-06	-0.001	61.12	1.0	2.50624	2.50624	40.0
2	-5.90617353	-2.75391946	529	78	(23, 23, 1)	2.50624	1e-05	600.0	None	None	0.5	None	None	1e-06	-0.001	61.318	1.0	2.50624	2.50624	40.0
2	-5.9082354	-2.75282152	625	91	(25, 25, 1)	2.50624	1e-05	600.0	None	None	0.5	None	None	1e-06	-0.001	69.935	1.0	2.50624	2.50624	40.0
2	-5.90721484	-2.75818355	576	91	(24, 24, 1)	2.50624	1e-05	600.0	None	None	0.5	None	None	1e-06	-0.001	74.387	1.0	2.50624	2.50624	40.0
2	-5.90641453	-2.75073423	676	105	(26, 26, 1)	2.50624	1e-05	600.0	None	None	0.5	None	None	1e-06	-0.001	86.197	1.0	2.50624	2.50624	40.0
2	-5.90737015	-2.75555177	1296	190	(36, 36, 1)	2.50624	1e-05	600.0	None	None	0.5	None	None	1e-06	-0.001	88.25	1.0	2.50624	2.50624	40.0
2	-5.90708949	-2.75651352	729	105	(27, 27, 1)	2.50624	1e-05	600.0	None	None	0.5	None	None	1e-06	-0.001	88.746	1.0	2.50624	2.50624	40.0
2	-5.90742157	-2.75488799	1521	210	(39, 39, 1)	2.50624	1e-05	600.0	None	None	0.5	None	None	1e-06	-0.001	98.683	1.0	2.50624	2.50624	40.0
2	-5.90713726	-2.75441225	900	136	(30, 30, 1)	2.50624	1e-05	600.0	None	None	0.5	None	None	1e-06	-0.001	107.503	1.0	2.50624	2.50624	40.0
2	-5.90755794	-2.75322435	961	136	(31, 31, 1)	2.50624	1e-05	600.0	None	None	0.5	None	None	1e-06	-0.001	108.063	1.0	2.50624	2.50624	40.0
2	-5.90747337	-2.75385476	1764	253	(42, 42, 1)	2.50624	1e-05	600.0	None	None	0.5	None	None	1e-06	-0.001	112.665	1.0	2.50624	2.50624	40.0
2	-5.90729453	-2.75394339	1936	276	(44, 44, 1)	2.50624	1e-05	600.0	None	None	0.5	None	None	1e-06	-0.001	115.943	1.0	2.50624	2.50624	40.0
2	-5.90733256	-2.75130733	1849	253	(43, 43, 1)	2.50624	1e-05	600.0	None	None	0.5	None	None	1e-06	-0.001	116.228	1.0	2.50624	2.50624	40.0
2	-5.90751307	-2.7531351	2025	276	(45, 45, 1)	2.50624	1e-05	600.0	None	None	0.5	None	None	1e-06	-0.001	118.697	1.0	2.50624	2.50624	40.0
2	-5.90710701	-2.75102961	1024	153	(32, 32, 1)	2.50624	1e-05	600.0	None	None	0.5	None	None	1e-06	-0.001	122.101	1.0	2.50624	2.50624	40.0
2	-5.90725525	-2.75357885	2209	300	(47, 47, 1)	2.50624	1e-05	600.0	None	None	0.5	None	None	1e-06	-0.001	126.933	1.0	2.50624	2.50624	40.0
2	-5.90726613	-2.75516291	1089	153	(33, 33, 1)	2.50624	1e-05	600.0	None	None	0.5	None	None	1e-06	-0.001	127.248	1.0	2.50624	2.50624	40.0
2	-5.90727291	-2.75266918	1225	171	(35, 35, 1)	2.50624	1e-05	600.0	None	None	0.5	None	None	1e-06	-0.001	133.443	1.0	2.50624	2.50624	40.0
2	-5.90732064	-2.7523216	1156	171	(34, 34, 1)	2.50624	1e-05	600.0	None	None	0.5	None	None	1e-06	-0.001	134.446	1.0	2.50624	2.50624	40.0
2	-5.90750316	-2.75285878	2304	325	(48, 48, 1)	2.50624	1e-05	600.0	None	None	0.5	None	None	1e-06	-0.001	146.998	1.0	2.50624	2.50624	40.0
2	-5.90724627	-2.75123038	1369	190	(37, 37, 1)	2.50624	1e-05	600.0	None	None	0.5	None	None	1e-06	-0.001	148.965	1.0	2.50624	2.50624	40.0
2	-5.90733935	-2.75365888	1444	210	(38, 38, 1)	2.50624	1e-05	600.0	None	None	0.5	None	None	1e-06	-0.001	167.406	1.0	2.50624	2.50624	40.0
2	-5.90733701	-2.75395216	1681	231	(41, 41, 1)	2.50624	1e-05	600.0	None	None	0.5	None	None	1e-06	-0.001	178.212	1.0	2.50624	2.50624	40.0
2	-5.90728035	-2.75121544	1600	231	(40, 40, 1)	2.50624	1e-05	600.0	None	None	0.5	None	None	1e-06	-0.001	181.957	1.0	2.50624	2.50624	40.0
2	-5.90735001	-2.75165144	2116	300	(46, 46, 1)	2.50624	1e-05	600.0	None	None	0.5	None	None	1e-06	-0.001	203.891	1.0	2.50624	2.50624	40.0
