Automatically generated mesh
     455
Reciprocal lattice
    0.00000000000000    0.00000000000000    0.00000000000000             1
    0.04000000000000    0.00000000000000    0.00000000000000             6
    0.08000000000000    0.00000000000000    0.00000000000000             6
    0.12000000000000    0.00000000000000    0.00000000000000             6
    0.16000000000000    0.00000000000000    0.00000000000000             6
    0.20000000000000    0.00000000000000    0.00000000000000             6
    0.24000000000000    0.00000000000000    0.00000000000000             6
    0.28000000000000    0.00000000000000    0.00000000000000             6
    0.32000000000000    0.00000000000000    0.00000000000000             6
    0.36000000000000    0.00000000000000    0.00000000000000             6
    0.40000000000000    0.00000000000000    0.00000000000000             6
    0.44000000000000    0.00000000000000    0.00000000000000             6
    0.48000000000000    0.00000000000000    0.00000000000000             6
    0.04000000000000    0.04000000000000    0.00000000000000            12
    0.08000000000000    0.04000000000000    0.00000000000000            24
    0.12000000000000    0.04000000000000    0.00000000000000            24
    0.16000000000000    0.04000000000000    0.00000000000000            24
    0.20000000000000    0.04000000000000    0.00000000000000            24
    0.24000000000000    0.04000000000000    0.00000000000000            24
    0.28000000000000    0.04000000000000    0.00000000000000            24
    0.32000000000000    0.04000000000000    0.00000000000000            24
    0.36000000000000    0.04000000000000    0.00000000000000            24
    0.40000000000000    0.04000000000000    0.00000000000000            24
    0.44000000000000    0.04000000000000    0.00000000000000            24
    0.48000000000000    0.04000000000000    0.00000000000000            24
    0.08000000000000    0.08000000000000    0.00000000000000            12
    0.12000000000000    0.08000000000000    0.00000000000000            24
    0.16000000000000    0.08000000000000    0.00000000000000            24
    0.20000000000000    0.08000000000000    0.00000000000000            24
    0.24000000000000    0.08000000000000    0.00000000000000            24
    0.28000000000000    0.08000000000000    0.00000000000000            24
    0.32000000000000    0.08000000000000    0.00000000000000            24
    0.36000000000000    0.08000000000000    0.00000000000000            24
    0.40000000000000    0.08000000000000    0.00000000000000            24
    0.44000000000000    0.08000000000000    0.00000000000000            24
    0.48000000000000    0.08000000000000    0.00000000000000            24
    0.12000000000000    0.12000000000000    0.00000000000000            12
    0.16000000000000    0.12000000000000    0.00000000000000            24
    0.20000000000000    0.12000000000000    0.00000000000000            24
    0.24000000000000    0.12000000000000    0.00000000000000            24
    0.28000000000000    0.12000000000000    0.00000000000000            24
    0.32000000000000    0.12000000000000    0.00000000000000            24
    0.36000000000000    0.12000000000000    0.00000000000000            24
    0.40000000000000    0.12000000000000    0.00000000000000            24
    0.44000000000000    0.12000000000000    0.00000000000000            24
    0.48000000000000    0.12000000000000    0.00000000000000            24
    0.16000000000000    0.16000000000000    0.00000000000000            12
    0.20000000000000    0.16000000000000    0.00000000000000            24
    0.24000000000000    0.16000000000000    0.00000000000000            24
    0.28000000000000    0.16000000000000    0.00000000000000            24
    0.32000000000000    0.16000000000000    0.00000000000000            24
    0.36000000000000    0.16000000000000    0.00000000000000            24
    0.40000000000000    0.16000000000000    0.00000000000000            24
    0.44000000000000    0.16000000000000    0.00000000000000            24
    0.48000000000000    0.16000000000000    0.00000000000000            24
    0.20000000000000    0.20000000000000    0.00000000000000            12
    0.24000000000000    0.20000000000000    0.00000000000000            24
    0.28000000000000    0.20000000000000    0.00000000000000            24
    0.32000000000000    0.20000000000000    0.00000000000000            24
    0.36000000000000    0.20000000000000    0.00000000000000            24
    0.40000000000000    0.20000000000000    0.00000000000000            24
    0.44000000000000    0.20000000000000    0.00000000000000            24
    0.48000000000000    0.20000000000000    0.00000000000000            24
    0.24000000000000    0.24000000000000    0.00000000000000            12
    0.28000000000000    0.24000000000000    0.00000000000000            24
    0.32000000000000    0.24000000000000    0.00000000000000            24
    0.36000000000000    0.24000000000000    0.00000000000000            24
    0.40000000000000    0.24000000000000    0.00000000000000            24
    0.44000000000000    0.24000000000000    0.00000000000000            24
    0.48000000000000    0.24000000000000    0.00000000000000            24
    0.28000000000000    0.28000000000000    0.00000000000000            12
    0.32000000000000    0.28000000000000    0.00000000000000            24
    0.36000000000000    0.28000000000000    0.00000000000000            24
    0.40000000000000    0.28000000000000    0.00000000000000            24
    0.44000000000000    0.28000000000000    0.00000000000000            24
    0.48000000000000    0.28000000000000    0.00000000000000            24
    0.32000000000000    0.32000000000000    0.00000000000000            12
    0.36000000000000    0.32000000000000    0.00000000000000            24
    0.40000000000000    0.32000000000000    0.00000000000000            24
    0.44000000000000    0.32000000000000    0.00000000000000            24
    0.48000000000000    0.32000000000000    0.00000000000000            24
    0.36000000000000    0.36000000000000    0.00000000000000            12
    0.40000000000000    0.36000000000000    0.00000000000000            24
    0.44000000000000    0.36000000000000    0.00000000000000            24
    0.48000000000000    0.36000000000000    0.00000000000000            24
    0.40000000000000    0.40000000000000    0.00000000000000            12
    0.44000000000000    0.40000000000000    0.00000000000000            24
    0.48000000000000    0.40000000000000    0.00000000000000            24
    0.44000000000000    0.44000000000000    0.00000000000000            12
    0.48000000000000    0.44000000000000    0.00000000000000            24
    0.48000000000000    0.48000000000000    0.00000000000000            12
    0.04000000000000    0.04000000000000    0.04000000000000             8
    0.08000000000000    0.04000000000000    0.04000000000000            24
    0.12000000000000    0.04000000000000    0.04000000000000            24
    0.16000000000000    0.04000000000000    0.04000000000000            24
    0.20000000000000    0.04000000000000    0.04000000000000            24
    0.24000000000000    0.04000000000000    0.04000000000000            24
    0.28000000000000    0.04000000000000    0.04000000000000            24
    0.32000000000000    0.04000000000000    0.04000000000000            24
    0.36000000000000    0.04000000000000    0.04000000000000            24
    0.40000000000000    0.04000000000000    0.04000000000000            24
    0.44000000000000    0.04000000000000    0.04000000000000            24
    0.48000000000000    0.04000000000000    0.04000000000000            24
    0.08000000000000    0.08000000000000    0.04000000000000            24
    0.12000000000000    0.08000000000000    0.04000000000000            48
    0.16000000000000    0.08000000000000    0.04000000000000            48
    0.20000000000000    0.08000000000000    0.04000000000000            48
    0.24000000000000    0.08000000000000    0.04000000000000            48
    0.28000000000000    0.08000000000000    0.04000000000000            48
    0.32000000000000    0.08000000000000    0.04000000000000            48
    0.36000000000000    0.08000000000000    0.04000000000000            48
    0.40000000000000    0.08000000000000    0.04000000000000            48
    0.44000000000000    0.08000000000000    0.04000000000000            48
    0.48000000000000    0.08000000000000    0.04000000000000            48
    0.12000000000000    0.12000000000000    0.04000000000000            24
    0.16000000000000    0.12000000000000    0.04000000000000            48
    0.20000000000000    0.12000000000000    0.04000000000000            48
    0.24000000000000    0.12000000000000    0.04000000000000            48
    0.28000000000000    0.12000000000000    0.04000000000000            48
    0.32000000000000    0.12000000000000    0.04000000000000            48
    0.36000000000000    0.12000000000000    0.04000000000000            48
    0.40000000000000    0.12000000000000    0.04000000000000            48
    0.44000000000000    0.12000000000000    0.04000000000000            48
    0.48000000000000    0.12000000000000    0.04000000000000            48
    0.16000000000000    0.16000000000000    0.04000000000000            24
    0.20000000000000    0.16000000000000    0.04000000000000            48
    0.24000000000000    0.16000000000000    0.04000000000000            48
    0.28000000000000    0.16000000000000    0.04000000000000            48
    0.32000000000000    0.16000000000000    0.04000000000000            48
    0.36000000000000    0.16000000000000    0.04000000000000            48
    0.40000000000000    0.16000000000000    0.04000000000000            48
    0.44000000000000    0.16000000000000    0.04000000000000            48
    0.48000000000000    0.16000000000000    0.04000000000000            48
    0.20000000000000    0.20000000000000    0.04000000000000            24
    0.24000000000000    0.20000000000000    0.04000000000000            48
    0.28000000000000    0.20000000000000    0.04000000000000            48
    0.32000000000000    0.20000000000000    0.04000000000000            48
    0.36000000000000    0.20000000000000    0.04000000000000            48
    0.40000000000000    0.20000000000000    0.04000000000000            48
    0.44000000000000    0.20000000000000    0.04000000000000            48
    0.48000000000000    0.20000000000000    0.04000000000000            48
    0.24000000000000    0.24000000000000    0.04000000000000            24
    0.28000000000000    0.24000000000000    0.04000000000000            48
    0.32000000000000    0.24000000000000    0.04000000000000            48
    0.36000000000000    0.24000000000000    0.04000000000000            48
    0.40000000000000    0.24000000000000    0.04000000000000            48
    0.44000000000000    0.24000000000000    0.04000000000000            48
    0.48000000000000    0.24000000000000    0.04000000000000            48
    0.28000000000000    0.28000000000000    0.04000000000000            24
    0.32000000000000    0.28000000000000    0.04000000000000            48
    0.36000000000000    0.28000000000000    0.04000000000000            48
    0.40000000000000    0.28000000000000    0.04000000000000            48
    0.44000000000000    0.28000000000000    0.04000000000000            48
    0.48000000000000    0.28000000000000    0.04000000000000            48
    0.32000000000000    0.32000000000000    0.04000000000000            24
    0.36000000000000    0.32000000000000    0.04000000000000            48
    0.40000000000000    0.32000000000000    0.04000000000000            48
    0.44000000000000    0.32000000000000    0.04000000000000            48
    0.48000000000000    0.32000000000000    0.04000000000000            48
    0.36000000000000    0.36000000000000    0.04000000000000            24
    0.40000000000000    0.36000000000000    0.04000000000000            48
    0.44000000000000    0.36000000000000    0.04000000000000            48
    0.48000000000000    0.36000000000000    0.04000000000000            48
    0.40000000000000    0.40000000000000    0.04000000000000            24
    0.44000000000000    0.40000000000000    0.04000000000000            48
    0.48000000000000    0.40000000000000    0.04000000000000            48
    0.44000000000000    0.44000000000000    0.04000000000000            24
    0.48000000000000    0.44000000000000    0.04000000000000            48
    0.48000000000000    0.48000000000000    0.04000000000000            24
    0.08000000000000    0.08000000000000    0.08000000000000             8
    0.12000000000000    0.08000000000000    0.08000000000000            24
    0.16000000000000    0.08000000000000    0.08000000000000            24
    0.20000000000000    0.08000000000000    0.08000000000000            24
    0.24000000000000    0.08000000000000    0.08000000000000            24
    0.28000000000000    0.08000000000000    0.08000000000000            24
    0.32000000000000    0.08000000000000    0.08000000000000            24
    0.36000000000000    0.08000000000000    0.08000000000000            24
    0.40000000000000    0.08000000000000    0.08000000000000            24
    0.44000000000000    0.08000000000000    0.08000000000000            24
    0.48000000000000    0.08000000000000    0.08000000000000            24
    0.12000000000000    0.12000000000000    0.08000000000000            24
    0.16000000000000    0.12000000000000    0.08000000000000            48
    0.20000000000000    0.12000000000000    0.08000000000000            48
    0.24000000000000    0.12000000000000    0.08000000000000            48
    0.28000000000000    0.12000000000000    0.08000000000000            48
    0.32000000000000    0.12000000000000    0.08000000000000            48
    0.36000000000000    0.12000000000000    0.08000000000000            48
    0.40000000000000    0.12000000000000    0.08000000000000            48
    0.44000000000000    0.12000000000000    0.08000000000000            48
    0.48000000000000    0.12000000000000    0.08000000000000            48
    0.16000000000000    0.16000000000000    0.08000000000000            24
    0.20000000000000    0.16000000000000    0.08000000000000            48
    0.24000000000000    0.16000000000000    0.08000000000000            48
    0.28000000000000    0.16000000000000    0.08000000000000            48
    0.32000000000000    0.16000000000000    0.08000000000000            48
    0.36000000000000    0.16000000000000    0.08000000000000            48
    0.40000000000000    0.16000000000000    0.08000000000000            48
    0.44000000000000    0.16000000000000    0.08000000000000            48
    0.48000000000000    0.16000000000000    0.08000000000000            48
    0.20000000000000    0.20000000000000    0.08000000000000            24
    0.24000000000000    0.20000000000000    0.08000000000000            48
    0.28000000000000    0.20000000000000    0.08000000000000            48
    0.32000000000000    0.20000000000000    0.08000000000000            48
    0.36000000000000    0.20000000000000    0.08000000000000            48
    0.40000000000000    0.20000000000000    0.08000000000000            48
    0.44000000000000    0.20000000000000    0.08000000000000            48
    0.48000000000000    0.20000000000000    0.08000000000000            48
    0.24000000000000    0.24000000000000    0.08000000000000            24
    0.28000000000000    0.24000000000000    0.08000000000000            48
    0.32000000000000    0.24000000000000    0.08000000000000            48
    0.36000000000000    0.24000000000000    0.08000000000000            48
    0.40000000000000    0.24000000000000    0.08000000000000            48
    0.44000000000000    0.24000000000000    0.08000000000000            48
    0.48000000000000    0.24000000000000    0.08000000000000            48
    0.28000000000000    0.28000000000000    0.08000000000000            24
    0.32000000000000    0.28000000000000    0.08000000000000            48
    0.36000000000000    0.28000000000000    0.08000000000000            48
    0.40000000000000    0.28000000000000    0.08000000000000            48
    0.44000000000000    0.28000000000000    0.08000000000000            48
    0.48000000000000    0.28000000000000    0.08000000000000            48
    0.32000000000000    0.32000000000000    0.08000000000000            24
    0.36000000000000    0.32000000000000    0.08000000000000            48
    0.40000000000000    0.32000000000000    0.08000000000000            48
    0.44000000000000    0.32000000000000    0.08000000000000            48
    0.48000000000000    0.32000000000000    0.08000000000000            48
    0.36000000000000    0.36000000000000    0.08000000000000            24
    0.40000000000000    0.36000000000000    0.08000000000000            48
    0.44000000000000    0.36000000000000    0.08000000000000            48
    0.48000000000000    0.36000000000000    0.08000000000000            48
    0.40000000000000    0.40000000000000    0.08000000000000            24
    0.44000000000000    0.40000000000000    0.08000000000000            48
    0.48000000000000    0.40000000000000    0.08000000000000            48
    0.44000000000000    0.44000000000000    0.08000000000000            24
    0.48000000000000    0.44000000000000    0.08000000000000            48
    0.48000000000000    0.48000000000000    0.08000000000000            24
    0.12000000000000    0.12000000000000    0.12000000000000             8
    0.16000000000000    0.12000000000000    0.12000000000000            24
    0.20000000000000    0.12000000000000    0.12000000000000            24
    0.24000000000000    0.12000000000000    0.12000000000000            24
    0.28000000000000    0.12000000000000    0.12000000000000            24
    0.32000000000000    0.12000000000000    0.12000000000000            24
    0.36000000000000    0.12000000000000    0.12000000000000            24
    0.40000000000000    0.12000000000000    0.12000000000000            24
    0.44000000000000    0.12000000000000    0.12000000000000            24
    0.48000000000000    0.12000000000000    0.12000000000000            24
    0.16000000000000    0.16000000000000    0.12000000000000            24
    0.20000000000000    0.16000000000000    0.12000000000000            48
    0.24000000000000    0.16000000000000    0.12000000000000            48
    0.28000000000000    0.16000000000000    0.12000000000000            48
    0.32000000000000    0.16000000000000    0.12000000000000            48
    0.36000000000000    0.16000000000000    0.12000000000000            48
    0.40000000000000    0.16000000000000    0.12000000000000            48
    0.44000000000000    0.16000000000000    0.12000000000000            48
    0.48000000000000    0.16000000000000    0.12000000000000            48
    0.20000000000000    0.20000000000000    0.12000000000000            24
    0.24000000000000    0.20000000000000    0.12000000000000            48
    0.28000000000000    0.20000000000000    0.12000000000000            48
    0.32000000000000    0.20000000000000    0.12000000000000            48
    0.36000000000000    0.20000000000000    0.12000000000000            48
    0.40000000000000    0.20000000000000    0.12000000000000            48
    0.44000000000000    0.20000000000000    0.12000000000000            48
    0.48000000000000    0.20000000000000    0.12000000000000            48
    0.24000000000000    0.24000000000000    0.12000000000000            24
    0.28000000000000    0.24000000000000    0.12000000000000            48
    0.32000000000000    0.24000000000000    0.12000000000000            48
    0.36000000000000    0.24000000000000    0.12000000000000            48
    0.40000000000000    0.24000000000000    0.12000000000000            48
    0.44000000000000    0.24000000000000    0.12000000000000            48
    0.48000000000000    0.24000000000000    0.12000000000000            48
    0.28000000000000    0.28000000000000    0.12000000000000            24
    0.32000000000000    0.28000000000000    0.12000000000000            48
    0.36000000000000    0.28000000000000    0.12000000000000            48
    0.40000000000000    0.28000000000000    0.12000000000000            48
    0.44000000000000    0.28000000000000    0.12000000000000            48
    0.48000000000000    0.28000000000000    0.12000000000000            48
    0.32000000000000    0.32000000000000    0.12000000000000            24
    0.36000000000000    0.32000000000000    0.12000000000000            48
    0.40000000000000    0.32000000000000    0.12000000000000            48
    0.44000000000000    0.32000000000000    0.12000000000000            48
    0.48000000000000    0.32000000000000    0.12000000000000            48
    0.36000000000000    0.36000000000000    0.12000000000000            24
    0.40000000000000    0.36000000000000    0.12000000000000            48
    0.44000000000000    0.36000000000000    0.12000000000000            48
    0.48000000000000    0.36000000000000    0.12000000000000            48
    0.40000000000000    0.40000000000000    0.12000000000000            24
    0.44000000000000    0.40000000000000    0.12000000000000            48
    0.48000000000000    0.40000000000000    0.12000000000000            48
    0.44000000000000    0.44000000000000    0.12000000000000            24
    0.48000000000000    0.44000000000000    0.12000000000000            48
    0.48000000000000    0.48000000000000    0.12000000000000            24
    0.16000000000000    0.16000000000000    0.16000000000000             8
    0.20000000000000    0.16000000000000    0.16000000000000            24
    0.24000000000000    0.16000000000000    0.16000000000000            24
    0.28000000000000    0.16000000000000    0.16000000000000            24
    0.32000000000000    0.16000000000000    0.16000000000000            24
    0.36000000000000    0.16000000000000    0.16000000000000            24
    0.40000000000000    0.16000000000000    0.16000000000000            24
    0.44000000000000    0.16000000000000    0.16000000000000            24
    0.48000000000000    0.16000000000000    0.16000000000000            24
    0.20000000000000    0.20000000000000    0.16000000000000            24
    0.24000000000000    0.20000000000000    0.16000000000000            48
    0.28000000000000    0.20000000000000    0.16000000000000            48
    0.32000000000000    0.20000000000000    0.16000000000000            48
    0.36000000000000    0.20000000000000    0.16000000000000            48
    0.40000000000000    0.20000000000000    0.16000000000000            48
    0.44000000000000    0.20000000000000    0.16000000000000            48
    0.48000000000000    0.20000000000000    0.16000000000000            48
    0.24000000000000    0.24000000000000    0.16000000000000            24
    0.28000000000000    0.24000000000000    0.16000000000000            48
    0.32000000000000    0.24000000000000    0.16000000000000            48
    0.36000000000000    0.24000000000000    0.16000000000000            48
    0.40000000000000    0.24000000000000    0.16000000000000            48
    0.44000000000000    0.24000000000000    0.16000000000000            48
    0.48000000000000    0.24000000000000    0.16000000000000            48
    0.28000000000000    0.28000000000000    0.16000000000000            24
    0.32000000000000    0.28000000000000    0.16000000000000            48
    0.36000000000000    0.28000000000000    0.16000000000000            48
    0.40000000000000    0.28000000000000    0.16000000000000            48
    0.44000000000000    0.28000000000000    0.16000000000000            48
    0.48000000000000    0.28000000000000    0.16000000000000            48
    0.32000000000000    0.32000000000000    0.16000000000000            24
    0.36000000000000    0.32000000000000    0.16000000000000            48
    0.40000000000000    0.32000000000000    0.16000000000000            48
    0.44000000000000    0.32000000000000    0.16000000000000            48
    0.48000000000000    0.32000000000000    0.16000000000000            48
    0.36000000000000    0.36000000000000    0.16000000000000            24
    0.40000000000000    0.36000000000000    0.16000000000000            48
    0.44000000000000    0.36000000000000    0.16000000000000            48
    0.48000000000000    0.36000000000000    0.16000000000000            48
    0.40000000000000    0.40000000000000    0.16000000000000            24
    0.44000000000000    0.40000000000000    0.16000000000000            48
    0.48000000000000    0.40000000000000    0.16000000000000            48
    0.44000000000000    0.44000000000000    0.16000000000000            24
    0.48000000000000    0.44000000000000    0.16000000000000            48
    0.48000000000000    0.48000000000000    0.16000000000000            24
    0.20000000000000    0.20000000000000    0.20000000000000             8
    0.24000000000000    0.20000000000000    0.20000000000000            24
    0.28000000000000    0.20000000000000    0.20000000000000            24
    0.32000000000000    0.20000000000000    0.20000000000000            24
    0.36000000000000    0.20000000000000    0.20000000000000            24
    0.40000000000000    0.20000000000000    0.20000000000000            24
    0.44000000000000    0.20000000000000    0.20000000000000            24
    0.48000000000000    0.20000000000000    0.20000000000000            24
    0.24000000000000    0.24000000000000    0.20000000000000            24
    0.28000000000000    0.24000000000000    0.20000000000000            48
    0.32000000000000    0.24000000000000    0.20000000000000            48
    0.36000000000000    0.24000000000000    0.20000000000000            48
    0.40000000000000    0.24000000000000    0.20000000000000            48
    0.44000000000000    0.24000000000000    0.20000000000000            48
    0.48000000000000    0.24000000000000    0.20000000000000            48
    0.28000000000000    0.28000000000000    0.20000000000000            24
    0.32000000000000    0.28000000000000    0.20000000000000            48
    0.36000000000000    0.28000000000000    0.20000000000000            48
    0.40000000000000    0.28000000000000    0.20000000000000            48
    0.44000000000000    0.28000000000000    0.20000000000000            48
    0.48000000000000    0.28000000000000    0.20000000000000            48
    0.32000000000000    0.32000000000000    0.20000000000000            24
    0.36000000000000    0.32000000000000    0.20000000000000            48
    0.40000000000000    0.32000000000000    0.20000000000000            48
    0.44000000000000    0.32000000000000    0.20000000000000            48
    0.48000000000000    0.32000000000000    0.20000000000000            48
    0.36000000000000    0.36000000000000    0.20000000000000            24
    0.40000000000000    0.36000000000000    0.20000000000000            48
    0.44000000000000    0.36000000000000    0.20000000000000            48
    0.48000000000000    0.36000000000000    0.20000000000000            48
    0.40000000000000    0.40000000000000    0.20000000000000            24
    0.44000000000000    0.40000000000000    0.20000000000000            48
    0.48000000000000    0.40000000000000    0.20000000000000            48
    0.44000000000000    0.44000000000000    0.20000000000000            24
    0.48000000000000    0.44000000000000    0.20000000000000            48
    0.48000000000000    0.48000000000000    0.20000000000000            24
    0.24000000000000    0.24000000000000    0.24000000000000             8
    0.28000000000000    0.24000000000000    0.24000000000000            24
    0.32000000000000    0.24000000000000    0.24000000000000            24
    0.36000000000000    0.24000000000000    0.24000000000000            24
    0.40000000000000    0.24000000000000    0.24000000000000            24
    0.44000000000000    0.24000000000000    0.24000000000000            24
    0.48000000000000    0.24000000000000    0.24000000000000            24
    0.28000000000000    0.28000000000000    0.24000000000000            24
    0.32000000000000    0.28000000000000    0.24000000000000            48
    0.36000000000000    0.28000000000000    0.24000000000000            48
    0.40000000000000    0.28000000000000    0.24000000000000            48
    0.44000000000000    0.28000000000000    0.24000000000000            48
    0.48000000000000    0.28000000000000    0.24000000000000            48
    0.32000000000000    0.32000000000000    0.24000000000000            24
    0.36000000000000    0.32000000000000    0.24000000000000            48
    0.40000000000000    0.32000000000000    0.24000000000000            48
    0.44000000000000    0.32000000000000    0.24000000000000            48
    0.48000000000000    0.32000000000000    0.24000000000000            48
    0.36000000000000    0.36000000000000    0.24000000000000            24
    0.40000000000000    0.36000000000000    0.24000000000000            48
    0.44000000000000    0.36000000000000    0.24000000000000            48
    0.48000000000000    0.36000000000000    0.24000000000000            48
    0.40000000000000    0.40000000000000    0.24000000000000            24
    0.44000000000000    0.40000000000000    0.24000000000000            48
    0.48000000000000    0.40000000000000    0.24000000000000            48
    0.44000000000000    0.44000000000000    0.24000000000000            24
    0.48000000000000    0.44000000000000    0.24000000000000            48
    0.48000000000000    0.48000000000000    0.24000000000000            24
    0.28000000000000    0.28000000000000    0.28000000000000             8
    0.32000000000000    0.28000000000000    0.28000000000000            24
    0.36000000000000    0.28000000000000    0.28000000000000            24
    0.40000000000000    0.28000000000000    0.28000000000000            24
    0.44000000000000    0.28000000000000    0.28000000000000            24
    0.48000000000000    0.28000000000000    0.28000000000000            24
    0.32000000000000    0.32000000000000    0.28000000000000            24
    0.36000000000000    0.32000000000000    0.28000000000000            48
    0.40000000000000    0.32000000000000    0.28000000000000            48
    0.44000000000000    0.32000000000000    0.28000000000000            48
    0.48000000000000    0.32000000000000    0.28000000000000            48
    0.36000000000000    0.36000000000000    0.28000000000000            24
    0.40000000000000    0.36000000000000    0.28000000000000            48
    0.44000000000000    0.36000000000000    0.28000000000000            48
    0.48000000000000    0.36000000000000    0.28000000000000            48
    0.40000000000000    0.40000000000000    0.28000000000000            24
    0.44000000000000    0.40000000000000    0.28000000000000            48
    0.48000000000000    0.40000000000000    0.28000000000000            48
    0.44000000000000    0.44000000000000    0.28000000000000            24
    0.48000000000000    0.44000000000000    0.28000000000000            48
    0.48000000000000    0.48000000000000    0.28000000000000            24
    0.32000000000000    0.32000000000000    0.32000000000000             8
    0.36000000000000    0.32000000000000    0.32000000000000            24
    0.40000000000000    0.32000000000000    0.32000000000000            24
    0.44000000000000    0.32000000000000    0.32000000000000            24
    0.48000000000000    0.32000000000000    0.32000000000000            24
    0.36000000000000    0.36000000000000    0.32000000000000            24
    0.40000000000000    0.36000000000000    0.32000000000000            48
    0.44000000000000    0.36000000000000    0.32000000000000            48
    0.48000000000000    0.36000000000000    0.32000000000000            48
    0.40000000000000    0.40000000000000    0.32000000000000            24
    0.44000000000000    0.40000000000000    0.32000000000000            48
    0.48000000000000    0.40000000000000    0.32000000000000            48
    0.44000000000000    0.44000000000000    0.32000000000000            24
    0.48000000000000    0.44000000000000    0.32000000000000            48
    0.48000000000000    0.48000000000000    0.32000000000000            24
    0.36000000000000    0.36000000000000    0.36000000000000             8
    0.40000000000000    0.36000000000000    0.36000000000000            24
    0.44000000000000    0.36000000000000    0.36000000000000            24
    0.48000000000000    0.36000000000000    0.36000000000000            24
    0.40000000000000    0.40000000000000    0.36000000000000            24
    0.44000000000000    0.40000000000000    0.36000000000000            48
    0.48000000000000    0.40000000000000    0.36000000000000            48
    0.44000000000000    0.44000000000000    0.36000000000000            24
    0.48000000000000    0.44000000000000    0.36000000000000            48
    0.48000000000000    0.48000000000000    0.36000000000000            24
    0.40000000000000    0.40000000000000    0.40000000000000             8
    0.44000000000000    0.40000000000000    0.40000000000000            24
    0.48000000000000    0.40000000000000    0.40000000000000            24
    0.44000000000000    0.44000000000000    0.40000000000000            24
    0.48000000000000    0.44000000000000    0.40000000000000            48
    0.48000000000000    0.48000000000000    0.40000000000000            24
    0.44000000000000    0.44000000000000    0.44000000000000             8
    0.48000000000000    0.44000000000000    0.44000000000000            24
    0.48000000000000    0.48000000000000    0.44000000000000            24
    0.48000000000000    0.48000000000000    0.48000000000000             8
