    1  125    1
  9.013
    1    1  0.0150  0.0000  0.0000
 -0.124411036639   0.000000006846  -0.000000006846
  0.013668643656  -0.013596319456  -0.013596317952
 -0.000837439873   0.001616414127   0.001616414034
 -0.000837095660   0.001615909211   0.001615909119
  0.013668180463  -0.013595350049  -0.013595348545
  0.013668169988  -0.013595354539   0.013595354539
  0.003568953661  -0.000000000196  -0.000000540572
 -0.000262937647   0.000659760584   0.000225479171
  0.000548317453  -0.000620373445   0.000237544850
  0.003446021746  -0.004301289501   0.000000000900
 -0.000837094415   0.001615909744  -0.001615909744
 -0.000262829112   0.000659486079  -0.000225033789
 -0.000042714893   0.000000000002  -0.000000314939
  0.000325319065  -0.000549985644   0.000000000109
  0.000548317636  -0.000620373367  -0.000237544585
 -0.000837438628   0.001616414660  -0.001616414660
  0.000548535015  -0.000620672723  -0.000237866456
  0.000325464881  -0.000550055442   0.000000000109
 -0.000042714893   0.000000000002   0.000000314934
 -0.000262937474   0.000659760658  -0.000225479418
  0.013668633180  -0.013596323946   0.013596323946
  0.003446076595  -0.004301242288   0.000000000900
  0.000548534832  -0.000620672802   0.000237866722
 -0.000262829285   0.000659486005   0.000225033542
  0.003568953660  -0.000000000196   0.000000540965
  0.013668172981   0.013595353034  -0.013595353034
  0.003568953661  -0.000000540965   0.000000000196
 -0.000262937695   0.000225479200   0.000659760555
  0.000548317547   0.000237544790  -0.000620373385
  0.003446022219   0.000000000521  -0.004301289121
 -0.008176875543   0.000000000450  -0.000000000450
  0.013668162506   0.013595348545   0.013595350049
 -0.000560292552   0.000000274006   0.000000273945
 -0.000020027579   0.000240100509   0.000240100506
 -0.001383742721   0.000217408058   0.000217407906
 -0.001383742554   0.000217408130  -0.000217408130
  0.003446018905  -0.000000000900   0.004301289501
 -0.000262828749  -0.000659485976  -0.000225033571
 -0.000578439986  -0.000000139069  -0.000000332090
 -0.000467293889   0.000041024848  -0.000000000032
 -0.000020027394   0.000240100588  -0.000240100588
  0.000548317069   0.000237544585   0.000620373367
  0.000682564575  -0.000000000031  -0.000041348686
  0.000325464578   0.000550055406  -0.000000000073
 -0.000578439986  -0.000000139069   0.000000332026
 -0.000560292552   0.000000274007  -0.000000274007
 -0.000262937187   0.000225479418  -0.000659760658
  0.000682765425   0.000040676543   0.000000000031
  0.000682564543  -0.000000000044   0.000041348761
 -0.000262828923  -0.000659486051   0.000225033760
 -0.000837094770  -0.001615909652   0.001615909652
 -0.000262829209  -0.000225033760   0.000659486051
 -0.000042714893  -0.000000314934  -0.000000000002
  0.000325319125   0.000000000073  -0.000549985608
  0.000548317678  -0.000237544645  -0.000620373306
 -0.001383742601  -0.000217407977   0.000217407977
  0.003446019379   0.004301289121  -0.000000000521
 -0.000262828701  -0.000225033542  -0.000659486005
 -0.000578439986  -0.000000332026  -0.000000139132
 -0.000467293894   0.000000000019   0.000041024796
  0.001215089218  -0.000000000067   0.000000000067
 -0.001383742434  -0.000217407906  -0.000217408058
 -0.000837093525  -0.001615909119  -0.001615909211
 -0.000019518610  -0.000240290323  -0.000240290325
  0.000803488211   0.000000064077   0.000000064165
  0.000803488211   0.000000064077  -0.000000064077
 -0.000467293862   0.000000000032  -0.000041024848
  0.000548317200  -0.000237544850   0.000620373445
  0.000548534674   0.000620672741  -0.000237866661
 -0.000466570026  -0.000040729706  -0.000000000019
 -0.000019518795  -0.000240290402   0.000240290402
 -0.000578439986  -0.000000332026   0.000000139069
  0.000325318702  -0.000000000109   0.000549985644
  0.000682765448  -0.000040676618   0.000000000044
  0.000548534491   0.000620672663   0.000237866517
 -0.000837438984  -0.001616414568   0.001616414568
  0.000548535058  -0.000237866517  -0.000620672663
  0.000325464942   0.000000000073  -0.000550055406
 -0.000042714893   0.000000314939  -0.000000000002
 -0.000262937571  -0.000225479389   0.000659760629
 -0.000020027447  -0.000240100586   0.000240100586
  0.000548317112   0.000620373306   0.000237544645
  0.000682564570  -0.000041348761   0.000000000044
  0.000325464518  -0.000000000109   0.000550055442
 -0.000578439986   0.000000332090  -0.000000139132
  0.000803488211  -0.000000064165   0.000000064165
 -0.000467293866  -0.000041024796  -0.000000000019
  0.000548317295   0.000620373385  -0.000237544790
  0.000548534579  -0.000237866722   0.000620672802
 -0.000466570022   0.000000000032  -0.000040729758
  0.001214784464  -0.000000000067   0.000000000067
  0.000803488211  -0.000000064165  -0.000000064077
 -0.000020027262  -0.000240100506  -0.000240100509
 -0.000837437738  -0.001616414034  -0.001616414127
 -0.001384586466  -0.000217806205  -0.000217806358
 -0.001384586634  -0.000217806277   0.000217806277
 -0.000466570053   0.000000000019   0.000040729706
 -0.000578439986   0.000000332090   0.000000139069
 -0.000262937063  -0.000225479171  -0.000659760584
  0.003446074228   0.004301241909  -0.000000000521
  0.013668636174   0.013596322442  -0.013596322442
  0.003446077068   0.000000000521  -0.004301241909
  0.000548534927   0.000237866661  -0.000620672741
 -0.000262829333   0.000225033571   0.000659485976
  0.003568953660   0.000000540572   0.000000000196
 -0.000560292552  -0.000000273945   0.000000273945
 -0.000262937284  -0.000659760629   0.000225479389
  0.000682765421  -0.000000000044   0.000040676618
  0.000682564547   0.000041348686   0.000000000031
 -0.000262828825   0.000225033789  -0.000659486079
 -0.000019518742   0.000240290404  -0.000240290404
 -0.000578439986   0.000000139132  -0.000000332090
  0.000325318762   0.000549985608  -0.000000000073
  0.000682765452  -0.000000000031  -0.000040676543
  0.000548534448   0.000237866456   0.000620672723
 -0.001384586586   0.000217806430  -0.000217806430
 -0.000466570049   0.000040729758  -0.000000000032
 -0.000578439986   0.000000139132   0.000000332026
 -0.000262937111  -0.000659760555  -0.000225479200
  0.003446073754  -0.000000000900   0.004301242288
 -0.008175837491   0.000000000450  -0.000000000450
 -0.001384586754   0.000217806358   0.000217806205
 -0.000019518928   0.000240290325   0.000240290323
 -0.000560292552  -0.000000273945  -0.000000274006
  0.013668625698   0.013596317952   0.013596319456
