    1  200    8
  9.013
    1    1  0.0150  0.0000  0.0000
 -0.215149732523  -0.000053136520   0.000006536231
  0.003114493101  -0.001633059858  -0.000168783316
 -0.000354797188   0.001084591993  -0.000092771659
 -0.000367801591   0.000351354779  -0.000067292883
  0.003093819872  -0.004151382438   0.000662446606
  0.008048767847   0.001204780504   0.000818024604
  0.003097140257   0.001599218908   0.000167566797
 -0.000019189933   0.000022089039   0.000000667476
 -0.000620500569   0.000147263052   0.000207587929
 -0.001115976660   0.000594072014   0.000007812727
 -0.001549622360   0.000327072692   0.000016253396
 -0.001101475924  -0.000619759711   0.000001944478
 -0.000345932091  -0.001015781627   0.000093187939
 -0.000594090286  -0.000106552068  -0.000199837250
 -0.000826913374  -0.000023632780   0.000002482073
 -0.001509372058  -0.000399169875  -0.000020552485
 -0.000817663332   0.000011013965  -0.000003849103
 -0.000595076727  -0.000071761850  -0.000131033185
 -0.000326307183  -0.000284046095   0.000080709937
 -0.001057807395  -0.000638623110   0.000002682887
  0.008097777945  -0.001300213262  -0.000812498483
 -0.001067714666   0.000612315074  -0.000009489167
 -0.000601345764   0.000179627584   0.000134412631
 -0.000015089003   0.000042804912   0.000009030758
  0.003132291665   0.004114662146  -0.000634125833
  0.019065910829   0.007950303110   0.002180956079
  0.000326410307   0.000006200681  -0.000016092318
  0.000049947146  -0.000490524691   0.000162268373
  0.000353138075  -0.000333169048  -0.000053099310
 -0.000704383367   0.000568970315  -0.001298006750
  0.000715006604  -0.000210079049  -0.000365584759
  0.000191453425   0.000574051046  -0.000477612444
  0.000049128581   0.000508762146  -0.000126775633
  0.000217552045  -0.000006118128   0.000024870508
  0.000917921527  -0.000369403382  -0.000259570042
 -0.000099215478  -0.000005069882  -0.000084547498
  0.000007075608  -0.000062914593   0.000113910914
  0.000209155163  -0.000160306814  -0.000117665447
  0.000365832880   0.000327497961   0.000132894124
  0.000932323971   0.000335752670   0.000215835517
  0.000736189261   0.000193302798   0.000238001898
  0.000013481269   0.000091614743  -0.000235648724
  0.000149253973   0.000020845220   0.000015740381
  0.000151559538   0.000073591024  -0.000059555981
 -0.000681164094  -0.000601871805   0.001351924478
  0.019081011115  -0.007972344429  -0.002205554474
  0.000204680903  -0.000557487699   0.000402407635
  0.000209606448   0.000193169014   0.000149859254
  0.000143601559  -0.000065138013   0.000204403516
  0.005295556819  -0.000013263346   0.000056833152
 -0.000475921049   0.000008133958   0.000002096266
  0.000294809252  -0.000415614338  -0.000041493852
  0.000352226912  -0.000144626583   0.000000991127
  0.000094442852  -0.000385289003   0.000009303827
  0.053742677994  -0.031362109327  -0.002514860003
 -0.002021936005  -0.001251132874  -0.000452647562
  0.000268527153   0.000486593342   0.000049031274
  0.000364479855  -0.000000978328   0.000007683193
  0.000156590733   0.000069303387   0.000018381336
  0.000871025278   0.000058372029   0.000045078075
  0.000697057368   0.000105077848  -0.000020774557
 -0.000099125565   0.000587894120   0.000053276863
  0.000341802685   0.000168359602   0.000013634913
  0.000172779270  -0.000161980498  -0.000010360700
  0.000613217934  -0.000046030620  -0.000004105694
  0.000733130841  -0.000080866909   0.000009345971
  0.000330189224   0.000055319080  -0.000001170495
 -0.000235693061   0.000494252982   0.000072650318
  0.000119511749   0.000327565889   0.000007008763
  0.000924182989  -0.000139332070  -0.000048289633
 -0.001972254646   0.001274570539   0.000448456185
 -0.000057082749  -0.000489476812  -0.000051150747
 -0.000228162013  -0.000430763311  -0.000059655507
  0.000199708246  -0.000016688161   0.000009919224
  0.053778370707   0.031294169231   0.002528287338
  0.017796827446   0.006779307975  -0.004452071857
  0.000489387821   0.000008749196  -0.000008201694
 -0.000061801239  -0.000266717415  -0.000072189368
  0.000215384616  -0.000354767864   0.000090519417
 -0.000215909955   0.000369816221   0.001639270916
  0.000327425624   0.000000496839   0.000147615256
  0.000127839212  -0.000035669168   0.000315483189
 -0.000062591555   0.000294435340   0.000081437889
  0.000538617174  -0.000009480541   0.000008279868
  0.000617906721  -0.000238257360   0.000140551459
  0.000003018676  -0.000009241445  -0.000038289983
  0.000000045019  -0.000039212062  -0.000265268796
  0.000371916098  -0.000185224389   0.000114909531
  0.000234925489   0.000346907120  -0.000059048185
  0.000638880802   0.000186718408  -0.000162527631
  0.000359453423  -0.000026156850  -0.000195178425
  0.000010630105   0.000081865708   0.000208228566
  0.000111471283   0.000032745238   0.000004289363
  0.000278970912   0.000211606543   0.000180027806
 -0.000184718564  -0.000417591699  -0.001623743130
  0.017819668355  -0.006810950589   0.004438395926
  0.000146908297   0.000061771078  -0.000345586015
  0.000372505398   0.000236984546  -0.000105537823
  0.000266180509  -0.000201616039  -0.000128423625
  0.006041795303  -0.000021299927   0.000020898498
 -0.000432567509  -0.000052199308  -0.000000930874
  0.000319131549  -0.000067114045   0.000149303259
  0.000104646104  -0.000420666081  -0.000108550203
  0.000088388641  -0.000119781449  -0.000126607012
  0.000296656867   0.000504619699  -0.000346533104
 -0.000127429422  -0.000333075747  -0.000480502301
  0.000301187851   0.000029696938  -0.000137751546
  0.000123930166   0.000021681514   0.000003441517
 -0.000058210404   0.000092348786   0.000092963774
 -0.000030459217   0.000048217600   0.000027187929
  0.000624503393  -0.000188967296  -0.000005960571
 -0.000013336730  -0.000074086809  -0.000103881323
  0.000114995842   0.000490880332   0.000115634968
 -0.000032124661  -0.000053284545  -0.000092529032
 -0.000172753892  -0.000023453721   0.000001836767
  0.000656029735   0.000114102820   0.000020051886
 -0.000173387025   0.000011898449   0.000008461871
 -0.000039380933  -0.000020072081  -0.000070810593
  0.000130638855   0.000186055797   0.000121596733
  0.000029564153  -0.000091556662  -0.000028691772
 -0.000073888196   0.000238320392   0.000485093140
  0.000012613537   0.000074309584   0.000120884810
 -0.000045354534   0.000128657108   0.000077661331
  0.000130988788   0.000041331121  -0.000003711911
  0.000334022364  -0.000542062652   0.000334939862
 -0.000331272232  -0.000103280508  -0.000090679508
 -0.000042036742   0.000006984194   0.000002814238
  0.000116325411   0.000176521364  -0.000110548952
  0.000097578836   0.000143248107   0.000070391619
  0.000395152618  -0.000285509445   0.000181464749
 -0.000039697730  -0.000107193198  -0.000148011530
  0.000014508275   0.000057120398   0.000013710098
  0.000115604310  -0.000147361651   0.000090081909
 -0.000204672203  -0.000008993120  -0.000012975615
 -0.000163309848  -0.000009336041   0.000201158767
 -0.000012259699  -0.000010043902   0.000032301214
  0.000043554922   0.000053867864   0.000127046622
 -0.000038177005   0.000042529405   0.000145073192
  0.000115363293  -0.000149277558  -0.000112120413
 -0.000144050327  -0.000043467134  -0.000188580310
 -0.000007008543   0.000082461977   0.000189725648
  0.000055758572  -0.000008563977  -0.000081222202
 -0.000003227674   0.000032328850  -0.000010706273
  0.000051362901  -0.000107147084   0.000139917534
  0.000425986977   0.000240992872  -0.000208423738
 -0.000309801131   0.000071618850   0.000094632212
  0.000034789514  -0.000030292524   0.000008915018
 -0.000037577829   0.000007967683  -0.000165616080
  0.000040244687   0.000118063771  -0.000205035328
 -0.000166879025  -0.000019541654  -0.000024633834
 -0.000253543561   0.000008211986   0.000003625783
 -0.000145777007   0.000133160781   0.000024732340
 -0.000248113217   0.000365489241   0.000001500356
 -0.000204633277   0.000091091535   0.000224190916
  0.000145721748  -0.000271449562   0.000060839958
 -0.000187827755   0.000395172136   0.000009614326
 -0.000174510517  -0.000065031130  -0.000024206845
 -0.000119876628  -0.000001053409  -0.000003718266
 -0.000198514084  -0.000007440233  -0.000045043501
 -0.000389488886  -0.000024545093   0.000204124280
  0.000115526543   0.000105391260   0.000106795466
  0.000121101774   0.000143047884   0.000077755085
 -0.000258649390  -0.000342615383  -0.000007941937
 -0.000181810197  -0.000086199436   0.000045379191
 -0.000874068405  -0.000047071325   0.000008510067
  0.000152597758  -0.000079094726  -0.000085504353
 -0.000075526090   0.000056554796   0.000005434669
 -0.000027464421   0.000023729781  -0.000022375089
 -0.000178303960  -0.000146427889  -0.000229388437
 -0.000333584063  -0.000058177786  -0.000192989258
 -0.000126440712  -0.000374158199   0.000003549257
  0.000163891885  -0.000045748753  -0.000070025415
 -0.000021755403   0.000038662166   0.000018068949
 -0.000825817267  -0.000015848101  -0.000002613549
  0.000179628145   0.000210261137  -0.000060166831
 -0.000690853827   0.000082874271   0.000529015491
 -0.000052140400   0.000004913143   0.000011398420
  0.000114245614   0.000183629089  -0.000004600928
  0.000015908862   0.000204129160  -0.000220856573
 -0.000289130125   0.000113041854  -0.000656104235
  0.000290616197   0.000056819500   0.000548973925
  0.000107367306   0.000154892535   0.000429001382
  0.000113231929  -0.000164373613  -0.000041260675
 -0.000148351138  -0.000005624963  -0.000030525283
 -0.000265380684   0.000048874812  -0.000182148201
  0.000365763720  -0.000005873598   0.000081330377
  0.000091366298   0.000172982141   0.000008489009
  0.000081529361   0.000182171223  -0.000417810056
  0.000027032388  -0.000207818508   0.000128783253
 -0.000252852397  -0.000083570455   0.000216642354
  0.000311049936  -0.000073683020  -0.000437040304
  0.000099052855  -0.000142766488   0.000105086970
 -0.000171356047   0.000020705618  -0.000020319024
  0.000027280850   0.000123133102  -0.000169600962
 -0.000268797272  -0.000141966260   0.000595817081
 -0.000675196283  -0.000105477214  -0.000510744004
  0.000121009179  -0.000136667292  -0.000366394785
  0.000082318216  -0.000149853402   0.000375332555
  0.000020454713  -0.000114990819   0.000021630116
 -0.000839807010  -0.000010969127  -0.000061302336
    1    2  0.0000  0.0000  0.0150
  0.000000000000  -0.000000000000  -0.028584443784
  0.000683512937  -0.000639299397  -0.002747157863
 -0.000061765707  -0.000107048410   0.000140805954
 -0.000123589496   0.000000033534   0.000140805954
 -0.000211893050   0.000911589266  -0.002747157863
 -0.000895405987  -0.000272289869  -0.002747157863
 -0.000683512937  -0.000639299397  -0.002747157863
 -0.000000000000  -0.000083562487  -0.000097738848
  0.000114638291   0.000066186448   0.000085625626
 -0.000072367236   0.000041781243  -0.000097738848
 -0.000061823789   0.000107014876   0.000140805954
 -0.000047743039  -0.000027564456  -0.000096239039
  0.000061765707  -0.000107048410   0.000140805954
 -0.000114638291   0.000066186448   0.000085625626
 -0.000000000000  -0.000132372896   0.000085625626
  0.000061823789   0.000107014876   0.000140805954
 -0.000000000000  -0.000237239586   0.000086523871
 -0.000205455509   0.000118619793   0.000086523871
  0.000123589496   0.000000033534   0.000140805954
  0.000072367236   0.000041781243  -0.000097738848
  0.000895405987  -0.000272289869  -0.002747157863
  0.000047743039  -0.000027564456  -0.000096239039
  0.000205455509   0.000118619793   0.000086523871
  0.000000000000   0.000055128913  -0.000096239039
  0.000211893050   0.000911589266  -0.002747157863
  0.012238023588   0.007065626213   0.002504004751
  0.000000000000   0.001722306430   0.000869300452
 -0.000069339477  -0.000250184810  -0.000023878544
 -0.000251336140   0.000065042656  -0.000023878544
  0.001491561121  -0.000861153215   0.000869300452
  0.000242667640  -0.000162251357  -0.000090327674
 -0.000019179977   0.000291282019  -0.000090327674
  0.000069339477  -0.000250184810  -0.000023878544
  0.000000000000  -0.000000000000   0.000412712538
 -0.000181996663   0.000185142154  -0.000023878544
 -0.000000000000  -0.000058538350  -0.000053959424
 -0.000143886342  -0.000083072818   0.000226843499
 -0.000050695698   0.000029269175  -0.000053959424
  0.000251336140   0.000065042656  -0.000023878544
  0.000181996663   0.000185142154  -0.000023878544
 -0.000242667640  -0.000162251357  -0.000090327674
  0.000143886342  -0.000083072818   0.000226843499
  0.000000000000   0.000166145636   0.000226843499
 -0.000261847616  -0.000129030662  -0.000090327674
 -0.001491561121  -0.000861153215   0.000869300452
 -0.012238023588   0.007065626213   0.002504004751
  0.000019179977   0.000291282019  -0.000090327674
  0.000050695698   0.000029269175  -0.000053959424
  0.000261847616  -0.000129030662  -0.000090327674
 -0.000000000000  -0.014131252426   0.002504004751
  0.000000000000   0.002879036156   0.003996345872
  0.000095006870  -0.000052445246   0.000657381676
  0.000045560646   0.000026304451   0.000241754088
  0.000002084520   0.000108500986   0.000657381676
  0.002493318450  -0.001439518078   0.003996345872
  0.000372099889   0.000214831971   0.000365111960
 -0.000095006870  -0.000052445246   0.000657381676
 -0.000000000000  -0.000016754197  -0.000713106942
 -0.000014509560   0.000008377098  -0.000713106942
 -0.000092922350  -0.000056055740   0.000657381676
 -0.000030179376  -0.000124199711  -0.000471753455
 -0.000122649793   0.000035963749  -0.000471753455
 -0.000045560646   0.000026304451   0.000241754088
  0.000014509560   0.000008377098  -0.000713106942
 -0.000000000000  -0.000052608903   0.000241754088
  0.000030179376  -0.000124199711  -0.000471753455
  0.000000000000  -0.000000000000   0.000835580289
 -0.000092470416   0.000088235962  -0.000471753455
 -0.000002084520   0.000108500986   0.000657381676
  0.000092922350  -0.000056055740   0.000657381676
 -0.000372099889   0.000214831971   0.000365111960
  0.000122649793   0.000035963749  -0.000471753455
  0.000092470416   0.000088235962  -0.000471753455
 -0.000000000000  -0.000429663942   0.000365111960
 -0.002493318450  -0.001439518078   0.003996345872
 -0.005779088963  -0.003336558569   0.007809266958
 -0.000000000000  -0.003420249776  -0.000191714785
  0.000237074094   0.000452371374  -0.000047281763
  0.000510302149  -0.000020873499  -0.000047281763
 -0.002962023194   0.001710124888  -0.000191714785
  0.000016853939   0.000128911626  -0.000259251228
  0.000120067713  -0.000049859873  -0.000259251228
 -0.000237074094   0.000452371374  -0.000047281763
  0.000000000000  -0.000000000000  -0.000462937234
  0.000273228055  -0.000431497875  -0.000047281763
  0.000000000000   0.000190089548  -0.000001578512
 -0.000612089239  -0.000353389887   0.000028111582
  0.000164622377  -0.000095044774  -0.000001578512
 -0.000510302149  -0.000020873499  -0.000047281763
 -0.000273228055  -0.000431497875  -0.000047281763
 -0.000016853939   0.000128911626  -0.000259251228
  0.000612089239  -0.000353389887   0.000028111582
  0.000000000000   0.000706779774   0.000028111582
  0.000103213773  -0.000079051753  -0.000259251228
  0.002962023194   0.001710124888  -0.000191714785
  0.005779088963  -0.003336558569   0.007809266958
 -0.000120067713  -0.000049859873  -0.000259251228
 -0.000164622377  -0.000095044774  -0.000001578512
 -0.000103213773  -0.000079051753  -0.000259251228
  0.000000000000   0.006673117137   0.007809266958
  0.000000000000  -0.000000000000   0.003372587709
  0.000379849956  -0.000455864999  -0.000772163859
  0.000129845392   0.000010244686  -0.000001553330
  0.000073794854   0.000107327065  -0.000001553330
 -0.000204865692   0.000556892211  -0.000772163859
 -0.000584715648  -0.000101027212  -0.000772163859
 -0.000379849956  -0.000455864999  -0.000772163859
 -0.000000000000  -0.000212984090   0.000146130584
 -0.000097552064  -0.000056321710   0.000076887275
 -0.000184449632   0.000106492045   0.000146130584
 -0.000056050538  -0.000117571751  -0.000001553330
 -0.000019129405  -0.000011044367   0.000145434607
 -0.000129845392   0.000010244686  -0.000001553330
  0.000097552064  -0.000056321710   0.000076887275
  0.000000000000   0.000112643420   0.000076887275
  0.000056050538  -0.000117571751  -0.000001553330
  0.000000000000   0.000099644321   0.000073430068
  0.000086294513  -0.000049822160   0.000073430068
 -0.000073794854   0.000107327065  -0.000001553330
  0.000184449632   0.000106492045   0.000146130584
  0.000584715648  -0.000101027212  -0.000772163859
  0.000019129405  -0.000011044367   0.000145434607
 -0.000086294513  -0.000049822160   0.000073430068
  0.000000000000   0.000022088735   0.000145434607
  0.000204865692   0.000556892211  -0.000772163859
 -0.001508697486  -0.000871046900  -0.000155477448
  0.000000000000   0.000372480171  -0.000018322850
  0.000005307473  -0.000276264809   0.000116588032
 -0.000236598606   0.000142728811   0.000116588032
  0.000322577291  -0.000186240086  -0.000018322850
  0.000175096752  -0.000034784638  -0.000037915201
  0.000057423996   0.000169030554  -0.000037915201
 -0.000005307473  -0.000276264809   0.000116588032
  0.000000000000  -0.000000000000   0.000009510557
 -0.000241906079   0.000133535998   0.000116588032
 -0.000000000000  -0.000261373988  -0.000167408888
  0.000458643353   0.000264797863   0.000030639857
 -0.000226356513   0.000130686994  -0.000167408888
  0.000236598606   0.000142728811   0.000116588032
  0.000241906079   0.000133535998   0.000116588032
 -0.000175096752  -0.000034784638  -0.000037915201
 -0.000458643353   0.000264797863   0.000030639857
 -0.000000000000  -0.000529595727   0.000030639857
 -0.000117672756  -0.000134245916  -0.000037915201
 -0.000322577291  -0.000186240086  -0.000018322850
  0.001508697486  -0.000871046900  -0.000155477448
 -0.000057423996   0.000169030554  -0.000037915201
  0.000226356513   0.000130686994  -0.000167408888
  0.000117672756  -0.000134245916  -0.000037915201
  0.000000000000   0.001742093800  -0.000155477448
  0.000000000000   0.000004475568   0.001294598259
  0.000079257432   0.000202111657   0.000184198019
  0.000044515909   0.000025701272  -0.000148435378
  0.000214662545  -0.000032416879   0.000184198019
  0.000003875956  -0.000002237784   0.001294598259
 -0.000108519798  -0.000062653935  -0.000268630650
 -0.000079257432   0.000202111657   0.000184198019
 -0.000000000000  -0.000057492201  -0.000019388698
 -0.000049789706   0.000028746100  -0.000019388698
  0.000135405114  -0.000169694778   0.000184198019
  0.000054827712  -0.000022867009  -0.000434856562
  0.000007610446   0.000058915696  -0.000434856562
 -0.000044515909   0.000025701272  -0.000148435378
  0.000049789706   0.000028746100  -0.000019388698
 -0.000000000000  -0.000051402544  -0.000148435378
 -0.000054827712  -0.000022867009  -0.000434856562
  0.000000000000  -0.000000000000   0.001346235549
 -0.000047217266  -0.000036048687  -0.000434856562
 -0.000214662545  -0.000032416879   0.000184198019
 -0.000135405114  -0.000169694778   0.000184198019
  0.000108519798  -0.000062653935  -0.000268630650
 -0.000007610446   0.000058915696  -0.000434856562
  0.000047217266  -0.000036048687  -0.000434856562
  0.000000000000   0.000125307869  -0.000268630650
 -0.000003875956  -0.000002237784   0.001294598259
 -0.002021445009  -0.001167081820  -0.000552899229
 -0.000000000000  -0.000026585275  -0.000114458715
 -0.000145124378   0.000007522163   0.000259173049
 -0.000066047805  -0.000129442479   0.000259173049
 -0.000023023523   0.000013292637  -0.000114458715
 -0.000181258855  -0.000302076560  -0.000336143862
 -0.000352235403  -0.000005936493  -0.000336143862
  0.000145124378   0.000007522163   0.000259173049
  0.000000000000  -0.000000000000  -0.000325347016
  0.000079076573   0.000121920317   0.000259173049
 -0.000000000000  -0.000093318426   0.000099115749
  0.000199230392   0.000115025720   0.000047208035
 -0.000080816127   0.000046659213   0.000099115749
  0.000066047805  -0.000129442479   0.000259173049
 -0.000079076573   0.000121920317   0.000259173049
  0.000181258855  -0.000302076560  -0.000336143862
 -0.000199230392   0.000115025720   0.000047208035
 -0.000000000000  -0.000230051440   0.000047208035
 -0.000170976547   0.000308013053  -0.000336143862
  0.000023023523   0.000013292637  -0.000114458715
  0.002021445009  -0.001167081820  -0.000552899229
  0.000352235403  -0.000005936493  -0.000336143862
  0.000080816127   0.000046659213   0.000099115749
  0.000170976547   0.000308013053  -0.000336143862
  0.000000000000   0.002334163641  -0.000552899229
   26    1  0.0150  0.0000  0.0000
  0.019098022159   0.008006387822   0.012239026820
 -0.000809017405   0.000637000805   0.001545031154
  0.000365056479  -0.000703569904  -0.000220707999
  0.000054494262  -0.000215111139  -0.000056512710
  0.000291182964  -0.000023106965   0.000029914470
  0.019132108905  -0.007997533620  -0.012301803607
  0.005239224042   0.000033637432   0.000035834161
  0.000124060757  -0.000517412929   0.000278670470
  0.000238068100   0.000147100744   0.000064719538
  0.000198693280  -0.000118681390   0.000028638543
  0.000762639608  -0.000268827398  -0.000224984267
 -0.000755743471  -0.000580512149  -0.001490605664
  0.000134874686   0.000591193607  -0.000234925480
  0.000172527487   0.000010911095   0.000039013728
  0.000087222603   0.000042353704   0.000162370341
 -0.000051447369  -0.000012339968   0.000027477540
  0.001000791465   0.000031520818   0.000208853832
  0.000379764785   0.000722933376   0.000285718749
  0.000190371151  -0.000158057575  -0.000003200822
  0.000042548930  -0.000079435310  -0.000103545867
  0.000686308328   0.000247531636   0.000300248492
  0.000971737462  -0.000018332694  -0.000144118201
  0.000235075631  -0.000009812134   0.000038555755
  0.000025615794   0.000157716060   0.000098683262
  0.000130025246   0.000086368151   0.000035047102
 -0.062135768072   0.000010462421  -0.000002191922
 -0.001306794092   0.001806630651  -0.000718933531
 -0.000247094359   0.000358548517   0.000039332797
 -0.000235952029   0.000339078278  -0.000077651295
 -0.001299951606   0.001793071499   0.000568186044
 -0.004430917392   0.000003534036   0.001211732070
 -0.001300914975  -0.001795892986   0.000573896652
  0.000324269577   0.000014139391  -0.000019151448
 -0.000321213389   0.000019878597  -0.000143133294
  0.000026362137   0.000175450615   0.000284108391
 -0.000844232592   0.000003339933  -0.000096333307
  0.000033928654  -0.000168130945   0.000317386564
 -0.000240197800  -0.000346969422  -0.000052074054
 -0.000330206345  -0.000026610645   0.000141977063
 -0.000363163582  -0.000002799288  -0.000012100136
 -0.000843856987   0.000005801316   0.000051909748
 -0.000364158783   0.000005904664   0.000026254400
 -0.000320388008  -0.000037901374  -0.000141987218
 -0.000244479464  -0.000350713766  -0.000017985411
  0.000018732484  -0.000170048347  -0.000372355992
 -0.004484114279   0.000010991260  -0.001255503207
  0.000013761189   0.000171253111  -0.000361255854
 -0.000323760848   0.000015502222   0.000165006872
  0.000320956394  -0.000004554967  -0.000073382065
 -0.001309503945  -0.001832796908  -0.000628885039
  0.019123121402  -0.007996986450   0.012327647269
  0.000142074960  -0.000090458426   0.000017278658
  0.000198117660   0.000125450262   0.000005263781
  0.000137142517  -0.000581394497  -0.000233023092
  0.005250842433  -0.000005415799  -0.000024981247
  0.019153016473   0.008019767729  -0.012297171904
  0.000278478934   0.000019493005   0.000022889424
  0.000025262221  -0.000177864694   0.000111238199
  0.000388391456  -0.000737357456   0.000277723763
 -0.000755409966   0.000600656226  -0.001488079147
  0.000763573972   0.000286225654  -0.000221555788
  0.000207430736   0.000115782681   0.000031760146
  0.000045008847   0.000186423313  -0.000048150136
  0.000228891378  -0.000002773497   0.000032180761
  0.001002697933  -0.000003486328   0.000201989532
 -0.000048660853   0.000032723319   0.000032134808
  0.000087365292  -0.000062614790   0.000164274880
  0.000229091956  -0.000177039672   0.000054837854
  0.000361025446   0.000707784746  -0.000224509100
  0.000973016392   0.000038625210  -0.000141247844
  0.000678174874  -0.000232925151   0.000311232549
  0.000037703232   0.000068264415  -0.000093760128
  0.000178937745  -0.000040842735   0.000028269602
  0.000127401975   0.000510606490   0.000309990043
 -0.000805537352  -0.000604952184   0.001481450772
 -0.006823195716  -0.000012390163  -0.000065993006
  0.001609555677  -0.000834579894   0.001547900478
 -0.000357013041   0.000482751132   0.000133144398
 -0.000349454352   0.000466807573  -0.000186680269
  0.001623568968  -0.000858515205  -0.001632045249
  0.003102390166   0.000005350763  -0.003203071179
  0.001628324551   0.000871136704  -0.001619216459
 -0.000088595554   0.000012076004  -0.000025255079
 -0.000362746182  -0.000179113916   0.000022985822
 -0.000582397514   0.000289026361  -0.000280431830
 -0.001176009266   0.000006071269  -0.000326517933
 -0.000575523927  -0.000281791767  -0.000264156482
 -0.000349964033  -0.000477025939  -0.000175580494
 -0.000370616963   0.000173455569  -0.000061006358
 -0.000059251040  -0.000000510634  -0.000020818405
 -0.001200743100   0.000010056260   0.000290839534
 -0.000060669056   0.000005836044  -0.000010213455
 -0.000361478956   0.000161628456   0.000023095687
 -0.000364024162  -0.000502810332   0.000127048193
 -0.000606546582  -0.000294969549   0.000219440588
  0.003102936279  -0.000019138133   0.003098401695
 -0.000610256517   0.000304594480   0.000225355151
 -0.000368829320  -0.000186683389  -0.000055568638
 -0.000081774436  -0.000025609565  -0.000034361838
  0.001607830841   0.000880521881   0.001508493266
 -0.000729380090   0.000079512092   0.002015849098
 -0.000313995065   0.000125460056   0.000004237541
  0.000005284286   0.000223125833   0.000081139923
  0.000105367560   0.000106579912   0.000186282406
 -0.000101125310  -0.000006750058   0.000039937287
 -0.000723387520  -0.000054830491  -0.001950306759
 -0.000848627193   0.000005935318   0.000045744973
  0.000017255579  -0.000086205999  -0.000151238257
  0.000097535503  -0.000201800502  -0.000052321205
  0.000127235889  -0.000206628109  -0.000273305151
  0.000348648295  -0.000028422330  -0.000098338941
 -0.000277983481  -0.000096753117   0.000056948848
  0.000024350442   0.000134943389   0.000217796352
 -0.000134606146   0.000004898642   0.000015302209
  0.000145469483  -0.000163215440   0.000252267065
  0.000419524002  -0.000002262887   0.000030460771
 -0.000234041978  -0.000031895015   0.000120303587
  0.000012729998  -0.000206398209  -0.000033399424
  0.000070451115   0.000190933909   0.000098703115
  0.000107334531   0.000141517438  -0.000205584165
  0.000304424611   0.000037386891   0.000152792452
 -0.000267208963   0.000044337819  -0.000073731352
 -0.000138869763  -0.000007145591   0.000018846661
  0.000085966178  -0.000161893527  -0.000119019808
  0.000089086056   0.000177422774   0.000344206176
 -0.003418674837   0.000000636826  -0.000004040428
 -0.000074134228  -0.000260012422   0.000392695865
 -0.000038658639  -0.000269592950   0.000023277318
 -0.000033767695  -0.000285912257  -0.000101613831
 -0.000076442058  -0.000269640678  -0.000405360711
  0.000395665495   0.000003237867  -0.000821054748
 -0.000074270223   0.000280902342  -0.000417883932
  0.000198113733   0.000006669476  -0.000036723117
  0.000068383012   0.000097726926  -0.000114784351
  0.000171087413   0.000018589247  -0.000233731166
  0.000447136009   0.000006909929  -0.000182760426
  0.000171177447  -0.000016657709  -0.000243909674
 -0.000033431472   0.000273760178  -0.000108340344
  0.000059326188  -0.000103975278   0.000032204276
 -0.000113595935  -0.000000584923  -0.000044548224
  0.000415412913   0.000003300504   0.000092994447
 -0.000119667799   0.000003843586  -0.000058259962
  0.000068267552  -0.000111518047  -0.000121457984
 -0.000044480069   0.000255704125   0.000041322898
  0.000149561841  -0.000027795834   0.000161550884
  0.000398400682  -0.000001338133   0.000779673091
  0.000150268394   0.000035583199   0.000148222871
  0.000059538690   0.000095965316   0.000023613269
  0.000202752910  -0.000019291111  -0.000016481231
 -0.000074699877   0.000275029473   0.000392879011
 -0.000728284901  -0.000085387916   0.002020815214
  0.000079108132  -0.000170798001   0.000352742081
  0.000072922626  -0.000214449783   0.000093097318
  0.000024992777  -0.000137121063   0.000231176255
 -0.000860372023   0.000010525888   0.000034499930
 -0.000722876882   0.000061830695  -0.001951163698
 -0.000093694883   0.000016395100   0.000042064948
  0.000088965013   0.000133039756  -0.000135466352
  0.000015979894   0.000203506310  -0.000030992182
 -0.000287078598   0.000121401375   0.000063623323
  0.000350867717   0.000047981119  -0.000099240034
  0.000127158633   0.000199855490  -0.000280836486
  0.000100878940  -0.000130187766   0.000178692990
 -0.000139448893   0.000006052931   0.000021546771
 -0.000232821055   0.000049494347   0.000126613583
  0.000416538459   0.000018914933   0.000026474686
  0.000147171346   0.000151465583   0.000246440788
  0.000094573771   0.000175477276  -0.000041020347
  0.000002695729  -0.000223869028   0.000088723990
 -0.000264598371  -0.000025859967  -0.000069035068
  0.000304309355  -0.000028323118   0.000148632167
  0.000104618889  -0.000146504987  -0.000213220631
 -0.000130162158  -0.000034785202   0.000025899273
  0.000014506946   0.000104988982  -0.000153276008
 -0.000303893915  -0.000111839468  -0.000001485681
 -0.011093568920  -0.000001875110   0.000005197971
  0.000344337541  -0.000411851363  -0.000470339580
  0.000007589283   0.000029285451  -0.000392820795
  0.000014857799   0.000012336978   0.000325090178
  0.000339701339  -0.000410939821   0.000517701242
  0.001062083558   0.000002659195   0.001012141983
  0.000347834788   0.000425212204   0.000515634370
 -0.000263388845   0.000007881182  -0.000036407155
  0.000140350573   0.000013702829  -0.000039561974
 -0.000366433347   0.000061368623   0.000287354265
 -0.000024635051   0.000006552822   0.000639808013
 -0.000366357593  -0.000060405390   0.000251840102
  0.000013523043  -0.000020592633   0.000296908644
  0.000132412945  -0.000020192717  -0.000071052957
  0.000109117638  -0.000001030284  -0.000043466178
 -0.000044430594  -0.000000054919  -0.000708024482
  0.000108212028   0.000000463599  -0.000081320649
  0.000139232548  -0.000021249636  -0.000039969552
  0.000001345354  -0.000033564873  -0.000342014337
 -0.000382595526  -0.000066544358  -0.000308248450
  0.001049212683   0.000008483220  -0.000984133565
 -0.000382957590   0.000072711460  -0.000312042426
  0.000132651257   0.000012242754  -0.000092176329
 -0.000257238232  -0.000014819405   0.000015803728
  0.000344155105   0.000406068939  -0.000490004057
   26    2  0.0000  0.0000  0.0150
  0.002118527124   0.001223132206   0.002279251160
 -0.001319416133   0.000761765259   0.000801209736
 -0.000098362583   0.000213655256  -0.000032739733
  0.000135849588  -0.000192012123  -0.000032739733
 -0.000000000000  -0.001523530519   0.000801209736
 -0.002118527124   0.001223132206   0.002279251160
 -0.000000000000  -0.002446264411   0.002279251160
  0.000115938689   0.000480412531  -0.000078772643
  0.000141753783   0.000081841584  -0.000017595477
  0.000474018801  -0.000139800416  -0.000078772643
  0.000358080112  -0.000340612115  -0.000078772643
  0.001319416133   0.000761765259   0.000801209736
 -0.000115938689   0.000480412531  -0.000078772643
 -0.000000000000  -0.000214043368   0.000301920066
 -0.000185366994   0.000107021684   0.000301920066
 -0.000000000000  -0.000163683169  -0.000017595477
  0.000234212171  -0.000021643133  -0.000032739733
  0.000098362583   0.000213655256  -0.000032739733
 -0.000141753783   0.000081841584  -0.000017595477
  0.000185366994   0.000107021684   0.000301920066
 -0.000358080112  -0.000340612115  -0.000078772643
 -0.000234212171  -0.000021643133  -0.000032739733
  0.000000000000   0.000000000000   0.000396899672
 -0.000135849588  -0.000192012123  -0.000032739733
 -0.000474018801  -0.000139800416  -0.000078772643
 -0.000000000000   0.000000000000  -0.190862072845
  0.000663696044  -0.001151179377   0.000333886418
 -0.000001353961   0.000009470129  -0.000568848274
  0.000007524391  -0.000005907629  -0.000568848274
 -0.000665102563   0.001150367323   0.000333886418
 -0.001328798607   0.000000812054   0.000333886418
 -0.000663696044  -0.001151179377   0.000333886418
 -0.000000000000  -0.000446623824  -0.001177886529
  0.000121785813   0.000070313072  -0.000642762281
 -0.000386787577   0.000223311912  -0.001177886529
  0.000008878353  -0.000003562499  -0.000568848274
 -0.000394276478  -0.000227635631  -0.001196758134
  0.000001353961   0.000009470129  -0.000568848274
 -0.000121785813   0.000070313072  -0.000642762281
 -0.000000000000  -0.000140626144  -0.000642762281
 -0.000008878353  -0.000003562499  -0.000568848274
  0.000000000000   0.000134858703  -0.000675672780
  0.000116791063  -0.000067429351  -0.000675672780
 -0.000007524391  -0.000005907629  -0.000568848274
  0.000386787577   0.000223311912  -0.001177886529
  0.001328798607   0.000000812054   0.000333886418
  0.000394276478  -0.000227635631  -0.001196758134
 -0.000116791063  -0.000067429351  -0.000675672780
  0.000000000000   0.000455271261  -0.001196758134
  0.000665102563   0.001150367323   0.000333886418
  0.002127666641  -0.001228408908   0.002281335497
 -0.000465232074   0.000135897744  -0.000078602356
 -0.000136171179  -0.000078618467  -0.000013321270
 -0.000114925138  -0.000470851667  -0.000078602356
  0.000000000000   0.002456817816   0.002281335497
 -0.002127666641  -0.001228408908   0.002281335497
  0.000000000000   0.001519505978   0.000797892971
 -0.000135812039   0.000190395127  -0.000035060380
  0.000096980997  -0.000212814239  -0.000035060380
  0.001315930778  -0.000759752989   0.000797892971
  0.000350306936   0.000334953922  -0.000078602356
  0.000465232074   0.000135897744  -0.000078602356
  0.000135812039   0.000190395127  -0.000035060380
  0.000000000000   0.000000000000   0.000394299329
  0.000232793036   0.000022419112  -0.000035060380
  0.000000000000   0.000157236934  -0.000013321270
 -0.000190568539  -0.000110024797   0.000303090689
  0.000136171179  -0.000078618467  -0.000013321270
 -0.000096980997  -0.000212814239  -0.000035060380
 -0.000232793036   0.000022419112  -0.000035060380
 -0.000350306936   0.000334953922  -0.000078602356
  0.000190568539  -0.000110024797   0.000303090689
  0.000000000000   0.000220049595   0.000303090689
  0.000114925138  -0.000470851667  -0.000078602356
 -0.001315930778  -0.000759752989   0.000797892971
  0.000000000000  -0.000000000000   0.110450070041
  0.001273880777  -0.002206134126   0.000033070038
  0.000091958575  -0.000152836646   0.000695304072
 -0.000086381130   0.000156056785   0.000695304072
 -0.001273627809   0.002206280178   0.000033070038
 -0.002547508586  -0.000000146051   0.000033070038
 -0.001273880777  -0.002206134126   0.000033070038
 -0.000000000000  -0.000039888308   0.000922760067
  0.000158624646   0.000091581982   0.000959246068
 -0.000034544288   0.000019944154   0.000922760067
 -0.000178339705  -0.000003220139   0.000695304072
 -0.000041460355  -0.000023937147   0.000929107806
 -0.000091958575  -0.000152836646   0.000695304072
 -0.000158624646   0.000091581982   0.000959246068
 -0.000000000000  -0.000183163964   0.000959246068
  0.000178339705  -0.000003220139   0.000695304072
  0.000000000000   0.000179229335   0.000975419254
  0.000155217157  -0.000089614667   0.000975419254
  0.000086381130   0.000156056785   0.000695304072
  0.000034544288   0.000019944154   0.000922760067
  0.002547508586  -0.000000146051   0.000033070038
  0.000041460355  -0.000023937147   0.000929107806
 -0.000155217157  -0.000089614667   0.000975419254
  0.000000000000   0.000047874294   0.000929107806
  0.001273627809   0.002206280178   0.000033070038
 -0.000547818170  -0.000316282968  -0.000445623334
  0.000613175356  -0.000354016957  -0.000087790765
  0.000173025010  -0.000138544726   0.000215038821
 -0.000033470747   0.000219116417   0.000215038821
  0.000000000000   0.000708033914  -0.000087790765
  0.000547818170  -0.000316282968  -0.000445623334
  0.000000000000   0.000632565936  -0.000445623334
 -0.000081274604   0.000499186243  -0.000391969550
 -0.000396946190  -0.000229176990   0.000025685991
  0.000391670665  -0.000319978993  -0.000391969550
  0.000472945270  -0.000179207249  -0.000391969550
 -0.000613175356  -0.000354016957  -0.000087790765
  0.000081274604   0.000499186243  -0.000391969550
 -0.000000000000  -0.000068198763  -0.000053634495
 -0.000059061861   0.000034099382  -0.000053634495
  0.000000000000   0.000458353979   0.000025685991
 -0.000206495757  -0.000080571691   0.000215038821
 -0.000173025010  -0.000138544726   0.000215038821
  0.000396946190  -0.000229176990   0.000025685991
  0.000059061861   0.000034099382  -0.000053634495
 -0.000472945270  -0.000179207249  -0.000391969550
  0.000206495757  -0.000080571691   0.000215038821
  0.000000000000   0.000000000000  -0.000358512989
  0.000033470747   0.000219116417   0.000215038821
 -0.000391670665  -0.000319978993  -0.000391969550
  0.000000000000   0.000000000000  -0.000578161385
  0.000499181193  -0.000869526710  -0.000089387475
 -0.000276738212   0.000478782104  -0.000072922995
  0.000276268359  -0.000479053374  -0.000072922995
 -0.000503441624   0.000867066949  -0.000089387475
 -0.001002622817   0.000002459761  -0.000089387475
 -0.000499181193  -0.000869526710  -0.000089387475
  0.000000000000   0.000511258829  -0.000293240327
 -0.000068205807  -0.000039378641  -0.000012772920
  0.000442763134  -0.000255629414  -0.000293240327
  0.000553006571   0.000000271270  -0.000072922995
  0.000439817542   0.000253928776  -0.000285824615
  0.000276738212   0.000478782104  -0.000072922995
  0.000068205807  -0.000039378641  -0.000012772920
  0.000000000000   0.000078757282  -0.000012772920
 -0.000553006571   0.000000271270  -0.000072922995
 -0.000000000000  -0.000081253103  -0.000011175179
 -0.000070367251   0.000040626551  -0.000011175179
 -0.000276268359  -0.000479053374  -0.000072922995
 -0.000442763134  -0.000255629414  -0.000293240327
  0.001002622817   0.000002459761  -0.000089387475
 -0.000439817542   0.000253928776  -0.000285824615
  0.000070367251   0.000040626551  -0.000011175179
 -0.000000000000  -0.000507857552  -0.000285824615
  0.000503441624   0.000867066949  -0.000089387475
 -0.000548179108   0.000316491356  -0.000441096440
 -0.000391111315   0.000318158260  -0.000390753521
  0.000397261445   0.000229359002   0.000025143122
  0.000079977478  -0.000497791464  -0.000390753521
 -0.000000000000  -0.000632982711  -0.000441096440
  0.000548179108   0.000316491356  -0.000441096440
 -0.000000000000  -0.000711850252  -0.000090908291
  0.000034230255  -0.000220136457   0.000213804965
 -0.000173528637   0.000139712499   0.000213804965
 -0.000616480402   0.000355925126  -0.000090908291
  0.000471088793   0.000179633204  -0.000390753521
  0.000391111315   0.000318158260  -0.000390753521
 -0.000034230255  -0.000220136457   0.000213804965
  0.000000000000   0.000000000000  -0.000355590399
 -0.000207758892   0.000080423958   0.000213804965
 -0.000000000000  -0.000458718004   0.000025143122
 -0.000058731341  -0.000033908556  -0.000052429427
 -0.000397261445   0.000229359002   0.000025143122
  0.000173528637   0.000139712499   0.000213804965
  0.000207758892   0.000080423958   0.000213804965
 -0.000471088793   0.000179633204  -0.000390753521
  0.000058731341  -0.000033908556  -0.000052429427
  0.000000000000   0.000067817112  -0.000052429427
 -0.000079977478  -0.000497791464  -0.000390753521
  0.000616480402   0.000355925126  -0.000090908291
  0.000000000000  -0.000000000000   0.067514506254
 -0.000494087739   0.000845567843  -0.000541751967
 -0.000293560280   0.000509309586  -0.000013354141
  0.000294294900  -0.000508885453  -0.000013354141
  0.000485239364  -0.000850676455  -0.000541751967
  0.000979327102   0.000005108612  -0.000541751967
  0.000494087739   0.000845567843  -0.000541751967
  0.000000000000   0.000232732286   0.000542646620
 -0.000005789702  -0.000003342686  -0.000071426065
  0.000201552072  -0.000116366143   0.000542646620
  0.000587855180  -0.000000424133  -0.000013354141
  0.000204444998   0.000118036375   0.000550865191
  0.000293560280   0.000509309586  -0.000013354141
  0.000005789702  -0.000003342686  -0.000071426065
  0.000000000000   0.000006685372  -0.000071426065
 -0.000587855180  -0.000000424133  -0.000013354141
 -0.000000000000  -0.000011394457  -0.000053351028
 -0.000009867889   0.000005697228  -0.000053351028
 -0.000294294900  -0.000508885453  -0.000013354141
 -0.000201552072  -0.000116366143   0.000542646620
 -0.000979327102   0.000005108612  -0.000541751967
 -0.000204444998   0.000118036375   0.000550865191
  0.000009867889   0.000005697228  -0.000053351028
 -0.000000000000  -0.000236072749   0.000550865191
 -0.000485239364  -0.000850676455  -0.000541751967
   51    1  0.0150  0.0000  0.0000
 -0.000409154675   0.000038696981   0.000041715415
  0.053861801461  -0.031346444346   0.002512106690
  0.000104546459  -0.000290114065   0.000010923623
  0.000337618090  -0.000165253980   0.000020731783
  0.000278673797  -0.000500330146   0.000025904291
 -0.002123506977   0.001318586774  -0.000410931519
  0.053832713420   0.031320782313  -0.002473948809
  0.000234164124  -0.000020490398  -0.000009994284
 -0.000243150201  -0.000488431677   0.000083503344
 -0.000133901083  -0.000563395205   0.000035423663
  0.000640793157  -0.000091893692  -0.000040018083
  0.000855922447  -0.000058244280   0.000020021584
  0.000076112736   0.000324341207  -0.000013703439
 -0.000232142698   0.000428214393  -0.000052577791
  0.000310057445  -0.000064065971   0.000002631246
  0.000719154762   0.000088045224   0.000007148046
  0.000597527495   0.000056006110  -0.000001475968
  0.000160015771  -0.000068733500   0.000026369666
  0.000351735561   0.000133642021   0.000010314204
 -0.000061489185   0.000472195996  -0.000055783506
 -0.001927868890  -0.001278268482   0.000425173265
  0.000880958997   0.000155074696  -0.000048365419
  0.000170148099   0.000174834780  -0.000004183460
  0.000375216886  -0.000003465699   0.000012473705
  0.000338874268   0.000425133950  -0.000067430549
  0.019122782794  -0.007996455010   0.001900216129
  0.005257792680   0.000014387535   0.000034927713
  0.000146083469  -0.000059833634  -0.000076452427
  0.000207171046   0.000159467831  -0.000106975955
  0.000196600928  -0.000581314649  -0.000478197569
  0.000714874713   0.000211883000  -0.000363690215
 -0.000700206344  -0.000567239647  -0.001331394157
  0.000143611124   0.000054189173   0.000189997826
  0.000144655992  -0.000022304062   0.000049699970
 -0.000001910507   0.000063443368   0.000119602383
 -0.000106427314   0.000004617392  -0.000103684873
  0.000912539897   0.000367266625  -0.000257067479
  0.000354548609   0.000336173313  -0.000047014386
  0.000205617227  -0.000198628279   0.000171734437
  0.000004297016  -0.000096565502  -0.000238358418
  0.000711983097  -0.000192124682   0.000188240379
  0.000928527023  -0.000328319289   0.000219276696
  0.000217130651   0.000007110066   0.000058513146
  0.000051978373   0.000481606363   0.000138870258
  0.000208323875   0.000548467682   0.000354776500
  0.019125813969   0.008022009220  -0.002289580386
 -0.000669685000   0.000610157990   0.001339874273
  0.000365270670  -0.000323117661   0.000157241979
  0.000054596555  -0.000506750149  -0.000129983559
  0.000335915931  -0.000015055608  -0.000035636370
 -0.215248361656   0.000007671990   0.000042430176
  0.003183169757  -0.004151948880  -0.000645335766
 -0.000321770529   0.000282486933   0.000088973695
 -0.000348580596   0.001054867522   0.000072955540
  0.003113603317  -0.001504852574   0.000208820411
  0.007992771848  -0.001254944210   0.000850759794
  0.003104806592   0.004183499540   0.000631853512
 -0.000012771717  -0.000039550295   0.000015059250
 -0.000590443905   0.000072518086  -0.000124694407
 -0.001084274190   0.000609952832  -0.000020523585
 -0.001594394262  -0.000341208699  -0.000004093956
 -0.001149130068  -0.000616691348  -0.000011378219
 -0.000367671520  -0.000348743370  -0.000058838954
 -0.000601148444  -0.000192549214   0.000140639979
 -0.000824209487  -0.000017235470  -0.000002056309
 -0.001503369971   0.000396569346  -0.000021602446
 -0.000834397775   0.000030981770   0.000007675831
 -0.000624192195  -0.000153359411   0.000218977992
 -0.000360221404  -0.001093227745  -0.000094762445
 -0.001071006747  -0.000617825353  -0.000018157640
  0.008193367557   0.001284635033  -0.000823154059
 -0.001061505913   0.000648982893   0.000002726188
 -0.000593656824   0.000105994255  -0.000193481326
 -0.000011609109   0.000015195154  -0.000022490047
  0.003117124995   0.001642211699  -0.000189467865
  0.017831185108  -0.006813043207  -0.004349910175
  0.005997879741   0.000048351192   0.000020084545
  0.000275543207  -0.000199834555   0.000174897573
  0.000366809254   0.000190641421   0.000106695325
  0.000146336147   0.000006110644   0.000313379699
  0.000350634172   0.000001660038   0.000143550166
 -0.000198258172  -0.000348025994   0.001656401066
  0.000266159461   0.000173679760  -0.000135393746
  0.000106480199  -0.000032289393  -0.000005036218
 -0.000023268744   0.000045304683  -0.000270095454
 -0.000011469810   0.000009137033  -0.000057755739
  0.000600423056   0.000229184013   0.000133079652
  0.000214131866   0.000350545832   0.000082535948
  0.000366338727  -0.000241486526  -0.000117796209
  0.000000635856  -0.000088367894   0.000182919199
  0.000334982047   0.000025137539  -0.000214764909
  0.000636400557  -0.000177527362  -0.000180578362
  0.000540143762   0.000008774641  -0.000000238986
 -0.000055419383   0.000265162415  -0.000085669740
  0.000160339679  -0.000064806477  -0.000364450351
  0.017826152897   0.006849172110   0.004463460232
 -0.000169955986   0.000426877180  -0.001664797583
  0.000232846974  -0.000341962917  -0.000068615863
 -0.000056144910  -0.000277427447   0.000076072441
  0.000490667721  -0.000039047568  -0.000015372040
 -0.000216234565  -0.000006228986   0.000006317332
  0.000179332216  -0.000200355949  -0.000047874011
 -0.000183052955   0.000160847400  -0.000218057984
 -0.000253208358   0.000347848832  -0.000000150820
 -0.000160644461   0.000052222325  -0.000020286341
 -0.000212022804  -0.000383565822  -0.000003635112
  0.000153558649   0.000239197373   0.000053611302
 -0.000833922114   0.000029073021   0.000019230522
 -0.000031564343  -0.000011009170  -0.000019271886
  0.000118469109  -0.000161502204   0.000095684533
  0.000116201382  -0.000107220185   0.000127299942
 -0.000373409863   0.000024977366   0.000210435099
 -0.000188700980  -0.000080633940   0.000245957145
 -0.000032199523  -0.000031628953   0.000024124730
 -0.000090207149  -0.000067876542   0.000013222963
  0.000136784584   0.000072548470  -0.000070726692
 -0.000877173706   0.000051975653   0.000022262076
 -0.000194493507   0.000007547609  -0.000032783376
 -0.000252516980  -0.000371632333   0.000006504993
  0.000149704233   0.000030437534  -0.000056904132
 -0.000129692357   0.000383169172   0.000039097946
 -0.000330885149   0.000071192052  -0.000176338848
 -0.000182368886   0.000101372006   0.000044996113
 -0.000105520453  -0.000005821471   0.000005222854
 -0.000127729324  -0.000144476035   0.000045452501
 -0.000319840556   0.000100679470  -0.000145669392
 -0.000164927931   0.000023620014  -0.000019725632
  0.000055497614   0.000107890106   0.000129622421
 -0.000042647288  -0.000030970392   0.000132410311
  0.000022832800  -0.000065031456   0.000025497315
 -0.000032044392   0.000105801218  -0.000132479705
  0.000402775676   0.000289539249   0.000195817795
  0.000042560730  -0.000116571528  -0.000208529192
 -0.000006261110  -0.000031517859  -0.000025446544
  0.000035199402  -0.000054208035   0.000119289429
 -0.000029674140   0.000011580826   0.000030427784
 -0.000172218338   0.000011135232   0.000193920519
  0.000092994858  -0.000154763703   0.000059303169
 -0.000042854628  -0.000015264284  -0.000176212813
  0.000046079672  -0.000000762847  -0.000083241220
  0.000003942314  -0.000080954472   0.000187688098
 -0.000154127474   0.000052439166  -0.000193266702
 -0.000205129287   0.000008291450  -0.000028159933
  0.000121649261  -0.000177061131  -0.000115651431
  0.000040653665   0.000031867370   0.000009202686
 -0.000312828771  -0.000073040914   0.000107677555
  0.000430256548  -0.000238272842  -0.000217331927
  0.000108960563   0.000157373509  -0.000123868669
  0.000120165920   0.000147581544   0.000084090496
 -0.000038501497  -0.000010319634   0.000008712774
 -0.000395536915   0.000048369429   0.000001214641
  0.000340552301   0.000554902767   0.000355231448
  0.000125079799  -0.000177025975   0.000124953097
  0.000131245804  -0.000493602783   0.000134868984
  0.000315874440   0.000004686069  -0.000145906353
 -0.000148971378   0.000314467466  -0.000490086438
  0.000302320399  -0.000493429676  -0.000339891045
  0.000137012754  -0.000034411432   0.000005507673
 -0.000041507930   0.000018652702  -0.000059126554
 -0.000003822975   0.000070791409  -0.000100408983
  0.000617185372   0.000187296050   0.000016071278
 -0.000025250675  -0.000031785062   0.000048056152
  0.000093296321   0.000114312647  -0.000116443681
 -0.000052884842  -0.000145009164   0.000078170435
 -0.000190145880  -0.000015590428   0.000023851682
  0.000633838771  -0.000100971063   0.000032979643
 -0.000185589891   0.000033779325   0.000008165104
 -0.000058119566  -0.000108566559   0.000095929415
  0.000099282548   0.000395600616  -0.000095514221
  0.000010605129  -0.000079366255   0.000140296809
 -0.000075361104  -0.000239658727   0.000516991191
  0.000022484207   0.000106486024  -0.000019396121
 -0.000038349160   0.000048976193  -0.000086357269
  0.000121349606  -0.000033485522   0.000023172362
  0.000326539889   0.000059954423   0.000166622731
 -0.000684415105  -0.000080463576   0.000631097948
 -0.000829279491  -0.000002257859  -0.000058932619
  0.000026582069  -0.000116587731  -0.000154034326
  0.000080008735  -0.000179445087  -0.000422289300
  0.000105189485  -0.000143730956   0.000418239342
  0.000275801549  -0.000058933233   0.000531911362
 -0.000294547199  -0.000127734869  -0.000662131402
  0.000022959714   0.000124359534   0.000032840279
 -0.000172014968  -0.000021489229  -0.000043239285
  0.000090965499  -0.000174062618   0.000002246803
  0.000356618708   0.000007344565   0.000106426470
 -0.000265955665  -0.000044226992  -0.000183970731
  0.000014950491  -0.000205153212  -0.000220828276
  0.000078024304   0.000142546614   0.000359935416
  0.000090659572   0.000132344966   0.000120156601
  0.000315306844   0.000075423029  -0.000384916009
 -0.000261141606   0.000091660323   0.000220858513
 -0.000150015190   0.000005844466  -0.000052311694
  0.000114020039  -0.000191775257   0.000019311443
  0.000122314578   0.000135027673  -0.000320216956
 -0.000663042111   0.000104844730  -0.000511390712
 -0.000269532704   0.000145844975   0.000639930652
  0.000022816715   0.000213106568   0.000112019141
  0.000116347573   0.000157690512  -0.000042831040
 -0.000043174080   0.000006088873   0.000021298946
   51    2  0.0000  0.0000  0.0150
 -0.000000000000  -0.002871542678   0.003993960309
 -0.002486828907   0.001435771339   0.003993960309
 -0.000010439492  -0.000098424720   0.000660644965
 -0.000046521788  -0.000026859367   0.000241323424
 -0.000090458054   0.000040171495   0.000660644965
  0.000386783527  -0.000223309574   0.000364124426
  0.002486828907   0.001435771339   0.003993960309
  0.000000000000   0.000446619147   0.000364124426
 -0.000093466542  -0.000079872363  -0.000474315631
 -0.000115904767  -0.000041008219  -0.000474315631
 -0.000022438224   0.000120880582  -0.000474315631
 -0.000080018562   0.000058253226   0.000660644965
  0.000010439492  -0.000098424720   0.000660644965
  0.000093466542  -0.000079872363  -0.000474315631
  0.000000000000  -0.000000000000   0.000833039080
  0.000022438224   0.000120880582  -0.000474315631
  0.000000000000   0.000053718733   0.000241323424
 -0.000008936981  -0.000005159768  -0.000708110341
  0.000046521788  -0.000026859367   0.000241323424
  0.000115904767  -0.000041008219  -0.000474315631
 -0.000386783527  -0.000223309574   0.000364124426
  0.000080018562   0.000058253226   0.000660644965
  0.000008936981  -0.000005159768  -0.000708110341
  0.000000000000   0.000010319537  -0.000708110341
  0.000090458054   0.000040171495   0.000660644965
  0.012246047975  -0.007070259095   0.002509112385
  0.000000000000   0.014140518190   0.002509112385
 -0.000262628761   0.000131639759  -0.000082547616
 -0.000044622729  -0.000025762944  -0.000044316491
 -0.000017311005  -0.000293263058  -0.000082547616
  0.000245317756   0.000161623299  -0.000082547616
  0.001489909115   0.000860199428   0.000867012315
  0.000262628761   0.000131639759  -0.000082547616
 -0.000000000000  -0.000159091418   0.000253376325
 -0.000137777209   0.000079545709   0.000253376325
  0.000000000000   0.000051525889  -0.000044316491
 -0.000188554231  -0.000189432158  -0.000045245292
 -0.000258330176  -0.000068576675  -0.000045245292
  0.000044622729  -0.000025762944  -0.000044316491
  0.000137777209   0.000079545709   0.000253376325
 -0.000245317756   0.000161623299  -0.000082547616
  0.000188554231  -0.000189432158  -0.000045245292
  0.000000000000  -0.000000000000   0.000375806086
 -0.000069775945   0.000258008833  -0.000045245292
  0.000017311005  -0.000293263058  -0.000082547616
 -0.012246047975  -0.007070259095   0.002509112385
 -0.001489909115   0.000860199428   0.000867012315
  0.000258330176  -0.000068576675  -0.000045245292
  0.000069775945   0.000258008833  -0.000045245292
 -0.000000000000  -0.001720398857   0.000867012315
 -0.000000000000   0.000000000000  -0.028567711012
  0.000216897340  -0.000921314231  -0.002747299498
  0.000121747723  -0.000007893452   0.000143058883
  0.000054037932   0.000109383347   0.000143058883
 -0.000689432860   0.000648495722  -0.002747299498
 -0.000906330199   0.000272818510  -0.002747299498
 -0.000216897340  -0.000921314231  -0.002747299498
 -0.000000000000  -0.000069230231  -0.000101902035
 -0.000211622163  -0.000122180113   0.000083678784
 -0.000059955139   0.000034615116  -0.000101902035
 -0.000067709791  -0.000101489895   0.000143058883
 -0.000078182892  -0.000045138914  -0.000095454967
 -0.000121747723  -0.000007893452   0.000143058883
  0.000211622163  -0.000122180113   0.000083678784
  0.000000000000   0.000244360226   0.000083678784
  0.000067709791  -0.000101489895   0.000143058883
  0.000000000000   0.000135024359   0.000089908661
  0.000116934525  -0.000067512180   0.000089908661
 -0.000054037932   0.000109383347   0.000143058883
  0.000059955139   0.000034615116  -0.000101902035
  0.000906330199   0.000272818510  -0.002747299498
  0.000078182892  -0.000045138914  -0.000095454967
 -0.000116934525  -0.000067512180   0.000089908661
  0.000000000000   0.000090277827  -0.000095454967
  0.000689432860   0.000648495722  -0.002747299498
 -0.005772392348   0.003332692276   0.007801762601
 -0.000000000000  -0.006665384552   0.007801762601
  0.000103564724   0.000082184544  -0.000263835637
  0.000165689109   0.000095660652  -0.000008293058
  0.000122956265   0.000048597410  -0.000263835637
  0.000019391541  -0.000130781954  -0.000263835637
 -0.002962641764  -0.001710482020  -0.000193293215
 -0.000103564724   0.000082184544  -0.000263835637
 -0.000000000000  -0.000702581766   0.000005723257
 -0.000608453657   0.000351290883   0.000005723257
 -0.000000000000  -0.000191321303  -0.000008293058
  0.000268819654   0.000429733754  -0.000030849332
  0.000506570175   0.000017937773  -0.000030849332
 -0.000165689109   0.000095660652  -0.000008293058
  0.000608453657   0.000351290883   0.000005723257
 -0.000019391541  -0.000130781954  -0.000263835637
 -0.000268819654   0.000429733754  -0.000030849332
  0.000000000000  -0.000000000000  -0.000428978476
  0.000237750521  -0.000447671527  -0.000030849332
 -0.000122956265   0.000048597410  -0.000263835637
  0.005772392348   0.003332692276   0.007801762601
  0.002962641764  -0.001710482020  -0.000193293215
 -0.000506570175   0.000017937773  -0.000030849332
 -0.000237750521  -0.000447671527  -0.000030849332
  0.000000000000   0.003420964039  -0.000193293215
 -0.000000000000  -0.000012795841   0.001295315367
 -0.000011081524   0.000006397921   0.001295315367
 -0.000223647323   0.000037673335   0.000186073077
 -0.000048303962  -0.000027888305  -0.000147425629
 -0.000079197597  -0.000212520931   0.000186073077
 -0.000103676707   0.000059857775  -0.000269760588
  0.000011081524   0.000006397921   0.001295315367
 -0.000000000000  -0.000119715549  -0.000269760588
 -0.000051106903   0.000036428341  -0.000436635459
  0.000005994417  -0.000062474046  -0.000436635459
  0.000057101320   0.000026045706  -0.000436635459
  0.000144449726   0.000174847596   0.000186073077
  0.000223647323   0.000037673335   0.000186073077
  0.000051106903   0.000036428341  -0.000436635459
  0.000000000000  -0.000000000000   0.001347134890
 -0.000057101320   0.000026045706  -0.000436635459
  0.000000000000   0.000055776611  -0.000147425629
 -0.000044936522  -0.000025944113  -0.000021073645
  0.000048303962  -0.000027888305  -0.000147425629
 -0.000005994417  -0.000062474046  -0.000436635459
  0.000103676707   0.000059857775  -0.000269760588
 -0.000144449726   0.000174847596   0.000186073077
  0.000044936522  -0.000025944113  -0.000021073645
  0.000000000000   0.000051888226  -0.000021073645
  0.000079197597  -0.000212520931   0.000186073077
 -0.001510027698   0.000871814898  -0.000156777167
 -0.000000000000  -0.001743629796  -0.000156777167
 -0.000123033804   0.000132756864  -0.000041125894
 -0.000230280812  -0.000132952689  -0.000169422311
  0.000053453915  -0.000172928832  -0.000041125894
  0.000176487719   0.000040171968  -0.000041125894
  0.000328305494   0.000189547266  -0.000012505117
  0.000123033804   0.000132756864  -0.000041125894
  0.000000000000   0.000532957245   0.000028298772
  0.000461554513  -0.000266478623   0.000028298772
  0.000000000000   0.000265905377  -0.000169422311
 -0.000244119573  -0.000130537782   0.000119579857
 -0.000235108821  -0.000146144861   0.000119579857
  0.000230280812  -0.000132952689  -0.000169422311
 -0.000461554513  -0.000266478623   0.000028298772
 -0.000176487719   0.000040171968  -0.000041125894
  0.000244119573  -0.000130537782   0.000119579857
  0.000000000000  -0.000000000000   0.000007071591
  0.000009010751   0.000276682642   0.000119579857
 -0.000053453915  -0.000172928832  -0.000041125894
  0.001510027698   0.000871814898  -0.000156777167
 -0.000328305494   0.000189547266  -0.000012505117
  0.000235108821  -0.000146144861   0.000119579857
 -0.000009010751   0.000276682642   0.000119579857
 -0.000000000000  -0.000379094531  -0.000012505117
  0.000000000000  -0.000000000000   0.003374682343
  0.000202775324  -0.000561781237  -0.000773488163
 -0.000079989858  -0.000112956996  -0.000001462521
 -0.000137818557  -0.000012794751  -0.000001462521
 -0.000385129160   0.000456499200  -0.000773488163
 -0.000587904484   0.000105282036  -0.000773488163
 -0.000202775324  -0.000561781237  -0.000773488163
 -0.000000000000  -0.000031599500   0.000144021177
  0.000081935304   0.000047305370   0.000073780366
 -0.000027365970   0.000015799750   0.000144021177
 -0.000057828699   0.000125751747  -0.000001462521
 -0.000181097019  -0.000104556413   0.000148789305
  0.000079989858  -0.000112956996  -0.000001462521
 -0.000081935304   0.000047305370   0.000073780366
 -0.000000000000  -0.000094610740   0.000073780366
  0.000057828699   0.000125751747  -0.000001462521
 -0.000000000000  -0.000107024128   0.000075847935
 -0.000092685614   0.000053512064   0.000075847935
  0.000137818557  -0.000012794751  -0.000001462521
  0.000027365970   0.000015799750   0.000144021177
  0.000587904484   0.000105282036  -0.000773488163
  0.000181097019  -0.000104556413   0.000148789305
  0.000092685614   0.000053512064   0.000075847935
  0.000000000000   0.000209112826   0.000148789305
  0.000385129160   0.000456499200  -0.000773488163
 -0.002025298306   0.001169306522  -0.000555596799
 -0.000000000000  -0.002338613044  -0.000555596799
 -0.000177519616  -0.000313558490  -0.000337488284
 -0.000080091528  -0.000046240865   0.000095358054
 -0.000360309426   0.000003042748  -0.000337488284
 -0.000182789810   0.000310515742  -0.000337488284
 -0.000012445146  -0.000007185209  -0.000117134086
  0.000177519616  -0.000313558490  -0.000337488284
  0.000000000000   0.000230987520   0.000038676473
  0.000200041060  -0.000115493760   0.000038676473
  0.000000000000   0.000092481730   0.000095358054
  0.000078984719  -0.000119984711   0.000265858252
 -0.000064417448   0.000128395128   0.000265858252
  0.000080091528  -0.000046240865   0.000095358054
 -0.000200041060  -0.000115493760   0.000038676473
  0.000182789810   0.000310515742  -0.000337488284
 -0.000078984719  -0.000119984711   0.000265858252
  0.000000000000  -0.000000000000  -0.000313588197
 -0.000143402167  -0.000008410418   0.000265858252
  0.000360309426   0.000003042748  -0.000337488284
  0.002025298306   0.001169306522  -0.000555596799
  0.000012445146  -0.000007185209  -0.000117134086
  0.000064417448   0.000128395128   0.000265858252
  0.000143402167  -0.000008410418   0.000265858252
  0.000000000000   0.000014370417  -0.000117134086
   76    1  0.0150  0.0000  0.0000
  0.017861647676   0.006870498969  -0.005832065958
 -0.000301002812   0.000420026677  -0.002916406809
  0.000237423415  -0.000496654541   0.000556105665
 -0.000073359375  -0.000226339895   0.000266581840
  0.000453461479  -0.000010128230   0.000028663604
  0.017883023765  -0.006862152654   0.005869236489
  0.005960945271   0.000008506610  -0.000006763319
  0.000246186449  -0.000014457069  -0.000033611396
  0.000396797415   0.000194288933  -0.000153870716
  0.000118701698  -0.000131455473  -0.000145527039
  0.000344607289   0.000160527705  -0.000053771173
 -0.000278254798  -0.000423824454   0.002936063019
  0.000253857950   0.000055249300   0.000118619990
  0.000143791454   0.000032517199   0.000033176578
  0.000091053382   0.000038697386   0.000628585169
  0.000081414847  -0.000022259150   0.000039215237
  0.000720136870   0.000130906459  -0.000255716446
  0.000261223171   0.000513105732  -0.000489489559
  0.000368739371  -0.000154125256   0.000223069946
  0.000048917109  -0.000043349890  -0.000540892047
  0.000282807700  -0.000187388050   0.000149404978
  0.000694680032  -0.000150403801   0.000329988205
  0.000549497717   0.000000573036   0.000037419360
 -0.000089321937   0.000208990113  -0.000195305314
  0.000067544304   0.000110719732   0.000207781012
 -0.006793670555  -0.000000650110   0.000025925696
  0.001624606729  -0.000841230733  -0.001190682439
 -0.000353115326   0.000476888776  -0.000124555877
 -0.000350675588   0.000474336908   0.000027594225
  0.001624196736  -0.000850754654   0.001131179213
  0.003088134048  -0.000000258811   0.002351801308
  0.001622980990   0.000851221164   0.001136898056
 -0.000092655960   0.000001564035  -0.000081233746
 -0.000360537678  -0.000160016901  -0.000203649537
 -0.000584014047   0.000288961631  -0.000036330065
 -0.001172366620  -0.000001851874   0.000084282066
 -0.000589518872  -0.000293818033  -0.000060123981
 -0.000346452729  -0.000466582539   0.000007804275
 -0.000362473226   0.000183129318   0.000194113284
 -0.000058950268  -0.000005480088   0.000009900000
 -0.001177595389  -0.000003575020  -0.000148568798
 -0.000060570405   0.000001921850  -0.000020204153
 -0.000361271122   0.000176230206  -0.000196398733
 -0.000358597390  -0.000486982237  -0.000076642516
 -0.000607040784  -0.000294210743  -0.000043471671
  0.003073164971  -0.000005343790  -0.002400733666
 -0.000603958718   0.000294888570  -0.000042895146
 -0.000371058245  -0.000173265694   0.000170825275
 -0.000087941718  -0.000013397075  -0.000037337914
  0.001624287343   0.000853968463  -0.001294974064
  0.017838536211  -0.006867277537  -0.005863237097
  0.000060835799  -0.000114550276   0.000214570688
  0.000365896000   0.000178027473   0.000214895436
  0.000254576125  -0.000064690139   0.000117120427
  0.005949631939  -0.000022551161   0.000036895161
  0.017863217993   0.006852051295   0.005852428475
  0.000459122988   0.000007013794   0.000030730473
 -0.000088485890  -0.000199916979  -0.000207367433
  0.000254629846  -0.000502606374  -0.000481157683
 -0.000273606642   0.000410745467   0.002930995788
  0.000343439481  -0.000172222372  -0.000056392505
  0.000111931401   0.000131844389  -0.000149825767
 -0.000066945481   0.000247891740   0.000258949304
  0.000553433055   0.000010692339   0.000046278378
  0.000718767556  -0.000148514046  -0.000248943965
  0.000079603120   0.000008258934   0.000034347928
  0.000089617882  -0.000026353437   0.000627625111
  0.000403869501  -0.000173500865  -0.000142836428
  0.000235038515   0.000485979197   0.000559019009
  0.000689032409   0.000138929222   0.000326971326
  0.000290260014   0.000180319582   0.000134799907
  0.000056219967   0.000046778876  -0.000550351289
  0.000137082404  -0.000012885275   0.000043138976
  0.000241433453   0.000012269478  -0.000061645478
 -0.000308813510  -0.000436736379  -0.002855759704
 -0.065793668565   0.000010180969  -0.000068813970
 -0.001822025799   0.002535423348   0.001456269659
 -0.000113130017   0.000227328193   0.000132552861
 -0.000099980584   0.000208338645  -0.000193053485
 -0.001810682878   0.002551848431  -0.001557718197
 -0.006259868304  -0.000003366552  -0.003073927098
 -0.001818230616  -0.002561292503  -0.001562787254
  0.000239742769   0.000018804921  -0.000040432110
 -0.000408796946  -0.000297702229  -0.000000795060
 -0.000292090881   0.000306127532  -0.000130997408
 -0.000459492642  -0.000002784280  -0.000354597313
 -0.000297411351  -0.000310315289  -0.000143827670
 -0.000099466780  -0.000201951772  -0.000202023590
 -0.000413558811   0.000315399848  -0.000039456383
  0.000121519127  -0.000003787594  -0.000012955860
 -0.000486190700  -0.000005487461   0.000313884493
  0.000121048742   0.000000212561  -0.000023245852
 -0.000409957684   0.000308292230  -0.000000642247
 -0.000108043808  -0.000215620190   0.000139336603
 -0.000320499533  -0.000322191495   0.000088196391
 -0.006251062221   0.000019418363   0.002986940033
 -0.000312023343   0.000312206969   0.000083064363
 -0.000418451825  -0.000307628698  -0.000046302063
  0.000234507262  -0.000010261067  -0.000033459047
 -0.001814127712  -0.002565904250   0.001480760359
 -0.000387135536  -0.000086969093   0.001524859123
  0.000406601812  -0.000296313768  -0.000361080871
  0.000098442400   0.000142364174   0.000263655251
  0.000091418101   0.000116596032   0.000038025135
 -0.000101727168  -0.000011426963   0.000045643353
 -0.000387048774   0.000112299208  -0.001455838140
 -0.000219156614  -0.000008008441   0.000032078263
  0.000036758021  -0.000090665601  -0.000113554268
 -0.000022011403  -0.000046246739  -0.000173327259
  0.000024178562   0.000101522090   0.000152990081
  0.000022430723  -0.000077998922   0.000286226916
  0.000403942105   0.000284861967   0.000427914956
  0.000036500955   0.000097644062   0.000188255529
  0.000045151124   0.000024070258   0.000031392817
  0.000116820772  -0.000029301122   0.000507914741
  0.000068217995  -0.000010962718   0.000035220612
 -0.000111096434   0.000010801904  -0.000177461680
  0.000104636001  -0.000129046198  -0.000188390751
 -0.000037643225   0.000069865034   0.000240087550
  0.000075072710   0.000026641149  -0.000457188971
 -0.000007038577   0.000078179161  -0.000230188712
 -0.000141393835  -0.000025242570   0.000254817528
 -0.000180760490  -0.000006006860   0.000024902628
  0.000086169082  -0.000123134489   0.000018146321
 -0.000006242202  -0.000121426291  -0.000073125177
 -0.001572280865   0.000003864513  -0.000019659334
  0.000258025513  -0.000312270751  -0.000101661640
 -0.000387863344  -0.000196997551  -0.000015497139
 -0.000379926599  -0.000213388394  -0.000060156017
  0.000252263740  -0.000306675991   0.000048809429
  0.000771283973   0.000000710845   0.000103211873
  0.000248700382   0.000297746519   0.000053275756
  0.000146998650   0.000010949963  -0.000024197423
  0.000320660564   0.000268159111  -0.000109997811
 -0.000249878455   0.000227713234   0.000043615953
 -0.000005472261  -0.000005650469  -0.000090760873
 -0.000252059338  -0.000229491492   0.000050310634
 -0.000381491327   0.000219383085  -0.000056105964
  0.000311034018  -0.000260881229   0.000014934722
 -0.000142881037  -0.000001727723  -0.000055151046
 -0.000035745713  -0.000001660970  -0.000007381753
 -0.000138983067  -0.000002061955  -0.000048283719
  0.000322103854  -0.000261498594  -0.000105397832
 -0.000384138466   0.000205021633  -0.000025984615
 -0.000271176224  -0.000240816116  -0.000138174317
  0.000786446355   0.000005300331  -0.000176089505
 -0.000268921428   0.000234288918  -0.000136003252
  0.000311345722   0.000264995872   0.000019896035
  0.000142991166  -0.000005006620  -0.000036829523
  0.000258285629   0.000297504280  -0.000087139760
 -0.000388280629   0.000100411170   0.001527295726
  0.000006856468   0.000109806629  -0.000088187286
 -0.000038054564  -0.000055714912   0.000245160833
  0.000041114231  -0.000099425217   0.000176156168
 -0.000208486822   0.000008251308   0.000040756187
 -0.000386538149  -0.000107570542  -0.001453152274
 -0.000113517943  -0.000002779409   0.000036956349
  0.000083816135   0.000140431917   0.000029867075
  0.000102724807   0.000131813966  -0.000191265849
  0.000414569609  -0.000298938178   0.000421966177
  0.000018094518   0.000065741891   0.000287660311
  0.000022485892  -0.000101581950   0.000161813772
  0.000093003423  -0.000101523388   0.000046485387
 -0.000180929915   0.000006214833   0.000023168229
 -0.000112671155  -0.000018782558  -0.000182423066
  0.000070965711   0.000000784126   0.000037642074
  0.000115493367   0.000035075338   0.000513393898
 -0.000020614197   0.000062190628  -0.000184007669
  0.000095277803  -0.000142054114   0.000258921414
 -0.000145453535   0.000015255116   0.000251663113
 -0.000004270806  -0.000077321606  -0.000227507868
  0.000076930536  -0.000026120635  -0.000451170110
  0.000042641941  -0.000006249027   0.000021886360
  0.000037815786   0.000066600065  -0.000101650719
  0.000396593131   0.000298967391  -0.000358769201
 -0.003401366757  -0.000001792637  -0.000033067029
 -0.000071065169  -0.000247915809   0.000472834734
 -0.000037515379  -0.000267376249  -0.000322726036
 -0.000033563082  -0.000276819116   0.000269675290
 -0.000067247969  -0.000268533979  -0.000473627815
  0.000386341219   0.000000910321  -0.000962625916
 -0.000077765876   0.000254699169  -0.000482928203
  0.000206221274   0.000006281120   0.000007208133
  0.000062511380   0.000095065001  -0.000092677480
  0.000156174408   0.000029433679   0.000503336746
  0.000448774076  -0.000004926369   0.000584265291
  0.000155625450  -0.000032064314   0.000535069643
 -0.000032747697   0.000283155201   0.000294298130
  0.000052222627  -0.000090324279  -0.000038676838
 -0.000101964717   0.000000087703  -0.000079309644
  0.000430193402   0.000000438538  -0.000663922891
 -0.000102823487   0.000000497390  -0.000051627880
  0.000062545584  -0.000092877829  -0.000098129363
 -0.000034139569   0.000267879946  -0.000364775877
  0.000145499058  -0.000036609730  -0.000561568848
  0.000368328140  -0.000007326431   0.000963388709
  0.000148934472   0.000029747551  -0.000569369078
  0.000052587376   0.000095480857  -0.000019625256
  0.000204460253  -0.000005569961  -0.000035098765
 -0.000069998861   0.000263324087   0.000505231763
   76    2  0.0000  0.0000  0.0150
 -0.004355342119  -0.002514557945   0.007781931583
  0.001580202969  -0.000912330609  -0.000213963588
  0.000070690415  -0.000139348123  -0.000024085211
 -0.000085333808   0.000130893756  -0.000024085211
  0.000000000000   0.001824661219  -0.000213963588
  0.004355342119  -0.002514557945   0.007781931583
  0.000000000000   0.005029115889   0.007781931583
 -0.000135668954  -0.000320726083  -0.000251763556
 -0.000119795065  -0.000069163713   0.000021186283
 -0.000345591412   0.000042870280  -0.000251763556
 -0.000209922458   0.000277855802  -0.000251763556
 -0.001580202969  -0.000912330609  -0.000213963588
  0.000135668954  -0.000320726083  -0.000251763556
  0.000000000000   0.000269183479   0.000053336201
  0.000233119731  -0.000134591739   0.000053336201
  0.000000000000   0.000138327426   0.000021186283
 -0.000156024222   0.000008454367  -0.000024085211
 -0.000070690415  -0.000139348123  -0.000024085211
  0.000119795065  -0.000069163713   0.000021186283
 -0.000233119731  -0.000134591739   0.000053336201
  0.000209922458   0.000277855802  -0.000251763556
  0.000156024222   0.000008454367  -0.000024085211
 -0.000000000000  -0.000000000000  -0.000439594932
  0.000085333808   0.000130893756  -0.000024085211
  0.000345591412   0.000042870280  -0.000251763556
  0.000000000000  -0.000000000000   0.110424448435
 -0.001594681191   0.002760973371   0.000027035004
 -0.000147617792   0.000256782890   0.000686972306
  0.000148571610  -0.000256232203   0.000686972306
  0.001593732483  -0.002761521108   0.000027035004
  0.003188413674   0.000000547737   0.000027035004
  0.001594681191   0.002760973371   0.000027035004
  0.000000000000   0.000224493968   0.000922934058
 -0.000053296804  -0.000030770924   0.000964892655
  0.000194417479  -0.000112246984   0.000922934058
  0.000296189402  -0.000000550687   0.000686972306
  0.000187643255   0.000108335884   0.000914535487
  0.000147617792   0.000256782890   0.000686972306
  0.000053296804  -0.000030770924   0.000964892655
  0.000000000000   0.000061541848   0.000964892655
 -0.000296189402  -0.000000550687   0.000686972306
 -0.000000000000  -0.000060735112   0.000949688996
 -0.000052598150   0.000030367556   0.000949688996
 -0.000148571610  -0.000256232203   0.000686972306
 -0.000194417479  -0.000112246984   0.000922934058
 -0.003188413674   0.000000547737   0.000027035004
 -0.000187643255   0.000108335884   0.000914535487
  0.000052598150   0.000030367556   0.000949688996
 -0.000000000000  -0.000216671767   0.000914535487
 -0.001593732483  -0.002761521108   0.000027035004
 -0.004340199654   0.002505815439   0.007783626682
  0.000349216754  -0.000055710564  -0.000249649587
  0.000111546436   0.000064401365   0.000027812945
  0.000126361613   0.000330285862  -0.000249649587
 -0.000000000000  -0.005011630877   0.007783626682
  0.004340199654   0.002505815439   0.007783626682
 -0.000000000000  -0.001845035070  -0.000220178825
  0.000076493496  -0.000148460148  -0.000029809905
 -0.000090323512   0.000140475385  -0.000029809905
 -0.001597847241   0.000922517535  -0.000220178825
 -0.000222855141  -0.000274575298  -0.000249649587
 -0.000349216754  -0.000055710564  -0.000249649587
 -0.000076493496  -0.000148460148  -0.000029809905
 -0.000000000000  -0.000000000000  -0.000444781660
 -0.000166817008   0.000007984763  -0.000029809905
 -0.000000000000  -0.000128802729   0.000027812945
  0.000231887997   0.000133880598   0.000058330279
 -0.000111546436   0.000064401365   0.000027812945
  0.000090323512   0.000140475385  -0.000029809905
  0.000166817008   0.000007984763  -0.000029809905
  0.000222855141  -0.000274575298  -0.000249649587
 -0.000231887997   0.000133880598   0.000058330279
 -0.000000000000  -0.000267761195   0.000058330279
 -0.000126361613   0.000330285862  -0.000249649587
  0.001597847242   0.000922517535  -0.000220178825
 -0.000000000000  -0.000000000000  -0.155814063006
 -0.001541351604   0.002668716082   0.001762704761
 -0.000145400366   0.000250660195  -0.000616012705
  0.000144377913  -0.000251250508  -0.000616012705
  0.001540500121  -0.002669207687   0.001762704761
  0.003081851725   0.000000491604   0.001762704761
  0.001541351604   0.002668716082   0.001762704761
  0.000000000000   0.000037523931  -0.000801435216
 -0.000035481228  -0.000020485096  -0.000876717284
  0.000032496677  -0.000018761965  -0.000801435216
  0.000289778279   0.000000590313  -0.000616012705
  0.000030790874   0.000017777119  -0.000783483700
  0.000145400366   0.000250660195  -0.000616012705
  0.000035481228  -0.000020485096  -0.000876717284
  0.000000000000   0.000040970193  -0.000876717284
 -0.000289778279   0.000000590313  -0.000616012705
 -0.000000000000  -0.000037154120  -0.000844853233
 -0.000032176412   0.000018577060  -0.000844853233
 -0.000144377913  -0.000251250508  -0.000616012705
 -0.000032496677  -0.000018761965  -0.000801435216
 -0.003081851725   0.000000491604   0.001762704761
 -0.000030790874   0.000017777119  -0.000783483700
  0.000032176412   0.000018577060  -0.000844853233
 -0.000000000000  -0.000035554238  -0.000783483700
 -0.001540500121  -0.002669207687   0.001762704761
  0.000094058468   0.000054304682  -0.000079086275
 -0.000210896497   0.000121761149  -0.000001380587
 -0.000108001746   0.000178032678   0.000101455677
  0.000100179949  -0.000182548594   0.000101455677
 -0.000000000000  -0.000243522298  -0.000001380587
 -0.000094058468   0.000054304682  -0.000079086275
 -0.000000000000  -0.000108609364  -0.000079086275
  0.000161214201  -0.000067791210  -0.000061532217
  0.000153354200   0.000088539089  -0.000205941675
  0.000021898191   0.000173511199  -0.000061532217
 -0.000139316010  -0.000105719989  -0.000061532217
  0.000210896497   0.000121761149  -0.000001380587
 -0.000161214201  -0.000067791210  -0.000061532217
  0.000000000000   0.000117639641  -0.000016582907
  0.000101878918  -0.000058819821  -0.000016582907
 -0.000000000000  -0.000177078177  -0.000205941675
  0.000208181695   0.000004515916   0.000101455677
  0.000108001746   0.000178032678   0.000101455677
 -0.000153354200   0.000088539089  -0.000205941675
 -0.000101878918  -0.000058819821  -0.000016582907
  0.000139316010  -0.000105719989  -0.000061532217
 -0.000208181695   0.000004515916   0.000101455677
 -0.000000000000  -0.000000000000  -0.000027913123
 -0.000100179949  -0.000182548594   0.000101455677
 -0.000021898191   0.000173511199  -0.000061532217
 -0.000000000000  -0.000000000000  -0.000231626850
 -0.000039455974   0.000058361797  -0.000327869687
  0.000014951289  -0.000037543163  -0.000077113015
 -0.000025037689   0.000031719778  -0.000077113015
  0.000030814812  -0.000063350774  -0.000327869687
  0.000070270786   0.000004988977  -0.000327869687
  0.000039455974   0.000058361797  -0.000327869687
  0.000000000000   0.000099889455  -0.000053516063
 -0.000076824648  -0.000044354731  -0.000109531375
  0.000086506805  -0.000049944727  -0.000053516063
 -0.000039988977   0.000005823386  -0.000077113015
  0.000089838993   0.000051868567  -0.000052045947
 -0.000014951289  -0.000037543163  -0.000077113015
  0.000076824648  -0.000044354731  -0.000109531375
  0.000000000000   0.000088709462  -0.000109531375
  0.000039988977   0.000005823386  -0.000077113015
 -0.000000000000  -0.000085876609  -0.000116907207
 -0.000074371325   0.000042938304  -0.000116907207
  0.000025037689   0.000031719778  -0.000077113015
 -0.000086506805  -0.000049944727  -0.000053516063
 -0.000070270786   0.000004988977  -0.000327869687
 -0.000089838993   0.000051868567  -0.000052045947
  0.000074371325   0.000042938304  -0.000116907207
 -0.000000000000  -0.000103737134  -0.000052045947
 -0.000030814812  -0.000063350774  -0.000327869687
  0.000097609882  -0.000056355092  -0.000077028512
 -0.000028805363  -0.000184250330  -0.000060686467
 -0.000168038899  -0.000097017304  -0.000204191578
 -0.000173968148   0.000067178989  -0.000060686467
  0.000000000000   0.000112710183  -0.000077028512
 -0.000097609882  -0.000056355092  -0.000077028512
  0.000000000000   0.000223606715  -0.000007213223
 -0.000108008803   0.000167422527   0.000101591687
  0.000090987760  -0.000177249631   0.000101591687
  0.000193649096  -0.000111803358  -0.000007213223
 -0.000145162785   0.000117071341  -0.000060686467
  0.000028805363  -0.000184250330  -0.000060686467
  0.000108008803   0.000167422527   0.000101591687
 -0.000000000000  -0.000000000000  -0.000020824713
  0.000198996563   0.000009827104   0.000101591687
  0.000000000000   0.000194034607  -0.000204191578
  0.000106488566   0.000061481202  -0.000018389175
  0.000168038899  -0.000097017304  -0.000204191578
 -0.000090987760  -0.000177249631   0.000101591687
 -0.000198996563   0.000009827104   0.000101591687
  0.000145162785   0.000117071341  -0.000060686467
 -0.000106488566   0.000061481202  -0.000018389175
 -0.000000000000  -0.000122962405  -0.000018389175
  0.000173968148   0.000067178989  -0.000060686467
 -0.000193649096  -0.000111803358  -0.000007213223
 -0.000000000000  -0.000000000000  -0.000582897056
  0.000403002358  -0.000710202047  -0.000090307564
  0.000054904288  -0.000101566900  -0.000092344466
 -0.000060507372   0.000098331958  -0.000092344466
 -0.000413551835   0.000704111304  -0.000090307564
 -0.000816554194   0.000006090743  -0.000090307564
 -0.000403002358  -0.000710202047  -0.000090307564
 -0.000000000000  -0.000219300853  -0.000315719062
 -0.000082994521  -0.000047916909  -0.000018487872
 -0.000189920109   0.000109650426  -0.000315719062
 -0.000115411660   0.000003234942  -0.000092344466
 -0.000182049907  -0.000105106563  -0.000322958128
 -0.000054904288  -0.000101566900  -0.000092344466
  0.000082994521  -0.000047916909  -0.000018487872
  0.000000000000   0.000095833818  -0.000018487872
  0.000115411660   0.000003234942  -0.000092344466
 -0.000000000000  -0.000094724047  -0.000023416215
 -0.000082033431   0.000047362024  -0.000023416215
  0.000060507372   0.000098331958  -0.000092344466
  0.000189920109   0.000109650426  -0.000315719062
  0.000816554194   0.000006090743  -0.000090307564
  0.000182049907  -0.000105106563  -0.000322958128
  0.000082033431   0.000047362024  -0.000023416215
  0.000000000000   0.000210213126  -0.000322958128
  0.000413551835   0.000704111304  -0.000090307564
