    2   18    4
  9.013  1.000
    1    1  0.0150  0.0000  0.0000
 -0.086917168399   0.000000000000   0.000279011125
  0.009674730183  -0.015248371188   0.005616604093
  0.009585839190  -0.015046027494  -0.005675965785
  0.035800068801   0.000000000000  -0.011262210740
  0.009585839191   0.015046027494  -0.005675965785
  0.006201758009   0.000023845162  -0.000146699943
  0.035974623116   0.000000000000   0.011317430182
  0.006201758009  -0.000023845162  -0.000146699943
  0.009674730183   0.015248371188   0.005616604093
 -0.002599883680   0.000000000000  -0.000179779922
 -0.005430979452  -0.004617797484   0.001097718032
 -0.005421657968  -0.004634454844  -0.001054082764
  0.002585489685   0.000000000000  -0.002165144829
 -0.005421657968   0.004634454844  -0.001054082764
 -0.008316937511  -0.000002253875   0.000101055106
  0.002571365574   0.000000000000   0.002133436706
 -0.008316937511   0.000002253875   0.000101055106
 -0.005430979452   0.004617797484   0.001097718032
    1    2  0.0000  0.0000  0.0150
  0.000000000000   0.000000000000  -0.060712482089
 -0.005654750578   0.009794315306  -0.005845440246
  0.005654750578  -0.009794315306  -0.005845440246
  0.011309501157   0.000000000000  -0.005845440246
  0.005654750578   0.009794315306  -0.005845440246
  0.000000000000   0.000000000000  -0.003155064773
 -0.011309501157   0.000000000000  -0.005845440246
  0.000000000000   0.000000000000  -0.003155064773
 -0.005654750578  -0.009794315306  -0.005845440246
  0.000000000000   0.000000000000   0.104216632190
 -0.000513447064   0.000889316402  -0.000743941513
  0.000513447064  -0.000889316402  -0.000743941513
  0.001026894128   0.000000000000  -0.000743941513
  0.000513447064   0.000889316402  -0.000743941513
  0.000000000000   0.000000000000   0.001171135001
 -0.001026894128   0.000000000000  -0.000743941513
  0.000000000000   0.000000000000   0.001171135001
 -0.000513447064  -0.000889316402  -0.000743941513
   10    1  0.0150  0.0000  0.0000
 -0.002587905990  -0.000000000000  -0.000098516786
 -0.005418267233  -0.004669658915   0.000572519326
 -0.005448252542  -0.004608190824  -0.000486827247
  0.002565799595  -0.000000000000  -0.001007566182
 -0.005448252541   0.004608190824  -0.000486827247
 -0.008318929033   0.000004507879   0.000095785017
  0.002625813597  -0.000000000000   0.001117106956
 -0.008318929033  -0.000004507879   0.000095785017
 -0.005418267233   0.004669658915   0.000572519326
  0.023306127329  -0.000000000000   0.000020075751
  0.000079719433  -0.005762053751  -0.001435665419
  0.000085847335  -0.005772825215   0.001352089690
  0.010068709763  -0.000000000000   0.002742026050
  0.000085847335   0.005772825215   0.001352089690
 -0.003999649144  -0.000000575084  -0.000064082685
  0.010060518072  -0.000000000000  -0.002840763153
 -0.003999649144   0.000000575084  -0.000064082685
  0.000079719433   0.005762053751  -0.001435665419
   10    2  0.0000  0.0000  0.0150
 -0.000000000000  -0.000000000000   0.104237977217
 -0.001117958865   0.001936361554  -0.000696922061
  0.001117958865  -0.001936361554  -0.000696922061
  0.002235917729  -0.000000000000  -0.000696922061
  0.001117958865   0.001936361554  -0.000696922061
 -0.000000000000  -0.000000000000   0.001195045737
 -0.002235917729  -0.000000000000  -0.000696922061
 -0.000000000000  -0.000000000000   0.001195045737
 -0.001117958865  -0.001936361554  -0.000696922061
 -0.000000000000  -0.000000000000  -0.104429893161
  0.001415344390  -0.002451448394   0.000917566503
 -0.001415344390   0.002451448394   0.000917566503
 -0.002830688781  -0.000000000000   0.000917566503
 -0.001415344390  -0.002451448394   0.000917566503
 -0.000000000000  -0.000000000000  -0.001761021092
  0.002830688781  -0.000000000000   0.000917566503
 -0.000000000000  -0.000000000000  -0.001761021092
  0.001415344390   0.002451448394   0.000917566503
