Automatically generated mesh
     253
Reciprocal lattice
    0.00000000000000    0.00000000000000    0.00000000000000             1
    0.02325581395349    0.00000000000000    0.00000000000000             4
    0.04651162790697    0.00000000000000    0.00000000000000             4
    0.06976744186046    0.00000000000000    0.00000000000000             4
    0.09302325581395    0.00000000000000    0.00000000000000             4
    0.11627906976745    0.00000000000000    0.00000000000000             4
    0.13953488372093    0.00000000000000    0.00000000000000             4
    0.16279069767442    0.00000000000000    0.00000000000000             4
    0.18604651162791    0.00000000000000    0.00000000000000             4
    0.20930232558140    0.00000000000000    0.00000000000000             4
    0.23255813953488    0.00000000000000    0.00000000000000             4
    0.25581395348837    0.00000000000000    0.00000000000000             4
    0.27906976744186    0.00000000000000    0.00000000000000             4
    0.30232558139535    0.00000000000000    0.00000000000000             4
    0.32558139534884    0.00000000000000    0.00000000000000             4
    0.34883720930233    0.00000000000000    0.00000000000000             4
    0.37209302325582    0.00000000000000    0.00000000000000             4
    0.39534883720931    0.00000000000000    0.00000000000000             4
    0.41860465116279    0.00000000000000    0.00000000000000             4
    0.44186046511628    0.00000000000000    0.00000000000000             4
    0.46511627906977    0.00000000000000    0.00000000000000             4
    0.48837209302326    0.00000000000000    0.00000000000000             4
    0.02325581395349    0.02325581395349    0.00000000000000             4
    0.04651162790697    0.02325581395349    0.00000000000000             8
    0.06976744186046    0.02325581395349    0.00000000000000             8
    0.09302325581395    0.02325581395349    0.00000000000000             8
    0.11627906976745    0.02325581395349    0.00000000000000             8
    0.13953488372093    0.02325581395349    0.00000000000000             8
    0.16279069767442    0.02325581395349    0.00000000000000             8
    0.18604651162791    0.02325581395349    0.00000000000000             8
    0.20930232558140    0.02325581395349    0.00000000000000             8
    0.23255813953488    0.02325581395349    0.00000000000000             8
    0.25581395348837    0.02325581395349    0.00000000000000             8
    0.27906976744186    0.02325581395349    0.00000000000000             8
    0.30232558139535    0.02325581395349    0.00000000000000             8
    0.32558139534884    0.02325581395349    0.00000000000000             8
    0.34883720930233    0.02325581395349    0.00000000000000             8
    0.37209302325582    0.02325581395349    0.00000000000000             8
    0.39534883720931    0.02325581395349    0.00000000000000             8
    0.41860465116279    0.02325581395349    0.00000000000000             8
    0.44186046511628    0.02325581395349    0.00000000000000             8
    0.46511627906977    0.02325581395349    0.00000000000000             8
    0.48837209302326    0.02325581395349    0.00000000000000             8
    0.04651162790697    0.04651162790697    0.00000000000000             4
    0.06976744186046    0.04651162790697    0.00000000000000             8
    0.09302325581395    0.04651162790697    0.00000000000000             8
    0.11627906976745    0.04651162790697    0.00000000000000             8
    0.13953488372093    0.04651162790697    0.00000000000000             8
    0.16279069767442    0.04651162790697    0.00000000000000             8
    0.18604651162791    0.04651162790697    0.00000000000000             8
    0.20930232558140    0.04651162790697    0.00000000000000             8
    0.23255813953488    0.04651162790697    0.00000000000000             8
    0.25581395348837    0.04651162790697    0.00000000000000             8
    0.27906976744186    0.04651162790697    0.00000000000000             8
    0.30232558139535    0.04651162790697    0.00000000000000             8
    0.32558139534884    0.04651162790697    0.00000000000000             8
    0.34883720930233    0.04651162790697    0.00000000000000             8
    0.37209302325582    0.04651162790697    0.00000000000000             8
    0.39534883720931    0.04651162790697    0.00000000000000             8
    0.41860465116279    0.04651162790697    0.00000000000000             8
    0.44186046511628    0.04651162790697    0.00000000000000             8
    0.46511627906977    0.04651162790697    0.00000000000000             8
    0.48837209302326    0.04651162790697    0.00000000000000             8
    0.06976744186046    0.06976744186046    0.00000000000000             4
    0.09302325581395    0.06976744186046    0.00000000000000             8
    0.11627906976745    0.06976744186046    0.00000000000000             8
    0.13953488372093    0.06976744186046    0.00000000000000             8
    0.16279069767442    0.06976744186046    0.00000000000000             8
    0.18604651162791    0.06976744186046    0.00000000000000             8
    0.20930232558140    0.06976744186046    0.00000000000000             8
    0.23255813953488    0.06976744186046    0.00000000000000             8
    0.25581395348837    0.06976744186046    0.00000000000000             8
    0.27906976744186    0.06976744186046    0.00000000000000             8
    0.30232558139535    0.06976744186046    0.00000000000000             8
    0.32558139534884    0.06976744186046    0.00000000000000             8
    0.34883720930233    0.06976744186046    0.00000000000000             8
    0.37209302325582    0.06976744186046    0.00000000000000             8
    0.39534883720931    0.06976744186046    0.00000000000000             8
    0.41860465116279    0.06976744186046    0.00000000000000             8
    0.44186046511628    0.06976744186046    0.00000000000000             8
    0.46511627906977    0.06976744186046    0.00000000000000             8
    0.48837209302326    0.06976744186046    0.00000000000000             8
    0.09302325581395    0.09302325581395    0.00000000000000             4
    0.11627906976745    0.09302325581395    0.00000000000000             8
    0.13953488372093    0.09302325581395    0.00000000000000             8
    0.16279069767442    0.09302325581395    0.00000000000000             8
    0.18604651162791    0.09302325581395    0.00000000000000             8
    0.20930232558140    0.09302325581395    0.00000000000000             8
    0.23255813953488    0.09302325581395    0.00000000000000             8
    0.25581395348837    0.09302325581395    0.00000000000000             8
    0.27906976744186    0.09302325581395    0.00000000000000             8
    0.30232558139535    0.09302325581395    0.00000000000000             8
    0.32558139534884    0.09302325581395    0.00000000000000             8
    0.34883720930233    0.09302325581395    0.00000000000000             8
    0.37209302325582    0.09302325581395    0.00000000000000             8
    0.39534883720931    0.09302325581395    0.00000000000000             8
    0.41860465116279    0.09302325581395    0.00000000000000             8
    0.44186046511628    0.09302325581395    0.00000000000000             8
    0.46511627906977    0.09302325581395    0.00000000000000             8
    0.48837209302326    0.09302325581395    0.00000000000000             8
    0.11627906976745    0.11627906976745    0.00000000000000             4
    0.13953488372093    0.11627906976745    0.00000000000000             8
    0.16279069767442    0.11627906976745    0.00000000000000             8
    0.18604651162791    0.11627906976745    0.00000000000000             8
    0.20930232558140    0.11627906976745    0.00000000000000             8
    0.23255813953488    0.11627906976745    0.00000000000000             8
    0.25581395348837    0.11627906976745    0.00000000000000             8
    0.27906976744186    0.11627906976745    0.00000000000000             8
    0.30232558139535    0.11627906976745    0.00000000000000             8
    0.32558139534884    0.11627906976745    0.00000000000000             8
    0.34883720930233    0.11627906976745    0.00000000000000             8
    0.37209302325582    0.11627906976745    0.00000000000000             8
    0.39534883720931    0.11627906976745    0.00000000000000             8
    0.41860465116279    0.11627906976745    0.00000000000000             8
    0.44186046511628    0.11627906976745    0.00000000000000             8
    0.46511627906977    0.11627906976745    0.00000000000000             8
    0.48837209302326    0.11627906976745    0.00000000000000             8
    0.13953488372093    0.13953488372093    0.00000000000000             4
    0.16279069767442    0.13953488372093    0.00000000000000             8
    0.18604651162791    0.13953488372093    0.00000000000000             8
    0.20930232558140    0.13953488372093    0.00000000000000             8
    0.23255813953488    0.13953488372093    0.00000000000000             8
    0.25581395348837    0.13953488372093    0.00000000000000             8
    0.27906976744186    0.13953488372093    0.00000000000000             8
    0.30232558139535    0.13953488372093    0.00000000000000             8
    0.32558139534884    0.13953488372093    0.00000000000000             8
    0.34883720930233    0.13953488372093    0.00000000000000             8
    0.37209302325582    0.13953488372093    0.00000000000000             8
    0.39534883720931    0.13953488372093    0.00000000000000             8
    0.41860465116279    0.13953488372093    0.00000000000000             8
    0.44186046511628    0.13953488372093    0.00000000000000             8
    0.46511627906977    0.13953488372093    0.00000000000000             8
    0.48837209302326    0.13953488372093    0.00000000000000             8
    0.16279069767442    0.16279069767442    0.00000000000000             4
    0.18604651162791    0.16279069767442    0.00000000000000             8
    0.20930232558140    0.16279069767442    0.00000000000000             8
    0.23255813953488    0.16279069767442    0.00000000000000             8
    0.25581395348837    0.16279069767442    0.00000000000000             8
    0.27906976744186    0.16279069767442    0.00000000000000             8
    0.30232558139535    0.16279069767442    0.00000000000000             8
    0.32558139534884    0.16279069767442    0.00000000000000             8
    0.34883720930233    0.16279069767442    0.00000000000000             8
    0.37209302325582    0.16279069767442    0.00000000000000             8
    0.39534883720931    0.16279069767442    0.00000000000000             8
    0.41860465116279    0.16279069767442    0.00000000000000             8
    0.44186046511628    0.16279069767442    0.00000000000000             8
    0.46511627906977    0.16279069767442    0.00000000000000             8
    0.48837209302326    0.16279069767442    0.00000000000000             8
    0.18604651162791    0.18604651162791    0.00000000000000             4
    0.20930232558140    0.18604651162791    0.00000000000000             8
    0.23255813953488    0.18604651162791    0.00000000000000             8
    0.25581395348837    0.18604651162791    0.00000000000000             8
    0.27906976744186    0.18604651162791    0.00000000000000             8
    0.30232558139535    0.18604651162791    0.00000000000000             8
    0.32558139534884    0.18604651162791    0.00000000000000             8
    0.34883720930233    0.18604651162791    0.00000000000000             8
    0.37209302325582    0.18604651162791    0.00000000000000             8
    0.39534883720931    0.18604651162791    0.00000000000000             8
    0.41860465116279    0.18604651162791    0.00000000000000             8
    0.44186046511628    0.18604651162791    0.00000000000000             8
    0.46511627906977    0.18604651162791    0.00000000000000             8
    0.48837209302326    0.18604651162791    0.00000000000000             8
    0.20930232558140    0.20930232558140    0.00000000000000             4
    0.23255813953488    0.20930232558140    0.00000000000000             8
    0.25581395348837    0.20930232558140    0.00000000000000             8
    0.27906976744186    0.20930232558140    0.00000000000000             8
    0.30232558139535    0.20930232558140    0.00000000000000             8
    0.32558139534884    0.20930232558140    0.00000000000000             8
    0.34883720930233    0.20930232558140    0.00000000000000             8
    0.37209302325582    0.20930232558140    0.00000000000000             8
    0.39534883720931    0.20930232558140    0.00000000000000             8
    0.41860465116279    0.20930232558140    0.00000000000000             8
    0.44186046511628    0.20930232558140    0.00000000000000             8
    0.46511627906977    0.20930232558140    0.00000000000000             8
    0.48837209302326    0.20930232558140    0.00000000000000             8
    0.23255813953488    0.23255813953488    0.00000000000000             4
    0.25581395348837    0.23255813953488    0.00000000000000             8
    0.27906976744186    0.23255813953488    0.00000000000000             8
    0.30232558139535    0.23255813953488    0.00000000000000             8
    0.32558139534884    0.23255813953488    0.00000000000000             8
    0.34883720930233    0.23255813953488    0.00000000000000             8
    0.37209302325582    0.23255813953488    0.00000000000000             8
    0.39534883720931    0.23255813953488    0.00000000000000             8
    0.41860465116279    0.23255813953488    0.00000000000000             8
    0.44186046511628    0.23255813953488    0.00000000000000             8
    0.46511627906977    0.23255813953488    0.00000000000000             8
    0.48837209302326    0.23255813953488    0.00000000000000             8
    0.25581395348837    0.25581395348837    0.00000000000000             4
    0.27906976744186    0.25581395348837    0.00000000000000             8
    0.30232558139535    0.25581395348837    0.00000000000000             8
    0.32558139534884    0.25581395348837    0.00000000000000             8
    0.34883720930233    0.25581395348837    0.00000000000000             8
    0.37209302325582    0.25581395348837    0.00000000000000             8
    0.39534883720931    0.25581395348837    0.00000000000000             8
    0.41860465116279    0.25581395348837    0.00000000000000             8
    0.44186046511628    0.25581395348837    0.00000000000000             8
    0.46511627906977    0.25581395348837    0.00000000000000             8
    0.48837209302326    0.25581395348837    0.00000000000000             8
    0.27906976744186    0.27906976744186    0.00000000000000             4
    0.30232558139535    0.27906976744186    0.00000000000000             8
    0.32558139534884    0.27906976744186    0.00000000000000             8
    0.34883720930233    0.27906976744186    0.00000000000000             8
    0.37209302325582    0.27906976744186    0.00000000000000             8
    0.39534883720931    0.27906976744186    0.00000000000000             8
    0.41860465116279    0.27906976744186    0.00000000000000             8
    0.44186046511628    0.27906976744186    0.00000000000000             8
    0.46511627906977    0.27906976744186    0.00000000000000             8
    0.48837209302326    0.27906976744186    0.00000000000000             8
    0.30232558139535    0.30232558139535    0.00000000000000             4
    0.32558139534884    0.30232558139535    0.00000000000000             8
    0.34883720930233    0.30232558139535    0.00000000000000             8
    0.37209302325582    0.30232558139535    0.00000000000000             8
    0.39534883720931    0.30232558139535    0.00000000000000             8
    0.41860465116279    0.30232558139535    0.00000000000000             8
    0.44186046511628    0.30232558139535    0.00000000000000             8
    0.46511627906977    0.30232558139535    0.00000000000000             8
    0.48837209302326    0.30232558139535    0.00000000000000             8
    0.32558139534884    0.32558139534884    0.00000000000000             4
    0.34883720930233    0.32558139534884    0.00000000000000             8
    0.37209302325582    0.32558139534884    0.00000000000000             8
    0.39534883720931    0.32558139534884    0.00000000000000             8
    0.41860465116279    0.32558139534884    0.00000000000000             8
    0.44186046511628    0.32558139534884    0.00000000000000             8
    0.46511627906977    0.32558139534884    0.00000000000000             8
    0.48837209302326    0.32558139534884    0.00000000000000             8
    0.34883720930233    0.34883720930233    0.00000000000000             4
    0.37209302325582    0.34883720930233    0.00000000000000             8
    0.39534883720931    0.34883720930233    0.00000000000000             8
    0.41860465116279    0.34883720930233    0.00000000000000             8
    0.44186046511628    0.34883720930233    0.00000000000000             8
    0.46511627906977    0.34883720930233    0.00000000000000             8
    0.48837209302326    0.34883720930233    0.00000000000000             8
    0.37209302325582    0.37209302325582    0.00000000000000             4
    0.39534883720931    0.37209302325582    0.00000000000000             8
    0.41860465116279    0.37209302325582    0.00000000000000             8
    0.44186046511628    0.37209302325582    0.00000000000000             8
    0.46511627906977    0.37209302325582    0.00000000000000             8
    0.48837209302326    0.37209302325582    0.00000000000000             8
    0.39534883720931    0.39534883720931    0.00000000000000             4
    0.41860465116279    0.39534883720931    0.00000000000000             8
    0.44186046511628    0.39534883720931    0.00000000000000             8
    0.46511627906977    0.39534883720931    0.00000000000000             8
    0.48837209302326    0.39534883720931    0.00000000000000             8
    0.41860465116279    0.41860465116279    0.00000000000000             4
    0.44186046511628    0.41860465116279    0.00000000000000             8
    0.46511627906977    0.41860465116279    0.00000000000000             8
    0.48837209302326    0.41860465116279    0.00000000000000             8
    0.44186046511628    0.44186046511628    0.00000000000000             4
    0.46511627906977    0.44186046511628    0.00000000000000             8
    0.48837209302326    0.44186046511628    0.00000000000000             8
    0.46511627906977    0.46511627906977    0.00000000000000             4
    0.48837209302326    0.46511627906977    0.00000000000000             8
    0.48837209302326    0.48837209302326    0.00000000000000             4
