Automatically generated mesh
     307
Reciprocal lattice
    0.00000000000000    0.00000000000000    0.00000000000000             1
    0.02941176470589    0.00000000000000    0.00000000000000             4
    0.05882352941177    0.00000000000000    0.00000000000000             4
    0.08823529411765    0.00000000000000    0.00000000000000             4
    0.11764705882353    0.00000000000000    0.00000000000000             4
    0.14705882352941    0.00000000000000    0.00000000000000             4
    0.17647058823530    0.00000000000000    0.00000000000000             4
    0.20588235294118    0.00000000000000    0.00000000000000             4
    0.23529411764706    0.00000000000000    0.00000000000000             4
    0.26470588235294    0.00000000000000    0.00000000000000             4
    0.29411764705883    0.00000000000000    0.00000000000000             4
    0.32352941176470    0.00000000000000    0.00000000000000             4
    0.35294117647059    0.00000000000000    0.00000000000000             4
    0.38235294117647    0.00000000000000    0.00000000000000             4
    0.41176470588236    0.00000000000000    0.00000000000000             4
    0.44117647058823    0.00000000000000    0.00000000000000             4
    0.47058823529412    0.00000000000000    0.00000000000000             4
    0.50000000000000    0.00000000000000    0.00000000000000             2
    0.00000000000000    0.02941176470589    0.00000000000000             2
    0.05882352941177    0.02941176470589    0.00000000000000             2
    0.08823529411765    0.02941176470589    0.00000000000000             4
    0.11764705882353    0.02941176470589    0.00000000000000             4
    0.14705882352941    0.02941176470589    0.00000000000000             4
    0.17647058823530    0.02941176470589    0.00000000000000             4
    0.20588235294118    0.02941176470589    0.00000000000000             4
    0.23529411764706    0.02941176470589    0.00000000000000             4
    0.26470588235294    0.02941176470589    0.00000000000000             4
    0.29411764705883    0.02941176470589    0.00000000000000             4
    0.32352941176470    0.02941176470589    0.00000000000000             4
    0.35294117647059    0.02941176470589    0.00000000000000             4
    0.38235294117647    0.02941176470589    0.00000000000000             4
    0.41176470588236    0.02941176470589    0.00000000000000             4
    0.44117647058823    0.02941176470589    0.00000000000000             4
    0.47058823529412    0.02941176470589    0.00000000000000             4
    0.50000000000000    0.02941176470589    0.00000000000000             4
   -0.47058823529411    0.02941176470589    0.00000000000000             4
   -0.44117647058823    0.02941176470589    0.00000000000000             4
   -0.41176470588235    0.02941176470589    0.00000000000000             4
   -0.38235294117647    0.02941176470589    0.00000000000000             4
   -0.35294117647059    0.02941176470589    0.00000000000000             4
   -0.32352941176470    0.02941176470589    0.00000000000000             4
   -0.29411764705882    0.02941176470589    0.00000000000000             4
   -0.26470588235294    0.02941176470589    0.00000000000000             4
   -0.23529411764706    0.02941176470589    0.00000000000000             4
   -0.20588235294117    0.02941176470589    0.00000000000000             4
   -0.17647058823530    0.02941176470589    0.00000000000000             4
   -0.14705882352941    0.02941176470589    0.00000000000000             4
   -0.11764705882353    0.02941176470589    0.00000000000000             4
   -0.08823529411764    0.02941176470589    0.00000000000000             4
   -0.05882352941177    0.02941176470589    0.00000000000000             4
   -0.02941176470588    0.02941176470589    0.00000000000000             4
    0.00000000000000    0.05882352941177    0.00000000000000             2
    0.11764705882353    0.05882352941177    0.00000000000000             2
    0.14705882352941    0.05882352941177    0.00000000000000             4
    0.17647058823530    0.05882352941177    0.00000000000000             4
    0.20588235294118    0.05882352941177    0.00000000000000             4
    0.23529411764706    0.05882352941177    0.00000000000000             4
    0.26470588235294    0.05882352941177    0.00000000000000             4
    0.29411764705883    0.05882352941177    0.00000000000000             4
    0.32352941176470    0.05882352941177    0.00000000000000             4
    0.35294117647059    0.05882352941177    0.00000000000000             4
    0.38235294117647    0.05882352941177    0.00000000000000             4
    0.41176470588236    0.05882352941177    0.00000000000000             4
    0.44117647058823    0.05882352941177    0.00000000000000             4
    0.47058823529412    0.05882352941177    0.00000000000000             4
    0.50000000000000    0.05882352941177    0.00000000000000             4
   -0.47058823529411    0.05882352941177    0.00000000000000             4
   -0.44117647058823    0.05882352941177    0.00000000000000             4
   -0.41176470588235    0.05882352941177    0.00000000000000             4
   -0.38235294117647    0.05882352941177    0.00000000000000             4
   -0.35294117647059    0.05882352941177    0.00000000000000             4
   -0.32352941176470    0.05882352941177    0.00000000000000             4
   -0.29411764705882    0.05882352941177    0.00000000000000             4
   -0.26470588235294    0.05882352941177    0.00000000000000             4
   -0.23529411764706    0.05882352941177    0.00000000000000             4
   -0.20588235294117    0.05882352941177    0.00000000000000             4
   -0.17647058823530    0.05882352941177    0.00000000000000             4
   -0.14705882352941    0.05882352941177    0.00000000000000             4
   -0.11764705882353    0.05882352941177    0.00000000000000             4
   -0.08823529411764    0.05882352941177    0.00000000000000             4
   -0.05882352941177    0.05882352941177    0.00000000000000             4
   -0.02941176470588    0.05882352941177    0.00000000000000             4
    0.00000000000000    0.08823529411765    0.00000000000000             2
    0.17647058823530    0.08823529411765    0.00000000000000             2
    0.20588235294118    0.08823529411765    0.00000000000000             4
    0.23529411764706    0.08823529411765    0.00000000000000             4
    0.26470588235294    0.08823529411765    0.00000000000000             4
    0.29411764705883    0.08823529411765    0.00000000000000             4
    0.32352941176470    0.08823529411765    0.00000000000000             4
    0.35294117647059    0.08823529411765    0.00000000000000             4
    0.38235294117647    0.08823529411765    0.00000000000000             4
    0.41176470588236    0.08823529411765    0.00000000000000             4
    0.44117647058823    0.08823529411765    0.00000000000000             4
    0.47058823529412    0.08823529411765    0.00000000000000             4
    0.50000000000000    0.08823529411765    0.00000000000000             4
   -0.47058823529411    0.08823529411765    0.00000000000000             4
   -0.44117647058823    0.08823529411765    0.00000000000000             4
   -0.41176470588235    0.08823529411765    0.00000000000000             4
   -0.38235294117647    0.08823529411765    0.00000000000000             4
   -0.35294117647059    0.08823529411765    0.00000000000000             4
   -0.32352941176470    0.08823529411765    0.00000000000000             4
   -0.29411764705882    0.08823529411765    0.00000000000000             4
   -0.26470588235294    0.08823529411765    0.00000000000000             4
   -0.23529411764706    0.08823529411765    0.00000000000000             4
   -0.20588235294117    0.08823529411765    0.00000000000000             4
   -0.17647058823530    0.08823529411765    0.00000000000000             4
   -0.14705882352941    0.08823529411765    0.00000000000000             4
   -0.11764705882353    0.08823529411765    0.00000000000000             4
   -0.08823529411764    0.08823529411765    0.00000000000000             4
   -0.05882352941177    0.08823529411765    0.00000000000000             4
   -0.02941176470588    0.08823529411765    0.00000000000000             4
    0.00000000000000    0.11764705882353    0.00000000000000             2
    0.23529411764706    0.11764705882353    0.00000000000000             2
    0.26470588235294    0.11764705882353    0.00000000000000             4
    0.29411764705883    0.11764705882353    0.00000000000000             4
    0.32352941176470    0.11764705882353    0.00000000000000             4
    0.35294117647059    0.11764705882353    0.00000000000000             4
    0.38235294117647    0.11764705882353    0.00000000000000             4
    0.41176470588236    0.11764705882353    0.00000000000000             4
    0.44117647058823    0.11764705882353    0.00000000000000             4
    0.47058823529412    0.11764705882353    0.00000000000000             4
    0.50000000000000    0.11764705882353    0.00000000000000             4
   -0.47058823529411    0.11764705882353    0.00000000000000             4
   -0.44117647058823    0.11764705882353    0.00000000000000             4
   -0.41176470588235    0.11764705882353    0.00000000000000             4
   -0.38235294117647    0.11764705882353    0.00000000000000             4
   -0.35294117647059    0.11764705882353    0.00000000000000             4
   -0.32352941176470    0.11764705882353    0.00000000000000             4
   -0.29411764705882    0.11764705882353    0.00000000000000             4
   -0.26470588235294    0.11764705882353    0.00000000000000             4
   -0.23529411764706    0.11764705882353    0.00000000000000             4
   -0.20588235294117    0.11764705882353    0.00000000000000             4
   -0.17647058823530    0.11764705882353    0.00000000000000             4
   -0.14705882352941    0.11764705882353    0.00000000000000             4
   -0.11764705882353    0.11764705882353    0.00000000000000             4
   -0.08823529411764    0.11764705882353    0.00000000000000             4
   -0.05882352941177    0.11764705882353    0.00000000000000             4
   -0.02941176470588    0.11764705882353    0.00000000000000             4
    0.00000000000000    0.14705882352941    0.00000000000000             2
    0.29411764705883    0.14705882352941    0.00000000000000             2
    0.32352941176470    0.14705882352941    0.00000000000000             4
    0.35294117647059    0.14705882352941    0.00000000000000             4
    0.38235294117647    0.14705882352941    0.00000000000000             4
    0.41176470588236    0.14705882352941    0.00000000000000             4
    0.44117647058823    0.14705882352941    0.00000000000000             4
    0.47058823529412    0.14705882352941    0.00000000000000             4
    0.50000000000000    0.14705882352941    0.00000000000000             4
   -0.47058823529411    0.14705882352941    0.00000000000000             4
   -0.44117647058823    0.14705882352941    0.00000000000000             4
   -0.41176470588235    0.14705882352941    0.00000000000000             4
   -0.38235294117647    0.14705882352941    0.00000000000000             4
   -0.35294117647059    0.14705882352941    0.00000000000000             4
   -0.32352941176470    0.14705882352941    0.00000000000000             4
   -0.29411764705882    0.14705882352941    0.00000000000000             4
   -0.26470588235294    0.14705882352941    0.00000000000000             4
   -0.23529411764706    0.14705882352941    0.00000000000000             4
   -0.20588235294117    0.14705882352941    0.00000000000000             4
   -0.17647058823530    0.14705882352941    0.00000000000000             4
   -0.14705882352941    0.14705882352941    0.00000000000000             4
   -0.11764705882353    0.14705882352941    0.00000000000000             4
   -0.08823529411764    0.14705882352941    0.00000000000000             4
   -0.05882352941177    0.14705882352941    0.00000000000000             4
   -0.02941176470588    0.14705882352941    0.00000000000000             4
    0.00000000000000    0.17647058823530    0.00000000000000             2
    0.35294117647059    0.17647058823530    0.00000000000000             2
    0.38235294117647    0.17647058823530    0.00000000000000             4
    0.41176470588236    0.17647058823530    0.00000000000000             4
    0.44117647058823    0.17647058823530    0.00000000000000             4
    0.47058823529412    0.17647058823530    0.00000000000000             4
    0.50000000000000    0.17647058823530    0.00000000000000             4
   -0.47058823529411    0.17647058823530    0.00000000000000             4
   -0.44117647058823    0.17647058823530    0.00000000000000             4
   -0.41176470588235    0.17647058823530    0.00000000000000             4
   -0.38235294117647    0.17647058823530    0.00000000000000             4
   -0.35294117647059    0.17647058823530    0.00000000000000             4
   -0.32352941176470    0.17647058823530    0.00000000000000             4
   -0.29411764705882    0.17647058823530    0.00000000000000             4
   -0.26470588235294    0.17647058823530    0.00000000000000             4
   -0.23529411764706    0.17647058823530    0.00000000000000             4
   -0.20588235294117    0.17647058823530    0.00000000000000             4
   -0.17647058823530    0.17647058823530    0.00000000000000             4
   -0.14705882352941    0.17647058823530    0.00000000000000             4
   -0.11764705882353    0.17647058823530    0.00000000000000             4
   -0.08823529411764    0.17647058823530    0.00000000000000             4
   -0.05882352941177    0.17647058823530    0.00000000000000             4
   -0.02941176470588    0.17647058823530    0.00000000000000             4
    0.00000000000000    0.20588235294118    0.00000000000000             2
    0.41176470588236    0.20588235294118    0.00000000000000             2
    0.44117647058823    0.20588235294118    0.00000000000000             4
    0.47058823529412    0.20588235294118    0.00000000000000             4
    0.50000000000000    0.20588235294118    0.00000000000000             4
   -0.47058823529411    0.20588235294118    0.00000000000000             4
   -0.44117647058823    0.20588235294118    0.00000000000000             4
   -0.41176470588235    0.20588235294118    0.00000000000000             4
   -0.38235294117647    0.20588235294118    0.00000000000000             4
   -0.35294117647059    0.20588235294118    0.00000000000000             4
   -0.32352941176470    0.20588235294118    0.00000000000000             4
   -0.29411764705882    0.20588235294118    0.00000000000000             4
   -0.26470588235294    0.20588235294118    0.00000000000000             4
   -0.23529411764706    0.20588235294118    0.00000000000000             4
   -0.20588235294117    0.20588235294118    0.00000000000000             4
   -0.17647058823530    0.20588235294118    0.00000000000000             4
   -0.14705882352941    0.20588235294118    0.00000000000000             4
   -0.11764705882353    0.20588235294118    0.00000000000000             4
   -0.08823529411764    0.20588235294118    0.00000000000000             4
   -0.05882352941177    0.20588235294118    0.00000000000000             4
   -0.02941176470588    0.20588235294118    0.00000000000000             4
    0.00000000000000    0.23529411764706    0.00000000000000             2
    0.47058823529412    0.23529411764706    0.00000000000000             2
    0.50000000000000    0.23529411764706    0.00000000000000             4
   -0.47058823529411    0.23529411764706    0.00000000000000             4
   -0.44117647058823    0.23529411764706    0.00000000000000             4
   -0.41176470588235    0.23529411764706    0.00000000000000             4
   -0.38235294117647    0.23529411764706    0.00000000000000             4
   -0.35294117647059    0.23529411764706    0.00000000000000             4
   -0.32352941176470    0.23529411764706    0.00000000000000             4
   -0.29411764705882    0.23529411764706    0.00000000000000             4
   -0.26470588235294    0.23529411764706    0.00000000000000             4
   -0.23529411764706    0.23529411764706    0.00000000000000             4
   -0.20588235294117    0.23529411764706    0.00000000000000             4
   -0.17647058823530    0.23529411764706    0.00000000000000             4
   -0.14705882352941    0.23529411764706    0.00000000000000             4
   -0.11764705882353    0.23529411764706    0.00000000000000             4
   -0.08823529411764    0.23529411764706    0.00000000000000             4
   -0.05882352941177    0.23529411764706    0.00000000000000             4
   -0.02941176470588    0.23529411764706    0.00000000000000             4
    0.00000000000000    0.26470588235294    0.00000000000000             2
   -0.47058823529411    0.26470588235294    0.00000000000000             2
   -0.44117647058823    0.26470588235294    0.00000000000000             4
   -0.41176470588235    0.26470588235294    0.00000000000000             4
   -0.38235294117647    0.26470588235294    0.00000000000000             4
   -0.35294117647059    0.26470588235294    0.00000000000000             4
   -0.32352941176470    0.26470588235294    0.00000000000000             4
   -0.29411764705882    0.26470588235294    0.00000000000000             4
   -0.26470588235294    0.26470588235294    0.00000000000000             4
   -0.23529411764706    0.26470588235294    0.00000000000000             4
   -0.20588235294117    0.26470588235294    0.00000000000000             4
   -0.17647058823530    0.26470588235294    0.00000000000000             4
   -0.14705882352941    0.26470588235294    0.00000000000000             4
   -0.11764705882353    0.26470588235294    0.00000000000000             4
   -0.08823529411764    0.26470588235294    0.00000000000000             4
   -0.05882352941177    0.26470588235294    0.00000000000000             4
   -0.02941176470588    0.26470588235294    0.00000000000000             4
    0.00000000000000    0.29411764705883    0.00000000000000             2
   -0.41176470588235    0.29411764705883    0.00000000000000             2
   -0.38235294117647    0.29411764705883    0.00000000000000             4
   -0.35294117647059    0.29411764705883    0.00000000000000             4
   -0.32352941176470    0.29411764705883    0.00000000000000             4
   -0.29411764705882    0.29411764705883    0.00000000000000             4
   -0.26470588235294    0.29411764705883    0.00000000000000             4
   -0.23529411764706    0.29411764705883    0.00000000000000             4
   -0.20588235294117    0.29411764705883    0.00000000000000             4
   -0.17647058823530    0.29411764705883    0.00000000000000             4
   -0.14705882352941    0.29411764705883    0.00000000000000             4
   -0.11764705882353    0.29411764705883    0.00000000000000             4
   -0.08823529411764    0.29411764705883    0.00000000000000             4
   -0.05882352941177    0.29411764705883    0.00000000000000             4
   -0.02941176470588    0.29411764705883    0.00000000000000             4
    0.00000000000000    0.32352941176470    0.00000000000000             2
   -0.35294117647059    0.32352941176470    0.00000000000000             2
   -0.32352941176470    0.32352941176470    0.00000000000000             4
   -0.29411764705882    0.32352941176470    0.00000000000000             4
   -0.26470588235294    0.32352941176470    0.00000000000000             4
   -0.23529411764706    0.32352941176470    0.00000000000000             4
   -0.20588235294117    0.32352941176470    0.00000000000000             4
   -0.17647058823530    0.32352941176470    0.00000000000000             4
   -0.14705882352941    0.32352941176470    0.00000000000000             4
   -0.11764705882353    0.32352941176470    0.00000000000000             4
   -0.08823529411764    0.32352941176470    0.00000000000000             4
   -0.05882352941177    0.32352941176470    0.00000000000000             4
   -0.02941176470588    0.32352941176470    0.00000000000000             4
    0.00000000000000    0.35294117647059    0.00000000000000             2
   -0.29411764705882    0.35294117647059    0.00000000000000             2
   -0.26470588235294    0.35294117647059    0.00000000000000             4
   -0.23529411764706    0.35294117647059    0.00000000000000             4
   -0.20588235294117    0.35294117647059    0.00000000000000             4
   -0.17647058823530    0.35294117647059    0.00000000000000             4
   -0.14705882352941    0.35294117647059    0.00000000000000             4
   -0.11764705882353    0.35294117647059    0.00000000000000             4
   -0.08823529411764    0.35294117647059    0.00000000000000             4
   -0.05882352941177    0.35294117647059    0.00000000000000             4
   -0.02941176470588    0.35294117647059    0.00000000000000             4
    0.00000000000000    0.38235294117647    0.00000000000000             2
   -0.23529411764706    0.38235294117647    0.00000000000000             2
   -0.20588235294117    0.38235294117647    0.00000000000000             4
   -0.17647058823530    0.38235294117647    0.00000000000000             4
   -0.14705882352941    0.38235294117647    0.00000000000000             4
   -0.11764705882353    0.38235294117647    0.00000000000000             4
   -0.08823529411764    0.38235294117647    0.00000000000000             4
   -0.05882352941177    0.38235294117647    0.00000000000000             4
   -0.02941176470588    0.38235294117647    0.00000000000000             4
    0.00000000000000    0.41176470588236    0.00000000000000             2
   -0.17647058823530    0.41176470588236    0.00000000000000             2
   -0.14705882352941    0.41176470588236    0.00000000000000             4
   -0.11764705882353    0.41176470588236    0.00000000000000             4
   -0.08823529411764    0.41176470588236    0.00000000000000             4
   -0.05882352941177    0.41176470588236    0.00000000000000             4
   -0.02941176470588    0.41176470588236    0.00000000000000             4
    0.00000000000000    0.44117647058823    0.00000000000000             2
   -0.11764705882353    0.44117647058823    0.00000000000000             2
   -0.08823529411764    0.44117647058823    0.00000000000000             4
   -0.05882352941177    0.44117647058823    0.00000000000000             4
   -0.02941176470588    0.44117647058823    0.00000000000000             4
    0.00000000000000    0.47058823529412    0.00000000000000             2
   -0.05882352941177    0.47058823529412    0.00000000000000             2
   -0.02941176470588    0.47058823529412    0.00000000000000             4
    0.00000000000000    0.50000000000000    0.00000000000000             1
