Automatically generated mesh
     133
Reciprocal lattice
    0.00000000000000    0.00000000000000    0.00000000000000             1
    0.04545454545455    0.00000000000000    0.00000000000000             4
    0.09090909090909    0.00000000000000    0.00000000000000             4
    0.13636363636363    0.00000000000000    0.00000000000000             4
    0.18181818181818    0.00000000000000    0.00000000000000             4
    0.22727272727273    0.00000000000000    0.00000000000000             4
    0.27272727272727    0.00000000000000    0.00000000000000             4
    0.31818181818182    0.00000000000000    0.00000000000000             4
    0.36363636363637    0.00000000000000    0.00000000000000             4
    0.40909090909091    0.00000000000000    0.00000000000000             4
    0.45454545454545    0.00000000000000    0.00000000000000             4
    0.50000000000000    0.00000000000000    0.00000000000000             2
    0.00000000000000    0.04545454545455    0.00000000000000             2
    0.09090909090909    0.04545454545455    0.00000000000000             2
    0.13636363636363    0.04545454545455    0.00000000000000             4
    0.18181818181818    0.04545454545455    0.00000000000000             4
    0.22727272727273    0.04545454545455    0.00000000000000             4
    0.27272727272727    0.04545454545455    0.00000000000000             4
    0.31818181818182    0.04545454545455    0.00000000000000             4
    0.36363636363637    0.04545454545455    0.00000000000000             4
    0.40909090909091    0.04545454545455    0.00000000000000             4
    0.45454545454545    0.04545454545455    0.00000000000000             4
    0.50000000000000    0.04545454545455    0.00000000000000             4
   -0.45454545454545    0.04545454545455    0.00000000000000             4
   -0.40909090909091    0.04545454545455    0.00000000000000             4
   -0.36363636363637    0.04545454545455    0.00000000000000             4
   -0.31818181818182    0.04545454545455    0.00000000000000             4
   -0.27272727272727    0.04545454545455    0.00000000000000             4
   -0.22727272727273    0.04545454545455    0.00000000000000             4
   -0.18181818181818    0.04545454545455    0.00000000000000             4
   -0.13636363636363    0.04545454545455    0.00000000000000             4
   -0.09090909090909    0.04545454545455    0.00000000000000             4
   -0.04545454545455    0.04545454545455    0.00000000000000             4
    0.00000000000000    0.09090909090909    0.00000000000000             2
    0.18181818181818    0.09090909090909    0.00000000000000             2
    0.22727272727273    0.09090909090909    0.00000000000000             4
    0.27272727272727    0.09090909090909    0.00000000000000             4
    0.31818181818182    0.09090909090909    0.00000000000000             4
    0.36363636363637    0.09090909090909    0.00000000000000             4
    0.40909090909091    0.09090909090909    0.00000000000000             4
    0.45454545454545    0.09090909090909    0.00000000000000             4
    0.50000000000000    0.09090909090909    0.00000000000000             4
   -0.45454545454545    0.09090909090909    0.00000000000000             4
   -0.40909090909091    0.09090909090909    0.00000000000000             4
   -0.36363636363637    0.09090909090909    0.00000000000000             4
   -0.31818181818182    0.09090909090909    0.00000000000000             4
   -0.27272727272727    0.09090909090909    0.00000000000000             4
   -0.22727272727273    0.09090909090909    0.00000000000000             4
   -0.18181818181818    0.09090909090909    0.00000000000000             4
   -0.13636363636363    0.09090909090909    0.00000000000000             4
   -0.09090909090909    0.09090909090909    0.00000000000000             4
   -0.04545454545455    0.09090909090909    0.00000000000000             4
    0.00000000000000    0.13636363636363    0.00000000000000             2
    0.27272727272727    0.13636363636363    0.00000000000000             2
    0.31818181818182    0.13636363636363    0.00000000000000             4
    0.36363636363637    0.13636363636363    0.00000000000000             4
    0.40909090909091    0.13636363636363    0.00000000000000             4
    0.45454545454545    0.13636363636363    0.00000000000000             4
    0.50000000000000    0.13636363636363    0.00000000000000             4
   -0.45454545454545    0.13636363636363    0.00000000000000             4
   -0.40909090909091    0.13636363636363    0.00000000000000             4
   -0.36363636363637    0.13636363636363    0.00000000000000             4
   -0.31818181818182    0.13636363636363    0.00000000000000             4
   -0.27272727272727    0.13636363636363    0.00000000000000             4
   -0.22727272727273    0.13636363636363    0.00000000000000             4
   -0.18181818181818    0.13636363636363    0.00000000000000             4
   -0.13636363636363    0.13636363636363    0.00000000000000             4
   -0.09090909090909    0.13636363636363    0.00000000000000             4
   -0.04545454545455    0.13636363636363    0.00000000000000             4
    0.00000000000000    0.18181818181818    0.00000000000000             2
    0.36363636363637    0.18181818181818    0.00000000000000             2
    0.40909090909091    0.18181818181818    0.00000000000000             4
    0.45454545454545    0.18181818181818    0.00000000000000             4
    0.50000000000000    0.18181818181818    0.00000000000000             4
   -0.45454545454545    0.18181818181818    0.00000000000000             4
   -0.40909090909091    0.18181818181818    0.00000000000000             4
   -0.36363636363637    0.18181818181818    0.00000000000000             4
   -0.31818181818182    0.18181818181818    0.00000000000000             4
   -0.27272727272727    0.18181818181818    0.00000000000000             4
   -0.22727272727273    0.18181818181818    0.00000000000000             4
   -0.18181818181818    0.18181818181818    0.00000000000000             4
   -0.13636363636363    0.18181818181818    0.00000000000000             4
   -0.09090909090909    0.18181818181818    0.00000000000000             4
   -0.04545454545455    0.18181818181818    0.00000000000000             4
    0.00000000000000    0.22727272727273    0.00000000000000             2
    0.45454545454545    0.22727272727273    0.00000000000000             2
    0.50000000000000    0.22727272727273    0.00000000000000             4
   -0.45454545454545    0.22727272727273    0.00000000000000             4
   -0.40909090909091    0.22727272727273    0.00000000000000             4
   -0.36363636363637    0.22727272727273    0.00000000000000             4
   -0.31818181818182    0.22727272727273    0.00000000000000             4
   -0.27272727272727    0.22727272727273    0.00000000000000             4
   -0.22727272727273    0.22727272727273    0.00000000000000             4
   -0.18181818181818    0.22727272727273    0.00000000000000             4
   -0.13636363636363    0.22727272727273    0.00000000000000             4
   -0.09090909090909    0.22727272727273    0.00000000000000             4
   -0.04545454545455    0.22727272727273    0.00000000000000             4
    0.00000000000000    0.27272727272727    0.00000000000000             2
   -0.45454545454545    0.27272727272727    0.00000000000000             2
   -0.40909090909091    0.27272727272727    0.00000000000000             4
   -0.36363636363637    0.27272727272727    0.00000000000000             4
   -0.31818181818182    0.27272727272727    0.00000000000000             4
   -0.27272727272727    0.27272727272727    0.00000000000000             4
   -0.22727272727273    0.27272727272727    0.00000000000000             4
   -0.18181818181818    0.27272727272727    0.00000000000000             4
   -0.13636363636363    0.27272727272727    0.00000000000000             4
   -0.09090909090909    0.27272727272727    0.00000000000000             4
   -0.04545454545455    0.27272727272727    0.00000000000000             4
    0.00000000000000    0.31818181818182    0.00000000000000             2
   -0.36363636363637    0.31818181818182    0.00000000000000             2
   -0.31818181818182    0.31818181818182    0.00000000000000             4
   -0.27272727272727    0.31818181818182    0.00000000000000             4
   -0.22727272727273    0.31818181818182    0.00000000000000             4
   -0.18181818181818    0.31818181818182    0.00000000000000             4
   -0.13636363636363    0.31818181818182    0.00000000000000             4
   -0.09090909090909    0.31818181818182    0.00000000000000             4
   -0.04545454545455    0.31818181818182    0.00000000000000             4
    0.00000000000000    0.36363636363637    0.00000000000000             2
   -0.27272727272727    0.36363636363637    0.00000000000000             2
   -0.22727272727273    0.36363636363637    0.00000000000000             4
   -0.18181818181818    0.36363636363637    0.00000000000000             4
   -0.13636363636363    0.36363636363637    0.00000000000000             4
   -0.09090909090909    0.36363636363637    0.00000000000000             4
   -0.04545454545455    0.36363636363637    0.00000000000000             4
    0.00000000000000    0.40909090909091    0.00000000000000             2
   -0.18181818181818    0.40909090909091    0.00000000000000             2
   -0.13636363636363    0.40909090909091    0.00000000000000             4
   -0.09090909090909    0.40909090909091    0.00000000000000             4
   -0.04545454545455    0.40909090909091    0.00000000000000             4
    0.00000000000000    0.45454545454545    0.00000000000000             2
   -0.09090909090909    0.45454545454545    0.00000000000000             2
   -0.04545454545455    0.45454545454545    0.00000000000000             4
    0.00000000000000    0.50000000000000    0.00000000000000             1
