Automatically generated mesh
      91
Reciprocal lattice
    0.00000000000000    0.00000000000000    0.00000000000000             1
    0.03333333333333    0.00000000000000    0.00000000000000             6
    0.06666666666667    0.00000000000000    0.00000000000000             6
    0.10000000000000    0.00000000000000    0.00000000000000             6
    0.13333333333333    0.00000000000000    0.00000000000000             6
    0.16666666666667    0.00000000000000    0.00000000000000             6
    0.20000000000000    0.00000000000000    0.00000000000000             6
    0.23333333333334    0.00000000000000    0.00000000000000             6
    0.26666666666667    0.00000000000000    0.00000000000000             6
    0.30000000000000    0.00000000000000    0.00000000000000             6
    0.33333333333334    0.00000000000000    0.00000000000000             6
    0.36666666666667    0.00000000000000    0.00000000000000             6
    0.40000000000000    0.00000000000000    0.00000000000000             6
    0.43333333333333    0.00000000000000    0.00000000000000             6
    0.46666666666667    0.00000000000000    0.00000000000000             6
    0.50000000000000    0.00000000000000    0.00000000000000             3
    0.03333333333333    0.03333333333333    0.00000000000000             6
    0.06666666666667    0.03333333333333    0.00000000000000            12
    0.10000000000000    0.03333333333333    0.00000000000000            12
    0.13333333333333    0.03333333333333    0.00000000000000            12
    0.16666666666667    0.03333333333333    0.00000000000000            12
    0.20000000000000    0.03333333333333    0.00000000000000            12
    0.23333333333334    0.03333333333333    0.00000000000000            12
    0.26666666666667    0.03333333333333    0.00000000000000            12
    0.30000000000000    0.03333333333333    0.00000000000000            12
    0.33333333333334    0.03333333333333    0.00000000000000            12
    0.36666666666667    0.03333333333333    0.00000000000000            12
    0.40000000000000    0.03333333333333    0.00000000000000            12
    0.43333333333333    0.03333333333333    0.00000000000000            12
    0.46666666666667    0.03333333333333    0.00000000000000            12
    0.06666666666667    0.06666666666667    0.00000000000000             6
    0.10000000000000    0.06666666666667    0.00000000000000            12
    0.13333333333333    0.06666666666667    0.00000000000000            12
    0.16666666666667    0.06666666666667    0.00000000000000            12
    0.20000000000000    0.06666666666667    0.00000000000000            12
    0.23333333333334    0.06666666666667    0.00000000000000            12
    0.26666666666667    0.06666666666667    0.00000000000000            12
    0.30000000000000    0.06666666666667    0.00000000000000            12
    0.33333333333334    0.06666666666667    0.00000000000000            12
    0.36666666666667    0.06666666666667    0.00000000000000            12
    0.40000000000000    0.06666666666667    0.00000000000000            12
    0.43333333333333    0.06666666666667    0.00000000000000            12
    0.46666666666667    0.06666666666667    0.00000000000000             6
    0.10000000000000    0.10000000000000    0.00000000000000             6
    0.13333333333333    0.10000000000000    0.00000000000000            12
    0.16666666666667    0.10000000000000    0.00000000000000            12
    0.20000000000000    0.10000000000000    0.00000000000000            12
    0.23333333333334    0.10000000000000    0.00000000000000            12
    0.26666666666667    0.10000000000000    0.00000000000000            12
    0.30000000000000    0.10000000000000    0.00000000000000            12
    0.33333333333334    0.10000000000000    0.00000000000000            12
    0.36666666666667    0.10000000000000    0.00000000000000            12
    0.40000000000000    0.10000000000000    0.00000000000000            12
    0.43333333333333    0.10000000000000    0.00000000000000            12
    0.13333333333333    0.13333333333333    0.00000000000000             6
    0.16666666666667    0.13333333333333    0.00000000000000            12
    0.20000000000000    0.13333333333333    0.00000000000000            12
    0.23333333333334    0.13333333333333    0.00000000000000            12
    0.26666666666667    0.13333333333333    0.00000000000000            12
    0.30000000000000    0.13333333333333    0.00000000000000            12
    0.33333333333334    0.13333333333333    0.00000000000000            12
    0.36666666666667    0.13333333333333    0.00000000000000            12
    0.40000000000000    0.13333333333333    0.00000000000000            12
    0.43333333333333    0.13333333333333    0.00000000000000             6
    0.16666666666667    0.16666666666667    0.00000000000000             6
    0.20000000000000    0.16666666666667    0.00000000000000            12
    0.23333333333334    0.16666666666667    0.00000000000000            12
    0.26666666666667    0.16666666666667    0.00000000000000            12
    0.30000000000000    0.16666666666667    0.00000000000000            12
    0.33333333333334    0.16666666666667    0.00000000000000            12
    0.36666666666667    0.16666666666667    0.00000000000000            12
    0.40000000000000    0.16666666666667    0.00000000000000            12
    0.20000000000000    0.20000000000000    0.00000000000000             6
    0.23333333333334    0.20000000000000    0.00000000000000            12
    0.26666666666667    0.20000000000000    0.00000000000000            12
    0.30000000000000    0.20000000000000    0.00000000000000            12
    0.33333333333334    0.20000000000000    0.00000000000000            12
    0.36666666666667    0.20000000000000    0.00000000000000            12
    0.40000000000000    0.20000000000000    0.00000000000000             6
    0.23333333333334    0.23333333333334    0.00000000000000             6
    0.26666666666667    0.23333333333334    0.00000000000000            12
    0.30000000000000    0.23333333333334    0.00000000000000            12
    0.33333333333334    0.23333333333334    0.00000000000000            12
    0.36666666666667    0.23333333333334    0.00000000000000            12
    0.26666666666667    0.26666666666667    0.00000000000000             6
    0.30000000000000    0.26666666666667    0.00000000000000            12
    0.33333333333334    0.26666666666667    0.00000000000000            12
    0.36666666666667    0.26666666666667    0.00000000000000             6
    0.30000000000000    0.30000000000000    0.00000000000000             6
    0.33333333333334    0.30000000000000    0.00000000000000            12
    0.33333333333334    0.33333333333334    0.00000000000000             2
