    1   32    2
  9.013
    1    1  0.0150  0.0000  0.0000
 -0.128754013731   0.000000000000   0.000000158902
  0.000953625793   0.000005908667  -0.000023991872
 -0.009846603934   0.000000000000  -0.000042869604
  0.000953625793  -0.000005908667  -0.000023991872
  0.076876317810   0.000000000000  -0.006612796653
 -0.001626944132  -0.009169830741   0.005211607705
 -0.012422805206   0.000000000000   0.005987706288
 -0.001626944132   0.009169830741   0.005211607705
 -0.006732165871   0.000000000000   0.000041725014
 -0.010325031015   0.000002841557   0.000026429873
 -0.013361530181   0.000000000000   0.000011813137
 -0.010325031015  -0.000002841557   0.000026429873
  0.076895983495   0.000000000000   0.006655967609
 -0.001599363841   0.009189531229  -0.005212319074
 -0.012388123501   0.000000000000  -0.006025503496
 -0.001599363841  -0.009189531229  -0.005212319074
  0.012873047514   0.005022683861  -0.011475836674
 -0.011814448011   0.000282013469  -0.002085688853
 -0.011814448011  -0.000282013469  -0.002085688853
  0.012873047514  -0.005022683861  -0.011475836674
  0.017855658045   0.000255678679  -0.000011244353
 -0.005213357756   0.000952159432  -0.001469121885
 -0.005213357756  -0.000952159432  -0.001469121885
  0.017855658045  -0.000255678679  -0.000011244353
  0.017870131111  -0.000253496564  -0.000050754830
 -0.005191053182  -0.000948789198   0.001459261480
 -0.005191053182   0.000948789198   0.001459261480
  0.017870131111   0.000253496564  -0.000050754830
  0.012890396650  -0.005011173605   0.011475276294
 -0.011806190617  -0.000272103267   0.002148281590
 -0.011806190617   0.000272103267   0.002148281590
  0.012890396650   0.005011173605   0.011475276294
    1    2  0.0000  0.0000  0.0150
 -0.000000000000  -0.000000000000  -0.062688544094
 -0.000000000000   0.006660668114   0.005203072903
 -0.000000000000  -0.000000000000  -0.004348210319
 -0.000000000000  -0.006660668114   0.005203072903
  0.006660668114  -0.000000000000   0.005203072903
 -0.005314549529  -0.005314549529   0.001612958888
 -0.006035320275  -0.000000000000  -0.005399855539
 -0.005314549529   0.005314549529   0.001612958888
 -0.000000000000  -0.000000000000  -0.004348210319
 -0.000000000000  -0.006035320275  -0.005399855539
 -0.000000000000  -0.000000000000  -0.005925183372
 -0.000000000000   0.006035320275  -0.005399855539
 -0.006660668114  -0.000000000000   0.005203072903
  0.005314549529  -0.005314549529   0.001612958888
  0.006035320275  -0.000000000000  -0.005399855539
  0.005314549529   0.005314549529   0.001612958888
 -0.011460356759  -0.011460356759   0.004259192394
 -0.002130500794  -0.000025606886   0.005138760289
 -0.002130500794   0.000025606886   0.005138760289
 -0.011460356759   0.011460356759   0.004259192394
 -0.000025606886  -0.002130500794   0.005138760289
 -0.001469699918  -0.001469699918   0.003374647802
 -0.001469699918   0.001469699918   0.003374647802
 -0.000025606886   0.002130500794   0.005138760289
  0.000025606886  -0.002130500794   0.005138760289
  0.001469699918  -0.001469699918   0.003374647802
  0.001469699918   0.001469699918   0.003374647802
  0.000025606886   0.002130500794   0.005138760289
  0.011460356759  -0.011460356759   0.004259192394
  0.002130500794  -0.000025606886   0.005138760289
  0.002130500794   0.000025606886   0.005138760289
  0.011460356759   0.011460356759   0.004259192394
