 4  
 1  
 2
 1  0  0    0  1  0    0  0  1       0.000000   0.000000   0.000000        1.000000    0.000000      0.000000    0.000000      0.000000    0.000000      1.000000    0.000000
-1  0  0    0 -1  0    0  0 -1       0.000000   0.000000   0.200000        1.000000    0.000000      0.000000    0.000000      0.000000    0.000000      1.000000    0.000000
  4  
  0.000000     0.000000     0.000000
  0.500000     0.000000     0.000000
  0.000000     0.500000     0.000000
  0.500000     0.500000     0.000000
2 
 1  2 
        1         2   -13.1047   2.000021    -0.000000     2.000021    -0.000000 
        3         2    -8.7865   2.000017    -0.000000    -2.000017     0.000000 
2 
 1  2 
        1         2    -6.4780   2.000017    -0.000000     2.000017    -0.000000 
        3         2    -4.9825   2.000016    -0.000000    -2.000016     0.000000 
2 
 1  2 
        1         2    -6.5693   2.000016     0.000000     2.000013    -0.000000 
        3         2    -5.5515   2.000018     0.000000    -2.000016     0.000000 
2 
 1  2 
        1         2    -6.5046   2.000014     0.000000     2.000014     0.000000 
        3         2    -5.1915   2.000012    -0.000000    -2.000012     0.000000 
