Automatically generated mesh
     553
Reciprocal lattice
    0.00000000000000    0.00000000000000    0.00000000000000             1
    0.02173913043478    0.00000000000000    0.00000000000000             4
    0.04347826086956    0.00000000000000    0.00000000000000             4
    0.06521739130435    0.00000000000000    0.00000000000000             4
    0.08695652173913    0.00000000000000    0.00000000000000             4
    0.10869565217392    0.00000000000000    0.00000000000000             4
    0.13043478260870    0.00000000000000    0.00000000000000             4
    0.15217391304348    0.00000000000000    0.00000000000000             4
    0.17391304347826    0.00000000000000    0.00000000000000             4
    0.19565217391305    0.00000000000000    0.00000000000000             4
    0.21739130434783    0.00000000000000    0.00000000000000             4
    0.23913043478261    0.00000000000000    0.00000000000000             4
    0.26086956521739    0.00000000000000    0.00000000000000             4
    0.28260869565217    0.00000000000000    0.00000000000000             4
    0.30434782608695    0.00000000000000    0.00000000000000             4
    0.32608695652174    0.00000000000000    0.00000000000000             4
    0.34782608695652    0.00000000000000    0.00000000000000             4
    0.36956521739131    0.00000000000000    0.00000000000000             4
    0.39130434782609    0.00000000000000    0.00000000000000             4
    0.41304347826087    0.00000000000000    0.00000000000000             4
    0.43478260869565    0.00000000000000    0.00000000000000             4
    0.45652173913044    0.00000000000000    0.00000000000000             4
    0.47826086956522    0.00000000000000    0.00000000000000             4
    0.50000000000000    0.00000000000000    0.00000000000000             2
    0.00000000000000    0.02173913043478    0.00000000000000             2
    0.04347826086956    0.02173913043478    0.00000000000000             2
    0.06521739130435    0.02173913043478    0.00000000000000             4
    0.08695652173913    0.02173913043478    0.00000000000000             4
    0.10869565217392    0.02173913043478    0.00000000000000             4
    0.13043478260870    0.02173913043478    0.00000000000000             4
    0.15217391304348    0.02173913043478    0.00000000000000             4
    0.17391304347826    0.02173913043478    0.00000000000000             4
    0.19565217391305    0.02173913043478    0.00000000000000             4
    0.21739130434783    0.02173913043478    0.00000000000000             4
    0.23913043478261    0.02173913043478    0.00000000000000             4
    0.26086956521739    0.02173913043478    0.00000000000000             4
    0.28260869565217    0.02173913043478    0.00000000000000             4
    0.30434782608695    0.02173913043478    0.00000000000000             4
    0.32608695652174    0.02173913043478    0.00000000000000             4
    0.34782608695652    0.02173913043478    0.00000000000000             4
    0.36956521739131    0.02173913043478    0.00000000000000             4
    0.39130434782609    0.02173913043478    0.00000000000000             4
    0.41304347826087    0.02173913043478    0.00000000000000             4
    0.43478260869565    0.02173913043478    0.00000000000000             4
    0.45652173913044    0.02173913043478    0.00000000000000             4
    0.47826086956522    0.02173913043478    0.00000000000000             4
    0.50000000000000    0.02173913043478    0.00000000000000             4
   -0.47826086956522    0.02173913043478    0.00000000000000             4
   -0.45652173913044    0.02173913043478    0.00000000000000             4
   -0.43478260869565    0.02173913043478    0.00000000000000             4
   -0.41304347826087    0.02173913043478    0.00000000000000             4
   -0.39130434782608    0.02173913043478    0.00000000000000             4
   -0.36956521739130    0.02173913043478    0.00000000000000             4
   -0.34782608695652    0.02173913043478    0.00000000000000             4
   -0.32608695652174    0.02173913043478    0.00000000000000             4
   -0.30434782608695    0.02173913043478    0.00000000000000             4
   -0.28260869565217    0.02173913043478    0.00000000000000             4
   -0.26086956521739    0.02173913043478    0.00000000000000             4
   -0.23913043478261    0.02173913043478    0.00000000000000             4
   -0.21739130434783    0.02173913043478    0.00000000000000             4
   -0.19565217391305    0.02173913043478    0.00000000000000             4
   -0.17391304347826    0.02173913043478    0.00000000000000             4
   -0.15217391304348    0.02173913043478    0.00000000000000             4
   -0.13043478260869    0.02173913043478    0.00000000000000             4
   -0.10869565217391    0.02173913043478    0.00000000000000             4
   -0.08695652173913    0.02173913043478    0.00000000000000             4
   -0.06521739130434    0.02173913043478    0.00000000000000             4
   -0.04347826086956    0.02173913043478    0.00000000000000             4
   -0.02173913043478    0.02173913043478    0.00000000000000             4
    0.00000000000000    0.04347826086956    0.00000000000000             2
    0.08695652173913    0.04347826086956    0.00000000000000             2
    0.10869565217392    0.04347826086956    0.00000000000000             4
    0.13043478260870    0.04347826086956    0.00000000000000             4
    0.15217391304348    0.04347826086956    0.00000000000000             4
    0.17391304347826    0.04347826086956    0.00000000000000             4
    0.19565217391305    0.04347826086956    0.00000000000000             4
    0.21739130434783    0.04347826086956    0.00000000000000             4
    0.23913043478261    0.04347826086956    0.00000000000000             4
    0.26086956521739    0.04347826086956    0.00000000000000             4
    0.28260869565217    0.04347826086956    0.00000000000000             4
    0.30434782608695    0.04347826086956    0.00000000000000             4
    0.32608695652174    0.04347826086956    0.00000000000000             4
    0.34782608695652    0.04347826086956    0.00000000000000             4
    0.36956521739131    0.04347826086956    0.00000000000000             4
    0.39130434782609    0.04347826086956    0.00000000000000             4
    0.41304347826087    0.04347826086956    0.00000000000000             4
    0.43478260869565    0.04347826086956    0.00000000000000             4
    0.45652173913044    0.04347826086956    0.00000000000000             4
    0.47826086956522    0.04347826086956    0.00000000000000             4
    0.50000000000000    0.04347826086956    0.00000000000000             4
   -0.47826086956522    0.04347826086956    0.00000000000000             4
   -0.45652173913044    0.04347826086956    0.00000000000000             4
   -0.43478260869565    0.04347826086956    0.00000000000000             4
   -0.41304347826087    0.04347826086956    0.00000000000000             4
   -0.39130434782608    0.04347826086956    0.00000000000000             4
   -0.36956521739130    0.04347826086956    0.00000000000000             4
   -0.34782608695652    0.04347826086956    0.00000000000000             4
   -0.32608695652174    0.04347826086956    0.00000000000000             4
   -0.30434782608695    0.04347826086956    0.00000000000000             4
   -0.28260869565217    0.04347826086956    0.00000000000000             4
   -0.26086956521739    0.04347826086956    0.00000000000000             4
   -0.23913043478261    0.04347826086956    0.00000000000000             4
   -0.21739130434783    0.04347826086956    0.00000000000000             4
   -0.19565217391305    0.04347826086956    0.00000000000000             4
   -0.17391304347826    0.04347826086956    0.00000000000000             4
   -0.15217391304348    0.04347826086956    0.00000000000000             4
   -0.13043478260869    0.04347826086956    0.00000000000000             4
   -0.10869565217391    0.04347826086956    0.00000000000000             4
   -0.08695652173913    0.04347826086956    0.00000000000000             4
   -0.06521739130434    0.04347826086956    0.00000000000000             4
   -0.04347826086956    0.04347826086956    0.00000000000000             4
   -0.02173913043478    0.04347826086956    0.00000000000000             4
    0.00000000000000    0.06521739130435    0.00000000000000             2
    0.13043478260870    0.06521739130435    0.00000000000000             2
    0.15217391304348    0.06521739130435    0.00000000000000             4
    0.17391304347826    0.06521739130435    0.00000000000000             4
    0.19565217391305    0.06521739130435    0.00000000000000             4
    0.21739130434783    0.06521739130435    0.00000000000000             4
    0.23913043478261    0.06521739130435    0.00000000000000             4
    0.26086956521739    0.06521739130435    0.00000000000000             4
    0.28260869565217    0.06521739130435    0.00000000000000             4
    0.30434782608695    0.06521739130435    0.00000000000000             4
    0.32608695652174    0.06521739130435    0.00000000000000             4
    0.34782608695652    0.06521739130435    0.00000000000000             4
    0.36956521739131    0.06521739130435    0.00000000000000             4
    0.39130434782609    0.06521739130435    0.00000000000000             4
    0.41304347826087    0.06521739130435    0.00000000000000             4
    0.43478260869565    0.06521739130435    0.00000000000000             4
    0.45652173913044    0.06521739130435    0.00000000000000             4
    0.47826086956522    0.06521739130435    0.00000000000000             4
    0.50000000000000    0.06521739130435    0.00000000000000             4
   -0.47826086956522    0.06521739130435    0.00000000000000             4
   -0.45652173913044    0.06521739130435    0.00000000000000             4
   -0.43478260869565    0.06521739130435    0.00000000000000             4
   -0.41304347826087    0.06521739130435    0.00000000000000             4
   -0.39130434782608    0.06521739130435    0.00000000000000             4
   -0.36956521739130    0.06521739130435    0.00000000000000             4
   -0.34782608695652    0.06521739130435    0.00000000000000             4
   -0.32608695652174    0.06521739130435    0.00000000000000             4
   -0.30434782608695    0.06521739130435    0.00000000000000             4
   -0.28260869565217    0.06521739130435    0.00000000000000             4
   -0.26086956521739    0.06521739130435    0.00000000000000             4
   -0.23913043478261    0.06521739130435    0.00000000000000             4
   -0.21739130434783    0.06521739130435    0.00000000000000             4
   -0.19565217391305    0.06521739130435    0.00000000000000             4
   -0.17391304347826    0.06521739130435    0.00000000000000             4
   -0.15217391304348    0.06521739130435    0.00000000000000             4
   -0.13043478260869    0.06521739130435    0.00000000000000             4
   -0.10869565217391    0.06521739130435    0.00000000000000             4
   -0.08695652173913    0.06521739130435    0.00000000000000             4
   -0.06521739130434    0.06521739130435    0.00000000000000             4
   -0.04347826086956    0.06521739130435    0.00000000000000             4
   -0.02173913043478    0.06521739130435    0.00000000000000             4
    0.00000000000000    0.08695652173913    0.00000000000000             2
    0.17391304347826    0.08695652173913    0.00000000000000             2
    0.19565217391305    0.08695652173913    0.00000000000000             4
    0.21739130434783    0.08695652173913    0.00000000000000             4
    0.23913043478261    0.08695652173913    0.00000000000000             4
    0.26086956521739    0.08695652173913    0.00000000000000             4
    0.28260869565217    0.08695652173913    0.00000000000000             4
    0.30434782608695    0.08695652173913    0.00000000000000             4
    0.32608695652174    0.08695652173913    0.00000000000000             4
    0.34782608695652    0.08695652173913    0.00000000000000             4
    0.36956521739131    0.08695652173913    0.00000000000000             4
    0.39130434782609    0.08695652173913    0.00000000000000             4
    0.41304347826087    0.08695652173913    0.00000000000000             4
    0.43478260869565    0.08695652173913    0.00000000000000             4
    0.45652173913044    0.08695652173913    0.00000000000000             4
    0.47826086956522    0.08695652173913    0.00000000000000             4
    0.50000000000000    0.08695652173913    0.00000000000000             4
   -0.47826086956522    0.08695652173913    0.00000000000000             4
   -0.45652173913044    0.08695652173913    0.00000000000000             4
   -0.43478260869565    0.08695652173913    0.00000000000000             4
   -0.41304347826087    0.08695652173913    0.00000000000000             4
   -0.39130434782608    0.08695652173913    0.00000000000000             4
   -0.36956521739130    0.08695652173913    0.00000000000000             4
   -0.34782608695652    0.08695652173913    0.00000000000000             4
   -0.32608695652174    0.08695652173913    0.00000000000000             4
   -0.30434782608695    0.08695652173913    0.00000000000000             4
   -0.28260869565217    0.08695652173913    0.00000000000000             4
   -0.26086956521739    0.08695652173913    0.00000000000000             4
   -0.23913043478261    0.08695652173913    0.00000000000000             4
   -0.21739130434783    0.08695652173913    0.00000000000000             4
   -0.19565217391305    0.08695652173913    0.00000000000000             4
   -0.17391304347826    0.08695652173913    0.00000000000000             4
   -0.15217391304348    0.08695652173913    0.00000000000000             4
   -0.13043478260869    0.08695652173913    0.00000000000000             4
   -0.10869565217391    0.08695652173913    0.00000000000000             4
   -0.08695652173913    0.08695652173913    0.00000000000000             4
   -0.06521739130434    0.08695652173913    0.00000000000000             4
   -0.04347826086956    0.08695652173913    0.00000000000000             4
   -0.02173913043478    0.08695652173913    0.00000000000000             4
    0.00000000000000    0.10869565217392    0.00000000000000             2
    0.21739130434783    0.10869565217392    0.00000000000000             2
    0.23913043478261    0.10869565217392    0.00000000000000             4
    0.26086956521739    0.10869565217392    0.00000000000000             4
    0.28260869565217    0.10869565217392    0.00000000000000             4
    0.30434782608695    0.10869565217392    0.00000000000000             4
    0.32608695652174    0.10869565217392    0.00000000000000             4
    0.34782608695652    0.10869565217392    0.00000000000000             4
    0.36956521739131    0.10869565217392    0.00000000000000             4
    0.39130434782609    0.10869565217392    0.00000000000000             4
    0.41304347826087    0.10869565217392    0.00000000000000             4
    0.43478260869565    0.10869565217392    0.00000000000000             4
    0.45652173913044    0.10869565217392    0.00000000000000             4
    0.47826086956522    0.10869565217392    0.00000000000000             4
    0.50000000000000    0.10869565217392    0.00000000000000             4
   -0.47826086956522    0.10869565217392    0.00000000000000             4
   -0.45652173913044    0.10869565217392    0.00000000000000             4
   -0.43478260869565    0.10869565217392    0.00000000000000             4
   -0.41304347826087    0.10869565217392    0.00000000000000             4
   -0.39130434782608    0.10869565217392    0.00000000000000             4
   -0.36956521739130    0.10869565217392    0.00000000000000             4
   -0.34782608695652    0.10869565217392    0.00000000000000             4
   -0.32608695652174    0.10869565217392    0.00000000000000             4
   -0.30434782608695    0.10869565217392    0.00000000000000             4
   -0.28260869565217    0.10869565217392    0.00000000000000             4
   -0.26086956521739    0.10869565217392    0.00000000000000             4
   -0.23913043478261    0.10869565217392    0.00000000000000             4
   -0.21739130434783    0.10869565217392    0.00000000000000             4
   -0.19565217391305    0.10869565217392    0.00000000000000             4
   -0.17391304347826    0.10869565217392    0.00000000000000             4
   -0.15217391304348    0.10869565217392    0.00000000000000             4
   -0.13043478260869    0.10869565217392    0.00000000000000             4
   -0.10869565217391    0.10869565217392    0.00000000000000             4
   -0.08695652173913    0.10869565217392    0.00000000000000             4
   -0.06521739130434    0.10869565217392    0.00000000000000             4
   -0.04347826086956    0.10869565217392    0.00000000000000             4
   -0.02173913043478    0.10869565217392    0.00000000000000             4
    0.00000000000000    0.13043478260870    0.00000000000000             2
    0.26086956521739    0.13043478260870    0.00000000000000             2
    0.28260869565217    0.13043478260870    0.00000000000000             4
    0.30434782608695    0.13043478260870    0.00000000000000             4
    0.32608695652174    0.13043478260870    0.00000000000000             4
    0.34782608695652    0.13043478260870    0.00000000000000             4
    0.36956521739131    0.13043478260870    0.00000000000000             4
    0.39130434782609    0.13043478260870    0.00000000000000             4
    0.41304347826087    0.13043478260870    0.00000000000000             4
    0.43478260869565    0.13043478260870    0.00000000000000             4
    0.45652173913044    0.13043478260870    0.00000000000000             4
    0.47826086956522    0.13043478260870    0.00000000000000             4
    0.50000000000000    0.13043478260870    0.00000000000000             4
   -0.47826086956522    0.13043478260870    0.00000000000000             4
   -0.45652173913044    0.13043478260870    0.00000000000000             4
   -0.43478260869565    0.13043478260870    0.00000000000000             4
   -0.41304347826087    0.13043478260870    0.00000000000000             4
   -0.39130434782608    0.13043478260870    0.00000000000000             4
   -0.36956521739130    0.13043478260870    0.00000000000000             4
   -0.34782608695652    0.13043478260870    0.00000000000000             4
   -0.32608695652174    0.13043478260870    0.00000000000000             4
   -0.30434782608695    0.13043478260870    0.00000000000000             4
   -0.28260869565217    0.13043478260870    0.00000000000000             4
   -0.26086956521739    0.13043478260870    0.00000000000000             4
   -0.23913043478261    0.13043478260870    0.00000000000000             4
   -0.21739130434783    0.13043478260870    0.00000000000000             4
   -0.19565217391305    0.13043478260870    0.00000000000000             4
   -0.17391304347826    0.13043478260870    0.00000000000000             4
   -0.15217391304348    0.13043478260870    0.00000000000000             4
   -0.13043478260869    0.13043478260870    0.00000000000000             4
   -0.10869565217391    0.13043478260870    0.00000000000000             4
   -0.08695652173913    0.13043478260870    0.00000000000000             4
   -0.06521739130434    0.13043478260870    0.00000000000000             4
   -0.04347826086956    0.13043478260870    0.00000000000000             4
   -0.02173913043478    0.13043478260870    0.00000000000000             4
    0.00000000000000    0.15217391304348    0.00000000000000             2
    0.30434782608695    0.15217391304348    0.00000000000000             2
    0.32608695652174    0.15217391304348    0.00000000000000             4
    0.34782608695652    0.15217391304348    0.00000000000000             4
    0.36956521739131    0.15217391304348    0.00000000000000             4
    0.39130434782609    0.15217391304348    0.00000000000000             4
    0.41304347826087    0.15217391304348    0.00000000000000             4
    0.43478260869565    0.15217391304348    0.00000000000000             4
    0.45652173913044    0.15217391304348    0.00000000000000             4
    0.47826086956522    0.15217391304348    0.00000000000000             4
    0.50000000000000    0.15217391304348    0.00000000000000             4
   -0.47826086956522    0.15217391304348    0.00000000000000             4
   -0.45652173913044    0.15217391304348    0.00000000000000             4
   -0.43478260869565    0.15217391304348    0.00000000000000             4
   -0.41304347826087    0.15217391304348    0.00000000000000             4
   -0.39130434782608    0.15217391304348    0.00000000000000             4
   -0.36956521739130    0.15217391304348    0.00000000000000             4
   -0.34782608695652    0.15217391304348    0.00000000000000             4
   -0.32608695652174    0.15217391304348    0.00000000000000             4
   -0.30434782608695    0.15217391304348    0.00000000000000             4
   -0.28260869565217    0.15217391304348    0.00000000000000             4
   -0.26086956521739    0.15217391304348    0.00000000000000             4
   -0.23913043478261    0.15217391304348    0.00000000000000             4
   -0.21739130434783    0.15217391304348    0.00000000000000             4
   -0.19565217391305    0.15217391304348    0.00000000000000             4
   -0.17391304347826    0.15217391304348    0.00000000000000             4
   -0.15217391304348    0.15217391304348    0.00000000000000             4
   -0.13043478260869    0.15217391304348    0.00000000000000             4
   -0.10869565217391    0.15217391304348    0.00000000000000             4
   -0.08695652173913    0.15217391304348    0.00000000000000             4
   -0.06521739130434    0.15217391304348    0.00000000000000             4
   -0.04347826086956    0.15217391304348    0.00000000000000             4
   -0.02173913043478    0.15217391304348    0.00000000000000             4
    0.00000000000000    0.17391304347826    0.00000000000000             2
    0.34782608695652    0.17391304347826    0.00000000000000             2
    0.36956521739131    0.17391304347826    0.00000000000000             4
    0.39130434782609    0.17391304347826    0.00000000000000             4
    0.41304347826087    0.17391304347826    0.00000000000000             4
    0.43478260869565    0.17391304347826    0.00000000000000             4
    0.45652173913044    0.17391304347826    0.00000000000000             4
    0.47826086956522    0.17391304347826    0.00000000000000             4
    0.50000000000000    0.17391304347826    0.00000000000000             4
   -0.47826086956522    0.17391304347826    0.00000000000000             4
   -0.45652173913044    0.17391304347826    0.00000000000000             4
   -0.43478260869565    0.17391304347826    0.00000000000000             4
   -0.41304347826087    0.17391304347826    0.00000000000000             4
   -0.39130434782608    0.17391304347826    0.00000000000000             4
   -0.36956521739130    0.17391304347826    0.00000000000000             4
   -0.34782608695652    0.17391304347826    0.00000000000000             4
   -0.32608695652174    0.17391304347826    0.00000000000000             4
   -0.30434782608695    0.17391304347826    0.00000000000000             4
   -0.28260869565217    0.17391304347826    0.00000000000000             4
   -0.26086956521739    0.17391304347826    0.00000000000000             4
   -0.23913043478261    0.17391304347826    0.00000000000000             4
   -0.21739130434783    0.17391304347826    0.00000000000000             4
   -0.19565217391305    0.17391304347826    0.00000000000000             4
   -0.17391304347826    0.17391304347826    0.00000000000000             4
   -0.15217391304348    0.17391304347826    0.00000000000000             4
   -0.13043478260869    0.17391304347826    0.00000000000000             4
   -0.10869565217391    0.17391304347826    0.00000000000000             4
   -0.08695652173913    0.17391304347826    0.00000000000000             4
   -0.06521739130434    0.17391304347826    0.00000000000000             4
   -0.04347826086956    0.17391304347826    0.00000000000000             4
   -0.02173913043478    0.17391304347826    0.00000000000000             4
    0.00000000000000    0.19565217391305    0.00000000000000             2
    0.39130434782609    0.19565217391305    0.00000000000000             2
    0.41304347826087    0.19565217391305    0.00000000000000             4
    0.43478260869565    0.19565217391305    0.00000000000000             4
    0.45652173913044    0.19565217391305    0.00000000000000             4
    0.47826086956522    0.19565217391305    0.00000000000000             4
    0.50000000000000    0.19565217391305    0.00000000000000             4
   -0.47826086956522    0.19565217391305    0.00000000000000             4
   -0.45652173913044    0.19565217391305    0.00000000000000             4
   -0.43478260869565    0.19565217391305    0.00000000000000             4
   -0.41304347826087    0.19565217391305    0.00000000000000             4
   -0.39130434782608    0.19565217391305    0.00000000000000             4
   -0.36956521739130    0.19565217391305    0.00000000000000             4
   -0.34782608695652    0.19565217391305    0.00000000000000             4
   -0.32608695652174    0.19565217391305    0.00000000000000             4
   -0.30434782608695    0.19565217391305    0.00000000000000             4
   -0.28260869565217    0.19565217391305    0.00000000000000             4
   -0.26086956521739    0.19565217391305    0.00000000000000             4
   -0.23913043478261    0.19565217391305    0.00000000000000             4
   -0.21739130434783    0.19565217391305    0.00000000000000             4
   -0.19565217391305    0.19565217391305    0.00000000000000             4
   -0.17391304347826    0.19565217391305    0.00000000000000             4
   -0.15217391304348    0.19565217391305    0.00000000000000             4
   -0.13043478260869    0.19565217391305    0.00000000000000             4
   -0.10869565217391    0.19565217391305    0.00000000000000             4
   -0.08695652173913    0.19565217391305    0.00000000000000             4
   -0.06521739130434    0.19565217391305    0.00000000000000             4
   -0.04347826086956    0.19565217391305    0.00000000000000             4
   -0.02173913043478    0.19565217391305    0.00000000000000             4
    0.00000000000000    0.21739130434783    0.00000000000000             2
    0.43478260869565    0.21739130434783    0.00000000000000             2
    0.45652173913044    0.21739130434783    0.00000000000000             4
    0.47826086956522    0.21739130434783    0.00000000000000             4
    0.50000000000000    0.21739130434783    0.00000000000000             4
   -0.47826086956522    0.21739130434783    0.00000000000000             4
   -0.45652173913044    0.21739130434783    0.00000000000000             4
   -0.43478260869565    0.21739130434783    0.00000000000000             4
   -0.41304347826087    0.21739130434783    0.00000000000000             4
   -0.39130434782608    0.21739130434783    0.00000000000000             4
   -0.36956521739130    0.21739130434783    0.00000000000000             4
   -0.34782608695652    0.21739130434783    0.00000000000000             4
   -0.32608695652174    0.21739130434783    0.00000000000000             4
   -0.30434782608695    0.21739130434783    0.00000000000000             4
   -0.28260869565217    0.21739130434783    0.00000000000000             4
   -0.26086956521739    0.21739130434783    0.00000000000000             4
   -0.23913043478261    0.21739130434783    0.00000000000000             4
   -0.21739130434783    0.21739130434783    0.00000000000000             4
   -0.19565217391305    0.21739130434783    0.00000000000000             4
   -0.17391304347826    0.21739130434783    0.00000000000000             4
   -0.15217391304348    0.21739130434783    0.00000000000000             4
   -0.13043478260869    0.21739130434783    0.00000000000000             4
   -0.10869565217391    0.21739130434783    0.00000000000000             4
   -0.08695652173913    0.21739130434783    0.00000000000000             4
   -0.06521739130434    0.21739130434783    0.00000000000000             4
   -0.04347826086956    0.21739130434783    0.00000000000000             4
   -0.02173913043478    0.21739130434783    0.00000000000000             4
    0.00000000000000    0.23913043478261    0.00000000000000             2
    0.47826086956522    0.23913043478261    0.00000000000000             2
    0.50000000000000    0.23913043478261    0.00000000000000             4
   -0.47826086956522    0.23913043478261    0.00000000000000             4
   -0.45652173913044    0.23913043478261    0.00000000000000             4
   -0.43478260869565    0.23913043478261    0.00000000000000             4
   -0.41304347826087    0.23913043478261    0.00000000000000             4
   -0.39130434782608    0.23913043478261    0.00000000000000             4
   -0.36956521739130    0.23913043478261    0.00000000000000             4
   -0.34782608695652    0.23913043478261    0.00000000000000             4
   -0.32608695652174    0.23913043478261    0.00000000000000             4
   -0.30434782608695    0.23913043478261    0.00000000000000             4
   -0.28260869565217    0.23913043478261    0.00000000000000             4
   -0.26086956521739    0.23913043478261    0.00000000000000             4
   -0.23913043478261    0.23913043478261    0.00000000000000             4
   -0.21739130434783    0.23913043478261    0.00000000000000             4
   -0.19565217391305    0.23913043478261    0.00000000000000             4
   -0.17391304347826    0.23913043478261    0.00000000000000             4
   -0.15217391304348    0.23913043478261    0.00000000000000             4
   -0.13043478260869    0.23913043478261    0.00000000000000             4
   -0.10869565217391    0.23913043478261    0.00000000000000             4
   -0.08695652173913    0.23913043478261    0.00000000000000             4
   -0.06521739130434    0.23913043478261    0.00000000000000             4
   -0.04347826086956    0.23913043478261    0.00000000000000             4
   -0.02173913043478    0.23913043478261    0.00000000000000             4
    0.00000000000000    0.26086956521739    0.00000000000000             2
   -0.47826086956522    0.26086956521739    0.00000000000000             2
   -0.45652173913044    0.26086956521739    0.00000000000000             4
   -0.43478260869565    0.26086956521739    0.00000000000000             4
   -0.41304347826087    0.26086956521739    0.00000000000000             4
   -0.39130434782608    0.26086956521739    0.00000000000000             4
   -0.36956521739130    0.26086956521739    0.00000000000000             4
   -0.34782608695652    0.26086956521739    0.00000000000000             4
   -0.32608695652174    0.26086956521739    0.00000000000000             4
   -0.30434782608695    0.26086956521739    0.00000000000000             4
   -0.28260869565217    0.26086956521739    0.00000000000000             4
   -0.26086956521739    0.26086956521739    0.00000000000000             4
   -0.23913043478261    0.26086956521739    0.00000000000000             4
   -0.21739130434783    0.26086956521739    0.00000000000000             4
   -0.19565217391305    0.26086956521739    0.00000000000000             4
   -0.17391304347826    0.26086956521739    0.00000000000000             4
   -0.15217391304348    0.26086956521739    0.00000000000000             4
   -0.13043478260869    0.26086956521739    0.00000000000000             4
   -0.10869565217391    0.26086956521739    0.00000000000000             4
   -0.08695652173913    0.26086956521739    0.00000000000000             4
   -0.06521739130434    0.26086956521739    0.00000000000000             4
   -0.04347826086956    0.26086956521739    0.00000000000000             4
   -0.02173913043478    0.26086956521739    0.00000000000000             4
    0.00000000000000    0.28260869565217    0.00000000000000             2
   -0.43478260869565    0.28260869565217    0.00000000000000             2
   -0.41304347826087    0.28260869565217    0.00000000000000             4
   -0.39130434782608    0.28260869565217    0.00000000000000             4
   -0.36956521739130    0.28260869565217    0.00000000000000             4
   -0.34782608695652    0.28260869565217    0.00000000000000             4
   -0.32608695652174    0.28260869565217    0.00000000000000             4
   -0.30434782608695    0.28260869565217    0.00000000000000             4
   -0.28260869565217    0.28260869565217    0.00000000000000             4
   -0.26086956521739    0.28260869565217    0.00000000000000             4
   -0.23913043478261    0.28260869565217    0.00000000000000             4
   -0.21739130434783    0.28260869565217    0.00000000000000             4
   -0.19565217391305    0.28260869565217    0.00000000000000             4
   -0.17391304347826    0.28260869565217    0.00000000000000             4
   -0.15217391304348    0.28260869565217    0.00000000000000             4
   -0.13043478260869    0.28260869565217    0.00000000000000             4
   -0.10869565217391    0.28260869565217    0.00000000000000             4
   -0.08695652173913    0.28260869565217    0.00000000000000             4
   -0.06521739130434    0.28260869565217    0.00000000000000             4
   -0.04347826086956    0.28260869565217    0.00000000000000             4
   -0.02173913043478    0.28260869565217    0.00000000000000             4
    0.00000000000000    0.30434782608695    0.00000000000000             2
   -0.39130434782608    0.30434782608695    0.00000000000000             2
   -0.36956521739130    0.30434782608695    0.00000000000000             4
   -0.34782608695652    0.30434782608695    0.00000000000000             4
   -0.32608695652174    0.30434782608695    0.00000000000000             4
   -0.30434782608695    0.30434782608695    0.00000000000000             4
   -0.28260869565217    0.30434782608695    0.00000000000000             4
   -0.26086956521739    0.30434782608695    0.00000000000000             4
   -0.23913043478261    0.30434782608695    0.00000000000000             4
   -0.21739130434783    0.30434782608695    0.00000000000000             4
   -0.19565217391305    0.30434782608695    0.00000000000000             4
   -0.17391304347826    0.30434782608695    0.00000000000000             4
   -0.15217391304348    0.30434782608695    0.00000000000000             4
   -0.13043478260869    0.30434782608695    0.00000000000000             4
   -0.10869565217391    0.30434782608695    0.00000000000000             4
   -0.08695652173913    0.30434782608695    0.00000000000000             4
   -0.06521739130434    0.30434782608695    0.00000000000000             4
   -0.04347826086956    0.30434782608695    0.00000000000000             4
   -0.02173913043478    0.30434782608695    0.00000000000000             4
    0.00000000000000    0.32608695652174    0.00000000000000             2
   -0.34782608695652    0.32608695652174    0.00000000000000             2
   -0.32608695652174    0.32608695652174    0.00000000000000             4
   -0.30434782608695    0.32608695652174    0.00000000000000             4
   -0.28260869565217    0.32608695652174    0.00000000000000             4
   -0.26086956521739    0.32608695652174    0.00000000000000             4
   -0.23913043478261    0.32608695652174    0.00000000000000             4
   -0.21739130434783    0.32608695652174    0.00000000000000             4
   -0.19565217391305    0.32608695652174    0.00000000000000             4
   -0.17391304347826    0.32608695652174    0.00000000000000             4
   -0.15217391304348    0.32608695652174    0.00000000000000             4
   -0.13043478260869    0.32608695652174    0.00000000000000             4
   -0.10869565217391    0.32608695652174    0.00000000000000             4
   -0.08695652173913    0.32608695652174    0.00000000000000             4
   -0.06521739130434    0.32608695652174    0.00000000000000             4
   -0.04347826086956    0.32608695652174    0.00000000000000             4
   -0.02173913043478    0.32608695652174    0.00000000000000             4
    0.00000000000000    0.34782608695652    0.00000000000000             2
   -0.30434782608695    0.34782608695652    0.00000000000000             2
   -0.28260869565217    0.34782608695652    0.00000000000000             4
   -0.26086956521739    0.34782608695652    0.00000000000000             4
   -0.23913043478261    0.34782608695652    0.00000000000000             4
   -0.21739130434783    0.34782608695652    0.00000000000000             4
   -0.19565217391305    0.34782608695652    0.00000000000000             4
   -0.17391304347826    0.34782608695652    0.00000000000000             4
   -0.15217391304348    0.34782608695652    0.00000000000000             4
   -0.13043478260869    0.34782608695652    0.00000000000000             4
   -0.10869565217391    0.34782608695652    0.00000000000000             4
   -0.08695652173913    0.34782608695652    0.00000000000000             4
   -0.06521739130434    0.34782608695652    0.00000000000000             4
   -0.04347826086956    0.34782608695652    0.00000000000000             4
   -0.02173913043478    0.34782608695652    0.00000000000000             4
    0.00000000000000    0.36956521739131    0.00000000000000             2
   -0.26086956521739    0.36956521739131    0.00000000000000             2
   -0.23913043478261    0.36956521739131    0.00000000000000             4
   -0.21739130434783    0.36956521739131    0.00000000000000             4
   -0.19565217391305    0.36956521739131    0.00000000000000             4
   -0.17391304347826    0.36956521739131    0.00000000000000             4
   -0.15217391304348    0.36956521739131    0.00000000000000             4
   -0.13043478260869    0.36956521739131    0.00000000000000             4
   -0.10869565217391    0.36956521739131    0.00000000000000             4
   -0.08695652173913    0.36956521739131    0.00000000000000             4
   -0.06521739130434    0.36956521739131    0.00000000000000             4
   -0.04347826086956    0.36956521739131    0.00000000000000             4
   -0.02173913043478    0.36956521739131    0.00000000000000             4
    0.00000000000000    0.39130434782609    0.00000000000000             2
   -0.21739130434783    0.39130434782609    0.00000000000000             2
   -0.19565217391305    0.39130434782609    0.00000000000000             4
   -0.17391304347826    0.39130434782609    0.00000000000000             4
   -0.15217391304348    0.39130434782609    0.00000000000000             4
   -0.13043478260869    0.39130434782609    0.00000000000000             4
   -0.10869565217391    0.39130434782609    0.00000000000000             4
   -0.08695652173913    0.39130434782609    0.00000000000000             4
   -0.06521739130434    0.39130434782609    0.00000000000000             4
   -0.04347826086956    0.39130434782609    0.00000000000000             4
   -0.02173913043478    0.39130434782609    0.00000000000000             4
    0.00000000000000    0.41304347826087    0.00000000000000             2
   -0.17391304347826    0.41304347826087    0.00000000000000             2
   -0.15217391304348    0.41304347826087    0.00000000000000             4
   -0.13043478260869    0.41304347826087    0.00000000000000             4
   -0.10869565217391    0.41304347826087    0.00000000000000             4
   -0.08695652173913    0.41304347826087    0.00000000000000             4
   -0.06521739130434    0.41304347826087    0.00000000000000             4
   -0.04347826086956    0.41304347826087    0.00000000000000             4
   -0.02173913043478    0.41304347826087    0.00000000000000             4
    0.00000000000000    0.43478260869565    0.00000000000000             2
   -0.13043478260869    0.43478260869565    0.00000000000000             2
   -0.10869565217391    0.43478260869565    0.00000000000000             4
   -0.08695652173913    0.43478260869565    0.00000000000000             4
   -0.06521739130434    0.43478260869565    0.00000000000000             4
   -0.04347826086956    0.43478260869565    0.00000000000000             4
   -0.02173913043478    0.43478260869565    0.00000000000000             4
    0.00000000000000    0.45652173913044    0.00000000000000             2
   -0.08695652173913    0.45652173913044    0.00000000000000             2
   -0.06521739130434    0.45652173913044    0.00000000000000             4
   -0.04347826086956    0.45652173913044    0.00000000000000             4
   -0.02173913043478    0.45652173913044    0.00000000000000             4
    0.00000000000000    0.47826086956522    0.00000000000000             2
   -0.04347826086956    0.47826086956522    0.00000000000000             2
   -0.02173913043478    0.47826086956522    0.00000000000000             4
    0.00000000000000    0.50000000000000    0.00000000000000             1
