    1   32    2
  9.013
    1    1  0.0150  0.0000  0.0000
 -0.078739523669   0.000000000000   0.000000000000
 -0.003986712828   0.003761118331   0.000000000000
 -0.000433482253   0.001033102013   0.000000000000
 -0.004029398641  -0.002455192831   0.000000000000
 -0.004029398641   0.002455192831   0.000000000000
 -0.002844818969  -0.003098480857   0.000000000000
 -0.003797234931  -0.002036917280   0.000000000000
 -0.000208810607   0.000000000000   0.000000000000
 -0.000433482253  -0.001033102013   0.000000000000
 -0.003764403678   0.002025026631   0.000000000000
  0.001348748267   0.000000000000   0.000000000000
 -0.003797234931   0.002036917280   0.000000000000
 -0.003986712828  -0.003761118331   0.000000000000
 -0.000236443637   0.000000000000   0.000000000000
 -0.003764403678  -0.002025026631   0.000000000000
 -0.002844818969   0.003098480857   0.000000000000
  0.074041366345   0.000000000000   0.000000000000
  0.009654082352  -0.037142688411   0.000000000000
  0.000385926927   0.000859427685   0.000000000000
 -0.000382078263   0.000453872199   0.000000000000
 -0.000382078263  -0.000453872199   0.000000000000
  0.002552155948  -0.000885345963   0.000000000000
  0.001118933793   0.000394492234   0.000000000000
  0.004392221127   0.000000000000   0.000000000000
  0.000385926927  -0.000859427685   0.000000000000
  0.003189794093   0.000114455476   0.000000000000
  0.003034817498   0.000000000000   0.000000000000
  0.001118933793  -0.000394492234   0.000000000000
  0.009654082352   0.037142688411   0.000000000000
  0.001042097578   0.000000000000   0.000000000000
  0.003189794093  -0.000114455476   0.000000000000
  0.002552155948   0.000885345963   0.000000000000
    1    2  0.0000  0.0000  0.0150
 -0.000000000000   0.000000000000  -0.001752615189
 -0.000016622260   0.000023179533  -0.000477521363
 -0.000007588386  -0.000013143470   0.001078209551
  0.000028385194  -0.000002805532  -0.000477521363
  0.000028385194   0.000002805532  -0.000477521363
 -0.000011762935   0.000025985066  -0.000477521363
  0.000003784605  -0.000006555129  -0.000365351864
 -0.000007569211   0.000000000000  -0.000365351864
 -0.000007588386   0.000013143470   0.001078209551
  0.000020261860   0.000035094571  -0.000365022694
  0.000015176772   0.000000000000   0.001078209551
  0.000003784605   0.000006555129  -0.000365351864
 -0.000016622260  -0.000023179533  -0.000477521363
 -0.000040523720   0.000000000000  -0.000365022694
  0.000020261860  -0.000035094571  -0.000365022694
 -0.000011762935  -0.000025985066  -0.000477521363
  0.000013125790  -0.000000000000   0.002421955773
 -0.000006562895   0.000011367268   0.002421955773
 -0.000029492415   0.000014744206  -0.000718178973
  0.000027515065  -0.000018169078  -0.000718178973
  0.000027515065   0.000018169078  -0.000718178973
  0.000015626335   0.000027065607  -0.001085532458
  0.000001977350   0.000032913284  -0.000718178973
  0.000000000000   0.000000000000   0.001988731296
 -0.000029492415  -0.000014744206  -0.000718178973
  0.000003559276  -0.000006164847   0.000628436994
 -0.000007118552   0.000000000000   0.000628436994
  0.000001977350  -0.000032913284  -0.000718178973
 -0.000006562895  -0.000011367268   0.002421955773
 -0.000031252671   0.000000000000  -0.001085532458
  0.000003559276   0.000006164847   0.000628436994
  0.000015626335  -0.000027065607  -0.001085532458
