    1  150    4
  9.013
    1    1  0.0150  0.0000  0.0000
 -0.056136329387   0.000000096049   0.000000040164
 -0.000962710390   0.002786887159   0.001110391375
 -0.000081304876   0.000010948139  -0.000096907452
 -0.000078163951  -0.000082676366  -0.000104884366
 -0.000962630480  -0.000490685871  -0.000274308606
 -0.002965775159   0.001637543883  -0.001387975026
 -0.000964644552  -0.002788925561  -0.001104546583
  0.000172511592  -0.000000879387   0.000004795147
 -0.000019826407   0.000048829548   0.000090640688
 -0.000155739903   0.000192285235   0.000033060794
 -0.000022426910   0.000041488051  -0.000005823931
 -0.000155663579  -0.000188339970  -0.000192808657
 -0.000081727242  -0.000012852587   0.000104747695
 -0.000019915542  -0.000047497867  -0.000084314071
 -0.000100702392  -0.000000283419   0.000003744528
 -0.000021496896  -0.000041229048   0.000012711713
 -0.000098892487   0.000000185724   0.000003840899
 -0.000019411438  -0.000047059430   0.000134994231
 -0.000077931443   0.000082250597   0.000112153395
 -0.000155324018  -0.000191500333  -0.000027553617
 -0.002967047804  -0.001632607705   0.001390354890
 -0.000154998775   0.000186722970   0.000199047973
 -0.000019280493   0.000046656354  -0.000126181455
  0.000173284835   0.000000752112   0.000004595721
 -0.000959107834   0.000487295013   0.000279774992
  0.043212446139  -0.032595446496   0.002441186671
 -0.013225157949   0.000001618910   0.000002608640
  0.000137013561   0.000228710212   0.000239517599
 -0.000151434613   0.000087604611  -0.000044593851
  0.000114657666   0.000251064335  -0.000055576282
 -0.000280245147   0.000005256604  -0.000284542910
  0.001395262456   0.000817635350   0.000773486477
  0.000137329124  -0.000231152553  -0.000230636125
  0.000034827596   0.000000012245   0.000004413352
  0.000289298239  -0.000146893483   0.000063594971
 -0.000299907800   0.000000093836   0.000003242459
  0.000025221425  -0.000060009117  -0.000004633787
 -0.000121288798   0.000020365244  -0.000028614026
 -0.000149815222  -0.000086438278   0.000053453062
  0.000289701913   0.000146808435  -0.000058069689
 -0.000279786901  -0.000002335362   0.000291314253
  0.000026423185   0.000059926538   0.000010827447
  0.000033619878   0.000000023839   0.000004186150
 -0.000013339306   0.000087522851  -0.000022657649
  0.000118281616  -0.000249635041   0.000061155622
  0.043215146317   0.032596222820  -0.002438490839
  0.001394610172  -0.000818413373  -0.000766021038
 -0.000120548200  -0.000021764083   0.000036268475
 -0.000013906607  -0.000086122065   0.000030232343
 -0.000009405874   0.000000592272   0.000002676490
 -0.007735949325  -0.000000182302  -0.000008122167
  0.001286054218  -0.000100157355  -0.001286222029
 -0.000351443363   0.000075940247   0.000258669633
 -0.000047628550  -0.000346205508   0.000172536823
  0.001246601047   0.000147880116  -0.000632623183
  0.001218770921  -0.000082239720   0.000649614166
  0.001287358981   0.000099002716   0.001270874748
  0.000032445651  -0.000000276961  -0.000006536895
  0.000102794362  -0.000074037393   0.000100256524
 -0.000598001057   0.000365155976  -0.000349402300
  0.000030339300  -0.000052760678  -0.000090469514
 -0.000358873000  -0.000090330728   0.000116024446
 -0.000351379159  -0.000076571366  -0.000271595108
  0.000103959182   0.000073390994  -0.000112467805
  0.000227456954   0.000000169788  -0.000006836580
  0.000031035707   0.000052308126   0.000077711882
  0.000267551953   0.000000175109  -0.000006603962
  0.000123011718   0.000083367988   0.000371006353
 -0.000049932473   0.000344925976  -0.000185418010
 -0.000597097700  -0.000363892165   0.000339617123
  0.001213852106   0.000086098042  -0.000661535911
 -0.000358341495   0.000089081652  -0.000128541284
  0.000122439232  -0.000083424159  -0.000382973594
 -0.000204665555  -0.000000312240  -0.000007009969
  0.001244796883  -0.000149011685   0.000616915656
 -0.005897095871   0.004436664978  -0.007950704914
  0.001783638930  -0.000000330690  -0.000009513834
 -0.000105017838  -0.000419088367  -0.000089326823
  0.000042313737   0.000382600915   0.000248839060
  0.000858740563  -0.000720187663   0.001200323146
  0.001367432748  -0.000680300569   0.001278652868
 -0.000066912109  -0.000215585991  -0.000347135596
 -0.000104713028   0.000418302750   0.000074368188
 -0.000278055041   0.000000131298  -0.000006496133
 -0.000200373569  -0.000043864988  -0.000384166361
 -0.000618393132  -0.000000166937  -0.000006237978
  0.000024025513   0.000163864648   0.000097468632
  0.000343165876   0.000160477224   0.000156228004
  0.000044010396  -0.000381210613  -0.000261800542
 -0.000199808522   0.000043466885   0.000372445010
  0.001368764977   0.000681405037  -0.001289547761
  0.000024513568  -0.000165231078  -0.000109847004
 -0.000379896856   0.000000150485  -0.000005920520
 -0.000097060141  -0.000273589948   0.000056240759
  0.000859707552   0.000723094622  -0.001212428314
 -0.005895496199  -0.004436377525   0.007932507997
 -0.000069415188   0.000214026262   0.000331370186
  0.000343625753  -0.000161051256  -0.000169646499
 -0.000097077639   0.000274635478  -0.000069860164
  0.000308101780   0.000000196231  -0.000007615519
 -0.000815097167  -0.000000531234   0.000003065825
 -0.000436480603   0.000138343905   0.000144929785
 -0.000169596828   0.000184936321  -0.000186137426
 -0.000162891499   0.000018201115  -0.000222852502
 -0.000432736394  -0.000550513465  -0.000060568815
 -0.000077967543   0.000346555888  -0.000197575775
 -0.000434376805  -0.000138406627  -0.000138216559
  0.000129709222   0.000000085181   0.000004090704
  0.000017974273  -0.000243083755  -0.000051582687
  0.000197851120  -0.000039747074  -0.000157163319
 -0.000344402811   0.000078530176  -0.000032458607
  0.000199195101   0.000042452296  -0.000088204698
 -0.000169230720  -0.000185568786   0.000193993721
  0.000020255564   0.000245233734   0.000057800691
  0.000441305437  -0.000000218213   0.000003525894
 -0.000340561095  -0.000077174577   0.000038771848
  0.000448888617  -0.000000234363   0.000003646488
  0.000022923695   0.000246339346  -0.000328424196
 -0.000163254153  -0.000017027980   0.000229572178
  0.000197197302   0.000039629698   0.000164803626
 -0.000081836511  -0.000346412940   0.000202224894
  0.000197613274  -0.000042907997   0.000095512516
  0.000022796825  -0.000246670121   0.000337046457
  0.000122864757   0.000000540737   0.000003882271
 -0.000434483686   0.000548524972   0.000064597355
  0.000727576102  -0.000194244059   0.001307817651
  0.000387191795   0.000000509100   0.000002580187
  0.000491907598  -0.000266921472  -0.000095612704
  0.000013637879  -0.000163694924  -0.000096940558
 -0.000463692038   0.000281575281  -0.000362108575
  0.000001566950   0.000553764990  -0.000261083659
 -0.000435188638  -0.000398719597  -0.000254043532
  0.000493865735   0.000266104109   0.000103025980
 -0.000497282426   0.000000384499   0.000004027136
 -0.000067574058  -0.000249620447   0.000302539090
  0.000297661129   0.000000176410   0.000003274062
  0.000045784219  -0.000075500306   0.000078697100
  0.000298425708  -0.000203672769  -0.000049691088
  0.000013991362   0.000165725415   0.000102578060
 -0.000061567818   0.000249786509  -0.000295000025
  0.000001583028  -0.000554281128   0.000267550058
  0.000049430653   0.000073462661  -0.000072348839
 -0.000615124457   0.000000268551   0.000004010200
  0.000410772424  -0.000151425439  -0.000123031633
 -0.000466528078  -0.000282328968   0.000367660200
  0.000724598888   0.000194616405  -0.001300782435
 -0.000436219893   0.000397520202   0.000261211548
  0.000298612413   0.000200871093   0.000057650414
  0.000413659231   0.000152207579   0.000130704736
  0.000249622784  -0.000000217133   0.000004053774
    1    2  0.0000  0.0000  0.0150
 -0.000000000000   0.000000000000  -0.064621781656
 -0.000289435948   0.001478593796   0.000348324816
 -0.000124480496  -0.000039810223   0.000038134794
 -0.000096716912  -0.000087898161   0.000038134794
  0.001135781816  -0.000989955782   0.000348324816
  0.001425217763  -0.000488638015   0.000348324816
  0.000289435948   0.001478593796   0.000348324816
 -0.000000000000   0.000251089254  -0.000185771022
 -0.000123977792  -0.000071578612   0.000014177819
  0.000217449672  -0.000125544627  -0.000185771022
  0.000027763584   0.000127708383   0.000038134794
  0.000003749011   0.000002164493  -0.000193632795
  0.000124480496  -0.000039810223   0.000038134794
  0.000123977792  -0.000071578612   0.000014177819
 -0.000000000000   0.000143157223   0.000014177819
 -0.000027763584   0.000127708383   0.000038134794
  0.000000000000  -0.000100542988   0.000006969819
 -0.000087072782   0.000050271494   0.000006969819
  0.000096716912  -0.000087898161   0.000038134794
 -0.000217449672  -0.000125544627  -0.000185771022
 -0.001425217763  -0.000488638015   0.000348324816
 -0.000003749011   0.000002164493  -0.000193632795
  0.000087072782   0.000050271494   0.000006969819
  0.000000000000  -0.000004328985  -0.000193632795
 -0.001135781816  -0.000989955782   0.000348324816
 -0.002462758872   0.001421874498  -0.003525224023
  0.000000000000  -0.002843748995  -0.003525224023
 -0.000228296655   0.000215178282  -0.000085977316
  0.000049848529   0.000028780062  -0.000025128395
  0.000072201531  -0.000305299843  -0.000085977316
  0.000300498186   0.000090121562  -0.000085977316
 -0.000763947670  -0.000441065393  -0.000275347430
  0.000228296655   0.000215178282  -0.000085977316
  0.000000000000  -0.000065099429  -0.000094359277
 -0.000056377759   0.000032549714  -0.000094359277
  0.000000000000  -0.000057560123  -0.000025128395
  0.000012671550   0.000030973744  -0.000046131457
  0.000033159824  -0.000004512988  -0.000046131457
 -0.000049848529   0.000028780062  -0.000025128395
  0.000056377759   0.000032549714  -0.000094359277
 -0.000300498186   0.000090121562  -0.000085977316
 -0.000012671550   0.000030973744  -0.000046131457
 -0.000000000000   0.000000000000  -0.000052265264
  0.000020488274  -0.000026460756  -0.000046131457
 -0.000072201531  -0.000305299843  -0.000085977316
  0.002462758872   0.001421874498  -0.003525224023
  0.000763947670  -0.000441065393  -0.000275347430
 -0.000033159824  -0.000004512988  -0.000046131457
 -0.000020488274  -0.000026460756  -0.000046131457
 -0.000000000000   0.000882130786  -0.000275347430
 -0.000000000000   0.000000000000   0.089436385313
 -0.000628285609   0.001691084920   0.000859284160
 -0.000097630002   0.000226943403   0.000073937360
  0.000147723752  -0.000198021763   0.000073937360
  0.001150379696  -0.001389653758   0.000859284160
  0.001778665305  -0.000301431161   0.000859284160
  0.000628285609   0.001691084920   0.000859284160
  0.000000000000  -0.000543196379  -0.000304721258
 -0.000307954079  -0.000177797370  -0.000022501029
 -0.000470421863   0.000271598189  -0.000304721258
  0.000245353753  -0.000028921640   0.000073937360
  0.000005454083   0.000003148916   0.000013219739
  0.000097630002   0.000226943403   0.000073937360
  0.000307954079  -0.000177797370  -0.000022501029
 -0.000000000000   0.000355594741  -0.000022501029
 -0.000245353753  -0.000028921640   0.000073937360
  0.000000000000  -0.000263033938   0.000011420894
 -0.000227794072   0.000131516969   0.000011420894
 -0.000147723752  -0.000198021763   0.000073937360
  0.000470421863   0.000271598189  -0.000304721258
 -0.001778665305  -0.000301431161   0.000859284160
 -0.000005454083   0.000003148916   0.000013219739
  0.000227794072   0.000131516969   0.000011420894
  0.000000000000  -0.000006297832   0.000013219739
 -0.001150379696  -0.001389653758   0.000859284160
 -0.009998278078   0.005772508540  -0.008787421541
  0.000000000000  -0.011545017079  -0.008787421541
 -0.000038904328  -0.000297043639  -0.000049527336
  0.000115639612   0.000066764561   0.000072682314
 -0.000276699501   0.000114829683  -0.000049527336
 -0.000237795173   0.000182213955  -0.000049527336
 -0.000022038679  -0.000012724037   0.000206632805
  0.000038904328  -0.000297043639  -0.000049527336
 -0.000000000000   0.000134330135  -0.000195929049
  0.000116333309  -0.000067165067  -0.000195929049
  0.000000000000  -0.000133529123   0.000072682314
  0.000286069549  -0.000016221640   0.000074733608
  0.000128986422   0.000255854317   0.000074733608
 -0.000115639612   0.000066764561   0.000072682314
 -0.000116333309  -0.000067165067  -0.000195929049
  0.000237795173   0.000182213955  -0.000049527336
 -0.000286069549  -0.000016221640   0.000074733608
 -0.000000000000   0.000000000000  -0.000033516383
 -0.000157083127  -0.000239632677   0.000074733608
  0.000276699501   0.000114829683  -0.000049527336
  0.009998278078   0.005772508540  -0.008787421541
  0.000022038679  -0.000012724037   0.000206632805
 -0.000128986422   0.000255854317   0.000074733608
  0.000157083127  -0.000239632677   0.000074733608
 -0.000000000000   0.000025448075   0.000206632805
 -0.000000000000   0.000000000000   0.003617763254
  0.000076483140  -0.000192934712  -0.000031519438
  0.000226521771   0.000083433925   0.000071693304
  0.000185516784   0.000154456646   0.000071693304
 -0.000128844792   0.000162703698  -0.000031519438
 -0.000205327932   0.000030231014  -0.000031519438
 -0.000076483140  -0.000192934712  -0.000031519438
  0.000000000000  -0.000106378531   0.000082234530
 -0.000320481359  -0.000185029999  -0.000211637832
 -0.000092126510   0.000053189266   0.000082234530
 -0.000041004987  -0.000237890571   0.000071693304
 -0.000159181667  -0.000091903578   0.000088274478
 -0.000226521771   0.000083433925   0.000071693304
  0.000320481359  -0.000185029999  -0.000211637832
 -0.000000000000   0.000370059998  -0.000211637832
  0.000041004987  -0.000237890571   0.000071693304
  0.000000000000  -0.000074835460  -0.000201261825
 -0.000064809409   0.000037417730  -0.000201261825
 -0.000185516784   0.000154456646   0.000071693304
  0.000092126510   0.000053189266   0.000082234530
  0.000205327932   0.000030231014  -0.000031519438
  0.000159181667  -0.000091903578   0.000088274478
  0.000064809409   0.000037417730  -0.000201261825
 -0.000000000000   0.000183807157   0.000088274478
  0.000128844792   0.000162703698  -0.000031519438
  0.001310062382  -0.000756364869   0.000568323357
 -0.000000000000   0.001512729738   0.000568323357
 -0.000092789546  -0.000357597353   0.000096147701
 -0.000096221128  -0.000055553294  -0.000348919742
 -0.000356083165   0.000098440572   0.000096147701
 -0.000263293619   0.000259156781   0.000096147701
 -0.000256822497  -0.000148276538   0.000178972970
  0.000092789546  -0.000357597353   0.000096147701
 -0.000000000000   0.000328987637   0.000755871939
  0.000284911651  -0.000164493819   0.000755871939
 -0.000000000000   0.000111106589  -0.000348919742
  0.000058295098  -0.000113376481   0.000063306610
 -0.000069039364   0.000107173277   0.000063306610
  0.000096221128  -0.000055553294  -0.000348919742
 -0.000284911651  -0.000164493819   0.000755871939
  0.000263293619   0.000259156781   0.000096147701
 -0.000058295098  -0.000113376481   0.000063306610
 -0.000000000000   0.000000000000   0.000298197567
 -0.000127334462   0.000006203205   0.000063306610
  0.000356083165   0.000098440572   0.000096147701
 -0.001310062382  -0.000756364869   0.000568323357
  0.000256822497  -0.000148276538   0.000178972970
  0.000069039364   0.000107173277   0.000063306610
  0.000127334462   0.000006203205   0.000063306610
 -0.000000000000   0.000296553075   0.000178972970
   51    1  0.0150  0.0000  0.0000
 -0.007746348001  -0.000000158792   0.000003385925
  0.001235481176  -0.000045010918   0.001118206548
 -0.000056149155  -0.000109013524   0.000151154053
 -0.000355742460  -0.000150075952  -0.000092730249
  0.001305064005   0.000107685271  -0.000612651423
  0.001220869786  -0.000128394614  -0.001734165412
  0.001245618005   0.000063029124  -0.001119407550
 -0.000209630515  -0.000004645569   0.000003127998
  0.000127126482  -0.000088679999   0.000215288132
 -0.000380854317   0.000099456935   0.000016007082
  0.000022295142   0.000283240294  -0.000238070467
 -0.000598191988  -0.000362865604   0.000480368947
 -0.000055599764   0.000098068368  -0.000150966616
  0.000126256608   0.000092500392  -0.000225499652
  0.000280220810   0.000001633797  -0.000000939309
  0.000026776888  -0.000277374584   0.000250591469
  0.000243098535  -0.000017990670  -0.000002280068
  0.000101271569   0.000084294048   0.000307070927
 -0.000345543724   0.000154128168   0.000094915297
 -0.000375691916  -0.000092004088  -0.000003456125
  0.001197454143   0.000125700906   0.001738349311
 -0.000607636192   0.000362618412  -0.000468632056
  0.000126819093  -0.000069638636  -0.000317520993
  0.000027847747  -0.000005687955   0.000002709591
  0.001286099729  -0.000120802710   0.000615533246
 -0.005898768879   0.004458271287   0.009976043563
  0.001822446859   0.000002394574  -0.000002231525
 -0.000105397380  -0.000155287653   0.000050906363
  0.000029671688   0.000362280968  -0.000117670476
  0.000877481519  -0.000974860680   0.000287258141
  0.001369297655  -0.000447467552   0.000239616325
 -0.000082840791  -0.000204829147   0.000029524566
 -0.000111984493   0.000151540861  -0.000042360889
 -0.000257005453  -0.000006327925  -0.000001765728
 -0.000207092920  -0.000026074645  -0.000119666068
 -0.000598427001   0.000006875748   0.000003478404
  0.000022582556   0.000345406907  -0.000296884336
  0.000346154218  -0.000026902972  -0.000135222408
  0.000038096517  -0.000366671428   0.000115618789
 -0.000194188901   0.000038077482   0.000120216907
  0.001367860690   0.000440584128  -0.000221238703
  0.000031356781  -0.000352821049   0.000306254660
 -0.000378443933  -0.000002362734  -0.000010764971
 -0.000093431620  -0.000091886055   0.000160119770
  0.000867691015   0.000983460835  -0.000274559343
 -0.005900256028  -0.004455020232  -0.009976125970
 -0.000087026449   0.000210521883  -0.000021369753
  0.000354714663   0.000014171715   0.000139685955
 -0.000095183173   0.000104161111  -0.000157931505
  0.000291149444  -0.000004808818   0.000002653723
 -0.059291103521  -0.000008048602   0.000000000000
  0.000837838210   0.001305904722   0.000000000000
 -0.000258955075  -0.000126194042   0.000000000000
 -0.000265023580  -0.000040915388   0.000000000000
  0.000849959249   0.000058287722   0.000000000000
 -0.000347120045   0.000623768369   0.000000000000
  0.000850972488  -0.001295791012   0.000000000000
 -0.000085074278  -0.000005060850   0.000000000000
  0.000465500423  -0.000330551386   0.000000000000
 -0.000877930728   0.000461903321   0.000000000000
 -0.000116222049  -0.000037096376   0.000000000000
 -0.000854599410  -0.000452715924   0.000000000000
 -0.000258977961   0.000115711264   0.000000000000
  0.000465859913   0.000332549016   0.000000000000
  0.001036312620   0.000000937219   0.000000000000
 -0.000109885593   0.000039960059   0.000000000000
  0.001050345008  -0.000014801434   0.000000000000
  0.000453147523   0.000343900384   0.000000000000
 -0.000256939357   0.000046796970   0.000000000000
 -0.000869131642  -0.000451307758   0.000000000000
 -0.000365545172  -0.000620879904   0.000000000000
 -0.000856080706   0.000448855692   0.000000000000
  0.000474511509  -0.000333237831   0.000000000000
 -0.000077974815  -0.000000434629   0.000000000000
  0.000841342754  -0.000077268255   0.000000000000
  0.042793065408  -0.032484924637   0.000000000000
 -0.013474296268  -0.000004234445   0.000000000000
 -0.000297786154   0.000132689344   0.000000000000
  0.000441115325   0.000585943174   0.000000000000
  0.000652362178  -0.000422017936   0.000000000000
  0.000434672604  -0.000552284660   0.000000000000
  0.001353103149   0.000420012727   0.000000000000
 -0.000303671392  -0.000133670873   0.000000000000
 -0.000405821173  -0.000008121655   0.000000000000
 -0.000315357817  -0.000046799694   0.000000000000
 -0.000574131963   0.000004909835   0.000000000000
 -0.000384721200   0.000660454518   0.000000000000
  0.000669381601   0.000044135958   0.000000000000
  0.000445231320  -0.000588192593   0.000000000000
 -0.000299439304   0.000062299387   0.000000000000
  0.000433460900   0.000545256367   0.000000000000
 -0.000372575702  -0.000666882047   0.000000000000
 -0.000901772424  -0.000002481507   0.000000000000
 -0.000467718742  -0.000595643294   0.000000000000
  0.000643287933   0.000433227726   0.000000000000
  0.042800255911   0.032496831300   0.000000000000
  0.001349201410  -0.000419065409   0.000000000000
  0.000678055475  -0.000058426729   0.000000000000
 -0.000470215088   0.000609094898   0.000000000000
  0.000640351715  -0.000001258514   0.000000000000
 -0.007746348001  -0.000000158792  -0.000003385925
  0.001235481176  -0.000045010918  -0.001118206548
 -0.000056149155  -0.000109013524  -0.000151154053
 -0.000355742460  -0.000150075952   0.000092730249
  0.001305064005   0.000107685271   0.000612651423
  0.001220869786  -0.000128394614   0.001734165412
  0.001245618005   0.000063029124   0.001119407550
 -0.000209630515  -0.000004645569  -0.000003127998
  0.000127126482  -0.000088679999  -0.000215288132
 -0.000380854317   0.000099456935  -0.000016007082
  0.000022295142   0.000283240294   0.000238070467
 -0.000598191988  -0.000362865604  -0.000480368947
 -0.000055599764   0.000098068368   0.000150966616
  0.000126256608   0.000092500392   0.000225499652
  0.000280220810   0.000001633797   0.000000939309
  0.000026776888  -0.000277374584  -0.000250591469
  0.000243098535  -0.000017990670   0.000002280068
  0.000101271569   0.000084294048  -0.000307070927
 -0.000345543724   0.000154128168  -0.000094915297
 -0.000375691916  -0.000092004088   0.000003456125
  0.001197454143   0.000125700906  -0.001738349311
 -0.000607636192   0.000362618412   0.000468632056
  0.000126819093  -0.000069638636   0.000317520993
  0.000027847747  -0.000005687955  -0.000002709591
  0.001286099729  -0.000120802710  -0.000615533246
 -0.005898768879   0.004458271287  -0.009976043563
  0.001822446859   0.000002394574   0.000002231525
 -0.000105397380  -0.000155287653  -0.000050906363
  0.000029671688   0.000362280968   0.000117670476
  0.000877481519  -0.000974860680  -0.000287258141
  0.001369297655  -0.000447467552  -0.000239616325
 -0.000082840791  -0.000204829147  -0.000029524566
 -0.000111984493   0.000151540861   0.000042360889
 -0.000257005453  -0.000006327925   0.000001765728
 -0.000207092920  -0.000026074645   0.000119666068
 -0.000598427001   0.000006875748  -0.000003478404
  0.000022582556   0.000345406907   0.000296884336
  0.000346154218  -0.000026902972   0.000135222408
  0.000038096517  -0.000366671428  -0.000115618789
 -0.000194188901   0.000038077482  -0.000120216907
  0.001367860690   0.000440584128   0.000221238703
  0.000031356781  -0.000352821049  -0.000306254660
 -0.000378443933  -0.000002362734   0.000010764971
 -0.000093431620  -0.000091886055  -0.000160119770
  0.000867691015   0.000983460835   0.000274559343
 -0.005900256028  -0.004455020232   0.009976125970
 -0.000087026449   0.000210521883   0.000021369753
  0.000354714663   0.000014171715  -0.000139685955
 -0.000095183173   0.000104161111   0.000157931505
  0.000291149444  -0.000004808818  -0.000002653723
   51    2  0.0000  0.0000  0.0150
 -0.000000000000  -0.000000000000   0.089318989079
 -0.000633333696  -0.001075143205   0.000815946102
  0.000148429397   0.000223935616   0.000084061379
  0.000268148631   0.000016575821   0.000084061379
 -0.001247768176  -0.000010911467   0.000815946102
 -0.000614434480   0.001086054673   0.000815946102
  0.000633333696  -0.001075143205   0.000815946102
  0.000000000000  -0.000099894090   0.000012973683
 -0.000375173333  -0.000216606425   0.000051239058
 -0.000086510819   0.000049947045   0.000012973683
  0.000119719234  -0.000240511436   0.000084061379
  0.000399656012   0.000230741506  -0.000315798880
 -0.000148429397   0.000223935616   0.000084061379
  0.000375173333  -0.000216606425   0.000051239058
 -0.000000000000   0.000433212849   0.000051239058
 -0.000119719234  -0.000240511436   0.000084061379
  0.000000000000  -0.000099768775   0.000006648898
 -0.000086402294   0.000049884388   0.000006648898
 -0.000268148631   0.000016575821   0.000084061379
  0.000086510819   0.000049947045   0.000012973683
  0.000614434480   0.001086054673   0.000815946102
 -0.000399656012   0.000230741506  -0.000315798880
  0.000086402294   0.000049884388   0.000006648898
  0.000000000000  -0.000461483012  -0.000315798880
  0.001247768176  -0.000010911467   0.000815946102
  0.007992400054  -0.004614414323  -0.008849717326
 -0.000000000000   0.009228828646  -0.008849717326
  0.000058550847  -0.001354309739  -0.000072357459
 -0.000243525504  -0.000140599516   0.000097167890
 -0.001143591215   0.000727861390  -0.000072357459
 -0.001202142062   0.000626448349  -0.000072357459
  0.000408120586   0.000235628530   0.000166111994
 -0.000058550847  -0.001354309739  -0.000072357459
 -0.000000000000   0.000463069948  -0.000174045615
  0.000401030338  -0.000231534974  -0.000174045615
 -0.000000000000   0.000281199031   0.000097167890
 -0.000075172526  -0.000131595164   0.000091317363
 -0.000151551018   0.000000696265   0.000091317363
  0.000243525504  -0.000140599516   0.000097167890
 -0.000401030338  -0.000231534974  -0.000174045615
  0.001202142062   0.000626448349  -0.000072357459
  0.000075172526  -0.000131595164   0.000091317363
 -0.000000000000  -0.000000000000   0.000008722475
 -0.000076378492   0.000130898899   0.000091317363
  0.001143591215   0.000727861390  -0.000072357459
 -0.007992400054  -0.004614414323  -0.008849717326
 -0.000408120586   0.000235628530   0.000166111994
  0.000151551018   0.000000696265   0.000091317363
  0.000076378492   0.000130898899   0.000091317363
  0.000000000000  -0.000471257061   0.000166111994
  0.000000000000  -0.000000000000  -0.140077407983
 -0.000000292393  -0.000003111098  -0.000086072220
  0.000003293049  -0.000001388426  -0.000157005032
  0.000000444113   0.000003546077  -0.000157005032
 -0.000002840486   0.000001302329  -0.000086072220
 -0.000002548093   0.000001808768  -0.000086072220
  0.000000292393  -0.000003111098  -0.000086072220
  0.000000000000  -0.000003177024   0.000091298176
 -0.000000430681  -0.000000248654  -0.000096133968
 -0.000002751383   0.000001588512   0.000091298176
 -0.000002848936  -0.000002157651  -0.000157005032
 -0.000006900825  -0.000003984193   0.000091536456
 -0.000003293049  -0.000001388426  -0.000157005032
  0.000000430681  -0.000000248654  -0.000096133968
 -0.000000000000   0.000000497308  -0.000096133968
  0.000002848936  -0.000002157651  -0.000157005032
  0.000000000000  -0.000003542105  -0.000093782564
 -0.000003067553   0.000001771053  -0.000093782564
 -0.000000444113   0.000003546077  -0.000157005032
  0.000002751383   0.000001588512   0.000091298176
  0.000002548093   0.000001808768  -0.000086072220
  0.000006900825  -0.000003984193   0.000091536456
  0.000003067553   0.000001771053  -0.000093782564
 -0.000000000000   0.000007968386   0.000091536456
  0.000002840486   0.000001302329  -0.000086072220
 -0.000000749337   0.000000432630   0.002128499027
  0.000000000000  -0.000000865260   0.002128499027
  0.000003170012  -0.000004275925  -0.000230098345
  0.000000993648   0.000000573683  -0.000192006739
 -0.000002118053   0.000004883274  -0.000230098345
 -0.000005288066  -0.000000607349  -0.000230098345
 -0.000005313134  -0.000003067539   0.000128945713
 -0.000003170012  -0.000004275925  -0.000230098345
  0.000000000000  -0.000002144337   0.000517059269
 -0.000001857050   0.000001072168   0.000517059269
  0.000000000000  -0.000001147366  -0.000192006739
 -0.000003397990  -0.000001598756  -0.000067877544
 -0.000003083558  -0.000002143368  -0.000067877544
 -0.000000993648   0.000000573683  -0.000192006739
  0.000001857050   0.000001072168   0.000517059269
  0.000005288066  -0.000000607349  -0.000230098345
  0.000003397990  -0.000001598756  -0.000067877544
 -0.000000000000  -0.000000000000  -0.000057963563
  0.000000314432   0.000003742124  -0.000067877544
  0.000002118053   0.000004883274  -0.000230098345
  0.000000749337   0.000000432630   0.002128499027
  0.000005313134  -0.000003067539   0.000128945713
  0.000003083558  -0.000002143368  -0.000067877544
 -0.000000314432   0.000003742124  -0.000067877544
 -0.000000000000   0.000006135079   0.000128945713
 -0.000000000000  -0.000000000000   0.089305428572
  0.000634896890   0.001070832284   0.000807085790
 -0.000137393950  -0.000224815440   0.000088213458
 -0.000263392857  -0.000006578931   0.000088213458
  0.001244816406   0.000014420693   0.000807085790
  0.000609919516  -0.001085252977   0.000807085790
 -0.000634896890   0.001070832284   0.000807085790
 -0.000000000000   0.000096781211   0.000008103614
  0.000379030392   0.000218833299   0.000053115542
  0.000083814988  -0.000048390606   0.000008103614
 -0.000125998907   0.000231394371   0.000088213458
 -0.000413618059  -0.000238802498  -0.000310551826
  0.000137393950  -0.000224815440   0.000088213458
 -0.000379030392   0.000218833299   0.000053115542
  0.000000000000  -0.000437666597   0.000053115542
  0.000125998907   0.000231394371   0.000088213458
 -0.000000000000   0.000094528205   0.000020176026
  0.000081863827  -0.000047264103   0.000020176026
  0.000263392857  -0.000006578931   0.000088213458
 -0.000083814988  -0.000048390606   0.000008103614
 -0.000609919516  -0.001085252977   0.000807085790
  0.000413618059  -0.000238802498  -0.000310551826
 -0.000081863827  -0.000047264103   0.000020176026
 -0.000000000000   0.000477604995  -0.000310551826
 -0.001244816406   0.000014420693   0.000807085790
 -0.007998871259   0.004618150475  -0.008863372847
  0.000000000000  -0.009236300950  -0.008863372847
 -0.000052650046   0.001343904853  -0.000076562070
  0.000245177825   0.000141553483   0.000100391835
  0.001137530720  -0.000717548704  -0.000076562070
  0.001190180766  -0.000626356149  -0.000076562070
 -0.000421928821  -0.000243600718   0.000158308049
  0.000052650046   0.001343904853  -0.000076562070
  0.000000000000  -0.000468649866  -0.000171753382
 -0.000405862690   0.000234324933  -0.000171753382
  0.000000000000  -0.000283106966   0.000100391835
  0.000065470995   0.000125024927   0.000100167484
  0.000141010261  -0.000005812919   0.000100167484
 -0.000245177825   0.000141553483   0.000100391835
  0.000405862690   0.000234324933  -0.000171753382
 -0.001190180766  -0.000626356149  -0.000076562070
 -0.000065470995   0.000125024927   0.000100167484
 -0.000000000000  -0.000000000000   0.000028081733
  0.000075539266  -0.000119212009   0.000100167484
 -0.001137530720  -0.000717548704  -0.000076562070
  0.007998871259   0.004618150475  -0.008863372847
  0.000421928821  -0.000243600718   0.000158308049
 -0.000141010261  -0.000005812919   0.000100167484
 -0.000075539266  -0.000119212009   0.000100167484
 -0.000000000000   0.000487201437   0.000158308049
