Automatically generated mesh
     190
Reciprocal lattice
    0.00000000000000    0.00000000000000    0.00000000000000             1
    0.02702702702703    0.00000000000000    0.00000000000000             4
    0.05405405405406    0.00000000000000    0.00000000000000             4
    0.08108108108108    0.00000000000000    0.00000000000000             4
    0.10810810810811    0.00000000000000    0.00000000000000             4
    0.13513513513514    0.00000000000000    0.00000000000000             4
    0.16216216216216    0.00000000000000    0.00000000000000             4
    0.18918918918919    0.00000000000000    0.00000000000000             4
    0.21621621621622    0.00000000000000    0.00000000000000             4
    0.24324324324324    0.00000000000000    0.00000000000000             4
    0.27027027027028    0.00000000000000    0.00000000000000             4
    0.29729729729730    0.00000000000000    0.00000000000000             4
    0.32432432432432    0.00000000000000    0.00000000000000             4
    0.35135135135136    0.00000000000000    0.00000000000000             4
    0.37837837837838    0.00000000000000    0.00000000000000             4
    0.40540540540540    0.00000000000000    0.00000000000000             4
    0.43243243243244    0.00000000000000    0.00000000000000             4
    0.45945945945946    0.00000000000000    0.00000000000000             4
    0.48648648648649    0.00000000000000    0.00000000000000             4
    0.02702702702703    0.02702702702703    0.00000000000000             4
    0.05405405405406    0.02702702702703    0.00000000000000             8
    0.08108108108108    0.02702702702703    0.00000000000000             8
    0.10810810810811    0.02702702702703    0.00000000000000             8
    0.13513513513514    0.02702702702703    0.00000000000000             8
    0.16216216216216    0.02702702702703    0.00000000000000             8
    0.18918918918919    0.02702702702703    0.00000000000000             8
    0.21621621621622    0.02702702702703    0.00000000000000             8
    0.24324324324324    0.02702702702703    0.00000000000000             8
    0.27027027027028    0.02702702702703    0.00000000000000             8
    0.29729729729730    0.02702702702703    0.00000000000000             8
    0.32432432432432    0.02702702702703    0.00000000000000             8
    0.35135135135136    0.02702702702703    0.00000000000000             8
    0.37837837837838    0.02702702702703    0.00000000000000             8
    0.40540540540540    0.02702702702703    0.00000000000000             8
    0.43243243243244    0.02702702702703    0.00000000000000             8
    0.45945945945946    0.02702702702703    0.00000000000000             8
    0.48648648648649    0.02702702702703    0.00000000000000             8
    0.05405405405406    0.05405405405406    0.00000000000000             4
    0.08108108108108    0.05405405405406    0.00000000000000             8
    0.10810810810811    0.05405405405406    0.00000000000000             8
    0.13513513513514    0.05405405405406    0.00000000000000             8
    0.16216216216216    0.05405405405406    0.00000000000000             8
    0.18918918918919    0.05405405405406    0.00000000000000             8
    0.21621621621622    0.05405405405406    0.00000000000000             8
    0.24324324324324    0.05405405405406    0.00000000000000             8
    0.27027027027028    0.05405405405406    0.00000000000000             8
    0.29729729729730    0.05405405405406    0.00000000000000             8
    0.32432432432432    0.05405405405406    0.00000000000000             8
    0.35135135135136    0.05405405405406    0.00000000000000             8
    0.37837837837838    0.05405405405406    0.00000000000000             8
    0.40540540540540    0.05405405405406    0.00000000000000             8
    0.43243243243244    0.05405405405406    0.00000000000000             8
    0.45945945945946    0.05405405405406    0.00000000000000             8
    0.48648648648649    0.05405405405406    0.00000000000000             8
    0.08108108108108    0.08108108108108    0.00000000000000             4
    0.10810810810811    0.08108108108108    0.00000000000000             8
    0.13513513513514    0.08108108108108    0.00000000000000             8
    0.16216216216216    0.08108108108108    0.00000000000000             8
    0.18918918918919    0.08108108108108    0.00000000000000             8
    0.21621621621622    0.08108108108108    0.00000000000000             8
    0.24324324324324    0.08108108108108    0.00000000000000             8
    0.27027027027028    0.08108108108108    0.00000000000000             8
    0.29729729729730    0.08108108108108    0.00000000000000             8
    0.32432432432432    0.08108108108108    0.00000000000000             8
    0.35135135135136    0.08108108108108    0.00000000000000             8
    0.37837837837838    0.08108108108108    0.00000000000000             8
    0.40540540540540    0.08108108108108    0.00000000000000             8
    0.43243243243244    0.08108108108108    0.00000000000000             8
    0.45945945945946    0.08108108108108    0.00000000000000             8
    0.48648648648649    0.08108108108108    0.00000000000000             8
    0.10810810810811    0.10810810810811    0.00000000000000             4
    0.13513513513514    0.10810810810811    0.00000000000000             8
    0.16216216216216    0.10810810810811    0.00000000000000             8
    0.18918918918919    0.10810810810811    0.00000000000000             8
    0.21621621621622    0.10810810810811    0.00000000000000             8
    0.24324324324324    0.10810810810811    0.00000000000000             8
    0.27027027027028    0.10810810810811    0.00000000000000             8
    0.29729729729730    0.10810810810811    0.00000000000000             8
    0.32432432432432    0.10810810810811    0.00000000000000             8
    0.35135135135136    0.10810810810811    0.00000000000000             8
    0.37837837837838    0.10810810810811    0.00000000000000             8
    0.40540540540540    0.10810810810811    0.00000000000000             8
    0.43243243243244    0.10810810810811    0.00000000000000             8
    0.45945945945946    0.10810810810811    0.00000000000000             8
    0.48648648648649    0.10810810810811    0.00000000000000             8
    0.13513513513514    0.13513513513514    0.00000000000000             4
    0.16216216216216    0.13513513513514    0.00000000000000             8
    0.18918918918919    0.13513513513514    0.00000000000000             8
    0.21621621621622    0.13513513513514    0.00000000000000             8
    0.24324324324324    0.13513513513514    0.00000000000000             8
    0.27027027027028    0.13513513513514    0.00000000000000             8
    0.29729729729730    0.13513513513514    0.00000000000000             8
    0.32432432432432    0.13513513513514    0.00000000000000             8
    0.35135135135136    0.13513513513514    0.00000000000000             8
    0.37837837837838    0.13513513513514    0.00000000000000             8
    0.40540540540540    0.13513513513514    0.00000000000000             8
    0.43243243243244    0.13513513513514    0.00000000000000             8
    0.45945945945946    0.13513513513514    0.00000000000000             8
    0.48648648648649    0.13513513513514    0.00000000000000             8
    0.16216216216216    0.16216216216216    0.00000000000000             4
    0.18918918918919    0.16216216216216    0.00000000000000             8
    0.21621621621622    0.16216216216216    0.00000000000000             8
    0.24324324324324    0.16216216216216    0.00000000000000             8
    0.27027027027028    0.16216216216216    0.00000000000000             8
    0.29729729729730    0.16216216216216    0.00000000000000             8
    0.32432432432432    0.16216216216216    0.00000000000000             8
    0.35135135135136    0.16216216216216    0.00000000000000             8
    0.37837837837838    0.16216216216216    0.00000000000000             8
    0.40540540540540    0.16216216216216    0.00000000000000             8
    0.43243243243244    0.16216216216216    0.00000000000000             8
    0.45945945945946    0.16216216216216    0.00000000000000             8
    0.48648648648649    0.16216216216216    0.00000000000000             8
    0.18918918918919    0.18918918918919    0.00000000000000             4
    0.21621621621622    0.18918918918919    0.00000000000000             8
    0.24324324324324    0.18918918918919    0.00000000000000             8
    0.27027027027028    0.18918918918919    0.00000000000000             8
    0.29729729729730    0.18918918918919    0.00000000000000             8
    0.32432432432432    0.18918918918919    0.00000000000000             8
    0.35135135135136    0.18918918918919    0.00000000000000             8
    0.37837837837838    0.18918918918919    0.00000000000000             8
    0.40540540540540    0.18918918918919    0.00000000000000             8
    0.43243243243244    0.18918918918919    0.00000000000000             8
    0.45945945945946    0.18918918918919    0.00000000000000             8
    0.48648648648649    0.18918918918919    0.00000000000000             8
    0.21621621621622    0.21621621621622    0.00000000000000             4
    0.24324324324324    0.21621621621622    0.00000000000000             8
    0.27027027027028    0.21621621621622    0.00000000000000             8
    0.29729729729730    0.21621621621622    0.00000000000000             8
    0.32432432432432    0.21621621621622    0.00000000000000             8
    0.35135135135136    0.21621621621622    0.00000000000000             8
    0.37837837837838    0.21621621621622    0.00000000000000             8
    0.40540540540540    0.21621621621622    0.00000000000000             8
    0.43243243243244    0.21621621621622    0.00000000000000             8
    0.45945945945946    0.21621621621622    0.00000000000000             8
    0.48648648648649    0.21621621621622    0.00000000000000             8
    0.24324324324324    0.24324324324324    0.00000000000000             4
    0.27027027027028    0.24324324324324    0.00000000000000             8
    0.29729729729730    0.24324324324324    0.00000000000000             8
    0.32432432432432    0.24324324324324    0.00000000000000             8
    0.35135135135136    0.24324324324324    0.00000000000000             8
    0.37837837837838    0.24324324324324    0.00000000000000             8
    0.40540540540540    0.24324324324324    0.00000000000000             8
    0.43243243243244    0.24324324324324    0.00000000000000             8
    0.45945945945946    0.24324324324324    0.00000000000000             8
    0.48648648648649    0.24324324324324    0.00000000000000             8
    0.27027027027028    0.27027027027028    0.00000000000000             4
    0.29729729729730    0.27027027027028    0.00000000000000             8
    0.32432432432432    0.27027027027028    0.00000000000000             8
    0.35135135135136    0.27027027027028    0.00000000000000             8
    0.37837837837838    0.27027027027028    0.00000000000000             8
    0.40540540540540    0.27027027027028    0.00000000000000             8
    0.43243243243244    0.27027027027028    0.00000000000000             8
    0.45945945945946    0.27027027027028    0.00000000000000             8
    0.48648648648649    0.27027027027028    0.00000000000000             8
    0.29729729729730    0.29729729729730    0.00000000000000             4
    0.32432432432432    0.29729729729730    0.00000000000000             8
    0.35135135135136    0.29729729729730    0.00000000000000             8
    0.37837837837838    0.29729729729730    0.00000000000000             8
    0.40540540540540    0.29729729729730    0.00000000000000             8
    0.43243243243244    0.29729729729730    0.00000000000000             8
    0.45945945945946    0.29729729729730    0.00000000000000             8
    0.48648648648649    0.29729729729730    0.00000000000000             8
    0.32432432432432    0.32432432432432    0.00000000000000             4
    0.35135135135136    0.32432432432432    0.00000000000000             8
    0.37837837837838    0.32432432432432    0.00000000000000             8
    0.40540540540540    0.32432432432432    0.00000000000000             8
    0.43243243243244    0.32432432432432    0.00000000000000             8
    0.45945945945946    0.32432432432432    0.00000000000000             8
    0.48648648648649    0.32432432432432    0.00000000000000             8
    0.35135135135136    0.35135135135136    0.00000000000000             4
    0.37837837837838    0.35135135135136    0.00000000000000             8
    0.40540540540540    0.35135135135136    0.00000000000000             8
    0.43243243243244    0.35135135135136    0.00000000000000             8
    0.45945945945946    0.35135135135136    0.00000000000000             8
    0.48648648648649    0.35135135135136    0.00000000000000             8
    0.37837837837838    0.37837837837838    0.00000000000000             4
    0.40540540540540    0.37837837837838    0.00000000000000             8
    0.43243243243244    0.37837837837838    0.00000000000000             8
    0.45945945945946    0.37837837837838    0.00000000000000             8
    0.48648648648649    0.37837837837838    0.00000000000000             8
    0.40540540540540    0.40540540540540    0.00000000000000             4
    0.43243243243244    0.40540540540540    0.00000000000000             8
    0.45945945945946    0.40540540540540    0.00000000000000             8
    0.48648648648649    0.40540540540540    0.00000000000000             8
    0.43243243243244    0.43243243243244    0.00000000000000             4
    0.45945945945946    0.43243243243244    0.00000000000000             8
    0.48648648648649    0.43243243243244    0.00000000000000             8
    0.45945945945946    0.45945945945946    0.00000000000000             4
    0.48648648648649    0.45945945945946    0.00000000000000             8
    0.48648648648649    0.48648648648649    0.00000000000000             4
