75   
6    

1    
  0.0086602333088316   0.0050000359035315   0.0000000000000000
  -0.0821606100   -0.0474359000    0.0000000000
   0.0222482200    0.0128451400    0.0000000000
   0.0047428300    0.0027383000    0.0000000000
   0.0047487300    0.0027417100    0.0000000000
   0.0217438600    0.0125539500    0.0000000000
   0.0060394300   -0.0148345200   -0.0090603200
  -0.0098582900    0.0127462900    0.0090255700
   0.0004185100    0.0022872500    0.0007748800
   0.0016565300    0.0009528700    0.0000028500
   0.0021690400   -0.0007853300   -0.0007749800
   0.0017442600   -0.0024546200   -0.0011761500
  -0.0013547300   -0.0007867400   -0.0000038500
  -0.0012536400    0.0027422200    0.0011774600
  -0.0001844500    0.0009566900    0.0002014500
   0.0007354600   -0.0006349100   -0.0001976500
   0.0017479900   -0.0024568100   -0.0011774600
   0.0007362800   -0.0006380900   -0.0002014500
  -0.0001821100    0.0009543900    0.0001976500
  -0.0012536200    0.0027379000    0.0011761500
  -0.0013587000   -0.0007798800    0.0000038500
   0.0061093600   -0.0149107600   -0.0090255700
   0.0021900600   -0.0007811800   -0.0007748800
   0.0016534700    0.0009581800   -0.0000028500
   0.0004044100    0.0022711300    0.0007749800
  -0.0098272300    0.0126476100    0.0090603200
   0.0082343300    0.0025975100    0.0072142900
  -0.0027184200   -0.0029729200    0.0130279800
  -0.0016827000   -0.0010735900    0.0136023800
  -0.0038592700   -0.0010281900    0.0141967600
   0.0058172300    0.0056662000    0.0196420000
   0.0021194900    0.0011903500    0.0136006500
   0.0002397700   -0.0030549700    0.0127560800
  -0.0004886800   -0.0009259900    0.0134600400
  -0.0010721900   -0.0000680000    0.0137421400
  -0.0024477100    0.0016796600    0.0144702800
  -0.0000366500    0.0005869000    0.0137193100
   0.0005901900   -0.0004582500    0.0134929500
   0.0003071800   -0.0010524000    0.0134689700
   0.0000304700   -0.0001092100    0.0136008100
  -0.0006666300    0.0007288500    0.0137363200
  -0.0007637800    0.0005002200    0.0138756300
  -0.0005781100   -0.0004064600    0.0136138400
   0.0001488000   -0.0009945400    0.0133344700
   0.0013674800   -0.0009064200    0.0133376500
   0.0000067200    0.0015639100    0.0138831200
   0.0010319700    0.0011557200    0.0145716800
  -0.0013718800   -0.0003364300    0.0137629700
  -0.0009119100   -0.0010869400    0.0134481500
   0.0015519100    0.0001380100    0.0126155800
   0.0098944600    0.0058629200    0.0136875800
   0.0100246200    0.0056374800   -0.0136875800
   0.0015168600    0.0003158600   -0.0145716800
  -0.0009773000   -0.0010198800   -0.0137629700
  -0.0013972700   -0.0002462800   -0.0134481500
   0.0008954800    0.0012750100   -0.0126155800
  -0.0001012300    0.0016374900   -0.0133376500
   0.0013577400   -0.0007761300   -0.0138831200
   0.0000513100   -0.0009115700   -0.0138756300
  -0.0006410600   -0.0002974300   -0.0136138400
  -0.0007868900    0.0006261400   -0.0133344700
  -0.0007578100    0.0007922300   -0.0134689700
  -0.0000793400    0.0000809900   -0.0136008100
   0.0002978800   -0.0009417500   -0.0137363200
   0.0004899400   -0.0003251900   -0.0137193100
  -0.0001017600    0.0007402500   -0.0134929500
  -0.0025257700    0.0017351300   -0.0127560800
  -0.0010462600    0.0000397800   -0.0134600400
  -0.0005949900   -0.0008945500   -0.0137421400
   0.0002307600   -0.0029596300   -0.0144702800
   0.0020906100    0.0012403700   -0.0136006500
   0.0063666500    0.0058324600   -0.0072142900
  -0.0039338100   -0.0008677800   -0.0130279800
  -0.0017710900   -0.0009204800   -0.0136023800
  -0.0028200600   -0.0028281600   -0.0141967600
   0.0078156400    0.0022048100   -0.0196420000

1    
  0.0000000000000000   0.0000000000000000   0.0100000000000000
  -0.0000000000    0.0000000000   -0.0643831900
  -0.0052404900    0.0090320200   -0.0091519800
  -0.0006804200    0.0011762500   -0.0003757800
  -0.0006784400    0.0011773900   -0.0003757800
  -0.0052016400    0.0090544500   -0.0091519800
  -0.0052016400   -0.0090544500   -0.0091519800
   0.0104421300   -0.0000224300   -0.0091519800
   0.0004479900    0.0007759500    0.0004729600
  -0.0001148700    0.0001989600    0.0006229300
  -0.0008959900    0.0000000000    0.0004729600
  -0.0006784400   -0.0011773900   -0.0003757800
   0.0004469500   -0.0007741500    0.0004807500
   0.0013588600   -0.0000011400   -0.0003757800
   0.0002297400    0.0000000000    0.0006229300
  -0.0001148700   -0.0001989600    0.0006229300
  -0.0006804200   -0.0011762500   -0.0003757800
  -0.0001155300   -0.0002001100    0.0006255300
   0.0002310700    0.0000000000    0.0006255300
   0.0013588600    0.0000011400   -0.0003757800
   0.0004479900   -0.0007759500    0.0004729600
  -0.0052404900   -0.0090320200   -0.0091519800
  -0.0008939100    0.0000000000    0.0004807500
  -0.0001155300    0.0002001100    0.0006255300
   0.0004469500    0.0007741500    0.0004807500
   0.0104421300    0.0000224300   -0.0091519800
  -0.0023279100   -0.0040321000    0.0288863900
   0.0004956700   -0.0001757000    0.0143596800
   0.0001686500   -0.0002921100    0.0136518700
  -0.0000956800   -0.0005171200    0.0143596800
   0.0046558200    0.0000000000    0.0288863900
   0.0012026800   -0.0020831200    0.0156413000
  -0.0003999900    0.0003414200    0.0143596800
  -0.0001142400   -0.0001978700    0.0135165700
   0.0002284800    0.0000000000    0.0135165700
  -0.0000956800    0.0005171200    0.0143596800
   0.0004014400   -0.0002601700    0.0137613900
   0.0000245900   -0.0004777400    0.0137613900
  -0.0003372900    0.0000000000    0.0136518700
  -0.0001142400    0.0001978700    0.0135165700
   0.0001686500    0.0002921100    0.0136518700
  -0.0004260300    0.0002175700    0.0137613900
   0.0000000000    0.0000000000    0.0135204300
   0.0000245900    0.0004777400    0.0137613900
  -0.0003999900   -0.0003414200    0.0143596800
   0.0004956700    0.0001757000    0.0143596800
  -0.0024053500    0.0000000000    0.0156413000
  -0.0004260300   -0.0002175700    0.0137613900
   0.0004014400    0.0002601700    0.0137613900
   0.0012026800    0.0020831200    0.0156413000
  -0.0023279100    0.0040321000    0.0288863900
  -0.0024904500    0.0043136200    0.0018657600
   0.0012255300    0.0021227000   -0.0115684600
   0.0003952100    0.0002145900   -0.0134491100
  -0.0003834500   -0.0002349700   -0.0134491100
  -0.0024510600    0.0000000000   -0.0115684600
   0.0004414600    0.0001451700   -0.0128613500
  -0.0003464500   -0.0003097300   -0.0128613500
  -0.0000117600    0.0004495600   -0.0134491100
   0.0000000000    0.0000000000   -0.0137039900
  -0.0003834500    0.0002349700   -0.0134491100
   0.0001430200    0.0002477200   -0.0135518500
  -0.0001621300    0.0002808100   -0.0136871700
  -0.0002860400    0.0000000000   -0.0135518500
  -0.0000117600   -0.0004495600   -0.0134491100
   0.0003952100   -0.0002145900   -0.0134491100
  -0.0000950100    0.0004549000   -0.0128613500
   0.0003242500    0.0000000000   -0.0136871700
  -0.0001621300   -0.0002808100   -0.0136871700
  -0.0003464500    0.0003097300   -0.0128613500
   0.0012255300   -0.0021227000   -0.0115684600
   0.0049808900    0.0000000000    0.0018657600
  -0.0000950100   -0.0004549000   -0.0128613500
   0.0001430200   -0.0002477200   -0.0135518500
   0.0004414600   -0.0001451700   -0.0128613500
  -0.0024904500   -0.0043136200    0.0018657600

26   
  0.0086602333088316   0.0050000359035315   0.0000000000000000
   0.0078805000    0.0020702400   -0.0039104700
   0.0064485500    0.0057063300    0.0044398900
  -0.0039711000   -0.0008379600   -0.0003302100
  -0.0017294100   -0.0009967500    0.0000001700
  -0.0027023000   -0.0029935000    0.0003208300
   0.0009422100    0.0012083200   -0.0021008900
   0.0099678200    0.0057334100   -0.0000191700
   0.0015510500    0.0002431900    0.0021053500
  -0.0010002100   -0.0009547400    0.0004659600
  -0.0013272700   -0.0003937200   -0.0004608900
  -0.0008382900    0.0006615500   -0.0002382400
  -0.0001148600    0.0017110200    0.0004863900
   0.0014235100   -0.0009392700   -0.0004853300
   0.0001606200   -0.0010520300    0.0002362700
  -0.0006082900   -0.0003525600    0.0000006500
  -0.0000103200    0.0005608900    0.0002241200
  -0.0007161100    0.0007607300    0.0002697500
  -0.0000251600   -0.0000111700    0.0000003400
   0.0003026600   -0.0009955500   -0.0002703500
   0.0004831400   -0.0002916800   -0.0002281800
   0.0021041100    0.0012157600   -0.0000151600
  -0.0024295600    0.0016025700    0.0001565900
  -0.0010626800   -0.0000113400    0.0002401700
  -0.0005422100   -0.0009071300   -0.0002390500
   0.0001738300   -0.0028954300   -0.0001640600
  -0.0464453600   -0.0264577400    0.0130853300
   0.0036043700    0.0032804300    0.0150666400
   0.0008165300    0.0005092700    0.0136561500
   0.0009236000    0.0002922500    0.0135595600
   0.0046849300    0.0013079000    0.0121645200
   0.0010254800   -0.0010492500    0.0130822300
  -0.0003876400    0.0013352300    0.0141281200
   0.0002549200    0.0004719400    0.0136032400
   0.0004995200    0.0002441900    0.0136022700
   0.0005538100   -0.0000907100    0.0136124600
   0.0003175500   -0.0003408400    0.0136054100
  -0.0000671400   -0.0001371500    0.0136063800
  -0.0000828300    0.0003203600    0.0136039600
   0.0002082800    0.0002028900    0.0135760400
   0.0003794200   -0.0000465200    0.0136299700
   0.0004137400   -0.0005362500    0.0136583000
   0.0003664500   -0.0000702600    0.0135971100
   0.0002042900    0.0002566100    0.0136231000
  -0.0002031400    0.0005154100    0.0135602500
  -0.0000603400   -0.0001073300    0.0136128900
   0.0021915900   -0.0030334200    0.0145328700
   0.0005314200   -0.0001129900    0.0137030400
   0.0005496000    0.0002660500    0.0136064800
   0.0002183400    0.0004057400    0.0135084900
  -0.0015009800    0.0033098000    0.0126767200
   0.0052293000   -0.0009312400   -0.0177803600
   0.0017627500    0.0050861400   -0.0094039600
   0.0011312200    0.0011224200   -0.0133667500
   0.0005645300    0.0003773300   -0.0136065200
   0.0014545100    0.0005167200   -0.0138382600
   0.0008369800   -0.0005927100   -0.0135694700
  -0.0013390200   -0.0007137800   -0.0136142100
  -0.0001482700    0.0011224800   -0.0136507400
   0.0002112600    0.0006432400   -0.0136569400
   0.0006190200   -0.0000189000   -0.0135637300
   0.0001198500   -0.0003493400   -0.0135956900
   0.0001163900   -0.0001798100   -0.0136056300
  -0.0001546500    0.0003329600   -0.0136001100
  -0.0002978400    0.0003990000   -0.0136142400
  -0.0001782600   -0.0000060400   -0.0136064500
   0.0001367800   -0.0006032700   -0.0133295300
   0.0010641800   -0.0002193200   -0.0136469500
   0.0004466300    0.0002999600   -0.0136029000
   0.0002835400    0.0010793600   -0.0135659400
  -0.0004751700    0.0004948300   -0.0138822000
  -0.0017457500   -0.0008715600   -0.0136278700
   0.0036480500   -0.0006929600   -0.0127624500
   0.0013247700    0.0003578900   -0.0136447200
   0.0008702200    0.0011091500   -0.0135692400
   0.0011623700    0.0036606300   -0.0144411500

26   
 -0.0086602333088316  -0.0050000359035315   0.0000000000000000
  -0.0081675700   -0.0027337300    0.0044410000
  -0.0057331300   -0.0057909300   -0.0039095200
   0.0039453400    0.0008445400    0.0003209100
   0.0017243300    0.0009972900    0.0000002800
   0.0027129900    0.0030211200   -0.0003301400
  -0.0009860300   -0.0012223300    0.0021051800
  -0.0099504500   -0.0057664800   -0.0000192100
  -0.0015181600   -0.0002112000   -0.0021004500
   0.0010047200    0.0009512900   -0.0004613500
   0.0013258100    0.0003896400    0.0004666200
   0.0008280400   -0.0006656300    0.0002366400
   0.0001026600   -0.0017036500   -0.0004854800
  -0.0014248900    0.0009565800    0.0004868600
  -0.0001555700    0.0010547400   -0.0002383700
   0.0006107900    0.0003513300    0.0000007600
   0.0000119800   -0.0005655000   -0.0002283800
   0.0007080800   -0.0007603400   -0.0002699900
   0.0000235600    0.0000170200    0.0000004700
  -0.0003025000    0.0009985300    0.0002695900
  -0.0004811500    0.0002909200    0.0002245200
  -0.0021062400   -0.0012150400   -0.0000151300
   0.0024205900   -0.0015989700   -0.0001643400
   0.0010555500    0.0000168200   -0.0002383900
   0.0005412800    0.0009133600    0.0002397100
  -0.0001735700    0.0029060400    0.0001569200
   0.0462966200    0.0270870600    0.0130742300
  -0.0032409900   -0.0032734900    0.0121736000
  -0.0005407900   -0.0005526600    0.0135512200
  -0.0006747700   -0.0003521900    0.0136647200
  -0.0044135700   -0.0013435100    0.0150577500
  -0.0007911500    0.0011062100    0.0141196400
   0.0005704400   -0.0013158800    0.0130909500
   0.0000383300   -0.0003906900    0.0136035300
  -0.0003451800   -0.0002434900    0.0136023900
  -0.0003015600    0.0001530700    0.0136124200
  -0.0000599100    0.0002942800    0.0136075200
   0.0003550100    0.0001065800    0.0136064900
   0.0002784500   -0.0003241300    0.0136020800
   0.0000868300   -0.0002847800    0.0136294700
  -0.0001036600    0.0000921700    0.0135767700
  -0.0002047900    0.0005163800    0.0135553700
  -0.0001166200    0.0000684100    0.0136301800
   0.0000828200   -0.0002310500    0.0135902700
   0.0003991700   -0.0005465900    0.0136634100
   0.0003618300    0.0001364300    0.0136130200
  -0.0018780900    0.0030245400    0.0126772500
  -0.0003239600    0.0001307500    0.0135122500
  -0.0002950900   -0.0002216200    0.0136066100
   0.0000016900   -0.0004569000    0.0136995500
   0.0017103700   -0.0032439100    0.0145325600
  -0.0054227700    0.0008703800   -0.0094029400
  -0.0020037300   -0.0050395100   -0.0177800900
  -0.0013794400   -0.0011576700   -0.0138417400
  -0.0007730300   -0.0003949000   -0.0136064000
  -0.0017754400   -0.0005175300   -0.0133629800
  -0.0011323800    0.0005561300   -0.0136556200
   0.0011520700    0.0007244800   -0.0136141400
  -0.0001380600   -0.0011573600   -0.0135643900
  -0.0004623900   -0.0006402100   -0.0135705400
  -0.0008293000    0.0000394500   -0.0136499200
  -0.0003948200    0.0003036500   -0.0136106900
  -0.0004093400    0.0002553300   -0.0135993900
  -0.0000406700   -0.0003399000   -0.0136061300
   0.0000102900   -0.0003731900   -0.0135990200
  -0.0000772200    0.0000522800   -0.0136063400
  -0.0003941200    0.0005456100   -0.0138907200
  -0.0012161800    0.0002158700   -0.0135568000
  -0.0007415200   -0.0003860200   -0.0136027900
  -0.0004798100   -0.0011131100   -0.0136558600
   0.0002543500   -0.0005393000   -0.0133207800
   0.0013739200    0.0009299500   -0.0136276900
  -0.0038960500    0.0007454000   -0.0144500000
  -0.0015953500   -0.0003149800   -0.0135607100
  -0.0011726300   -0.0010833600   -0.0136530300
  -0.0013642400   -0.0035919400   -0.0127532800

26   
  0.0000000000000000   0.0000000000000000   0.0100000000000000
  -0.0036935000   -0.0063973800    0.0154031300
   0.0073869900    0.0000000000    0.0154031300
   0.0008345900   -0.0002710900    0.0007507300
   0.0000772300   -0.0001337600    0.0000507300
  -0.0001825300   -0.0008583300    0.0007507300
   0.0011260900    0.0000000000    0.0020380000
  -0.0036935000    0.0063973800    0.0154031300
  -0.0005630500   -0.0009752300    0.0020380000
  -0.0000242900   -0.0002713000    0.0001576300
   0.0002470900   -0.0001146200    0.0001576300
   0.0002470900    0.0001146200    0.0001576300
  -0.0001825300    0.0008583300    0.0007507300
  -0.0006520700    0.0005872400    0.0007507300
  -0.0002228100   -0.0001566800    0.0001576300
  -0.0000000000    0.0000000000   -0.0000912600
  -0.0000242900    0.0002713000    0.0001576300
   0.0000772300    0.0001337600    0.0000507300
  -0.0000814800    0.0001411300   -0.0000848700
  -0.0001544600    0.0000000000    0.0000507300
  -0.0002228100    0.0001566800    0.0001576300
  -0.0005630500    0.0009752300    0.0020380000
   0.0008345900    0.0002710900    0.0007507300
   0.0001629600    0.0000000000   -0.0000848700
  -0.0000814800   -0.0001411300   -0.0000848700
  -0.0006520700   -0.0005872400    0.0007507300
   0.0000000000   -0.0000000000   -0.0435699700
  -0.0011320600   -0.0009525900    0.0126693300
  -0.0000254100   -0.0000618300    0.0135312200
   0.0000662500   -0.0000089100    0.0135312200
   0.0013909900    0.0005041100    0.0126693300
   0.0013909900   -0.0005041100    0.0126693300
  -0.0002589300   -0.0014567000    0.0126693300
  -0.0000485900   -0.0000841500    0.0133937700
  -0.0000129100    0.0000223600    0.0135612100
   0.0000971700    0.0000000000    0.0133937700
   0.0000662500    0.0000089100    0.0135312200
   0.0000023500   -0.0000040700    0.0133908400
  -0.0000408400   -0.0000529200    0.0135312200
   0.0000258200    0.0000000000    0.0135612100
  -0.0000129100   -0.0000223600    0.0135612100
  -0.0000254100    0.0000618300    0.0135312200
   0.0000092300    0.0000159900    0.0135676800
  -0.0000184600   -0.0000000000    0.0135676800
  -0.0000408400    0.0000529200    0.0135312200
  -0.0000485900    0.0000841500    0.0133937700
  -0.0011320600    0.0009525900    0.0126693300
  -0.0000047000    0.0000000000    0.0133908400
   0.0000092300   -0.0000159900    0.0135676800
   0.0000023500    0.0000040700    0.0133908400
  -0.0002589300    0.0014567000    0.0126693300
  -0.0048632500    0.0000000000   -0.0095408500
   0.0024316300    0.0042117400   -0.0095408500
   0.0003037100   -0.0000319600   -0.0138785600
   0.0000061400   -0.0000106300   -0.0136559600
  -0.0001241700   -0.0002790100   -0.0138785600
  -0.0001241700    0.0002790100   -0.0138785600
  -0.0004783500    0.0008285400   -0.0144006000
  -0.0001795400    0.0002470400   -0.0138785600
  -0.0000319000   -0.0000552500   -0.0136628600
   0.0000638000   -0.0000000000   -0.0136628600
   0.0000061400    0.0000106300   -0.0136559600
   0.0000019500   -0.0000442400   -0.0137181500
   0.0000373300   -0.0000238100   -0.0137181500
  -0.0000122800   -0.0000000000   -0.0136559600
  -0.0000319000    0.0000552500   -0.0136628600
   0.0003037100    0.0000319600   -0.0138785600
  -0.0000392800   -0.0000204300   -0.0137181500
  -0.0000000000   -0.0000000000   -0.0135926000
   0.0000373300    0.0000238100   -0.0137181500
  -0.0001795400   -0.0002470400   -0.0138785600
   0.0024316300   -0.0042117400   -0.0095408500
   0.0009567000    0.0000000000   -0.0144006000
  -0.0000392800    0.0000204300   -0.0137181500
   0.0000019500    0.0000442400   -0.0137181500
  -0.0004783500   -0.0008285400   -0.0144006000

26   
  0.0000000000000000   0.0000000000000000  -0.0100000000000000
   0.0034791300    0.0060260900   -0.0153493000
  -0.0069582600   -0.0000000000   -0.0153493000
  -0.0008300000    0.0002743700   -0.0007489800
  -0.0000771300    0.0001335900   -0.0000507000
   0.0001773900    0.0008559900   -0.0007489800
  -0.0011325900   -0.0000000000   -0.0020363200
   0.0034791300   -0.0060260900   -0.0153493000
   0.0005662900    0.0009808600   -0.0020363200
   0.0000268000    0.0002698900   -0.0001560700
  -0.0002471300    0.0001117400   -0.0001560700
  -0.0002471300   -0.0001117400   -0.0001560700
   0.0001773900   -0.0008559900   -0.0007489800
   0.0006526000   -0.0005816200   -0.0007489800
   0.0002203300    0.0001581500   -0.0001560700
   0.0000000000   -0.0000000000    0.0000909500
   0.0000268000   -0.0002698900   -0.0001560700
  -0.0000771300   -0.0001335900   -0.0000507000
   0.0000814100   -0.0001410000    0.0000843500
   0.0001542600   -0.0000000000   -0.0000507000
   0.0002203300   -0.0001581500   -0.0001560700
   0.0005662900   -0.0009808600   -0.0020363200
  -0.0008300000   -0.0002743700   -0.0007489800
  -0.0001628100   -0.0000000000    0.0000843500
   0.0000814100    0.0001410000    0.0000843500
   0.0006526000    0.0005816200   -0.0007489800
   0.0000000000   -0.0000000000    0.0704670000
   0.0011371300    0.0009030600    0.0145454800
   0.0000364000    0.0000412400    0.0136803800
  -0.0000539100   -0.0000109100    0.0136803800
  -0.0013506300   -0.0005332700    0.0145454800
  -0.0013506300    0.0005332700    0.0145454800
   0.0002135000    0.0014363200    0.0145454800
   0.0000616900    0.0001068400    0.0138196000
   0.0000061100   -0.0000105800    0.0136411600
  -0.0001233700   -0.0000000000    0.0138196000
  -0.0000539100    0.0000109100    0.0136803800
   0.0000024700   -0.0000042700    0.0138166400
   0.0000175100    0.0000521400    0.0136803800
  -0.0000122200   -0.0000000000    0.0136411600
   0.0000061100    0.0000105800    0.0136411600
   0.0000364000   -0.0000412400    0.0136803800
  -0.0000215700   -0.0000373500    0.0136475800
   0.0000431300   -0.0000000000    0.0136475800
   0.0000175100   -0.0000521400    0.0136803800
   0.0000616900   -0.0001068400    0.0138196000
   0.0011371300   -0.0009030600    0.0145454800
  -0.0000049300   -0.0000000000    0.0138166400
  -0.0000215700    0.0000373500    0.0136475800
   0.0000024700    0.0000042700    0.0138166400
   0.0002135000   -0.0014363200    0.0145454800
   0.0048100200   -0.0000000000   -0.0176275500
  -0.0024050100   -0.0041656400   -0.0176275500
  -0.0002946800    0.0000542500   -0.0133326200
  -0.0000026000    0.0000045000   -0.0135531200
   0.0001003600    0.0002823300   -0.0133326200
   0.0001003600   -0.0002823300   -0.0133326200
   0.0004961300   -0.0008593300   -0.0128138800
   0.0001943200   -0.0002280800   -0.0133326200
   0.0000179300    0.0000310500   -0.0135536000
  -0.0000358600   -0.0000000000   -0.0135536000
  -0.0000026000   -0.0000045000   -0.0135531200
  -0.0000429600    0.0000457500   -0.0134918400
  -0.0000181400    0.0000600800   -0.0134918400
   0.0000051900   -0.0000000000   -0.0135531200
   0.0000179300   -0.0000310500   -0.0135536000
  -0.0002946800   -0.0000542500   -0.0133326200
   0.0000611000   -0.0000143300   -0.0134918400
   0.0000000000   -0.0000000000   -0.0136106900
  -0.0000181400   -0.0000600800   -0.0134918400
   0.0001943200    0.0002280800   -0.0133326200
  -0.0024050100    0.0041656400   -0.0176275500
  -0.0009922600   -0.0000000000   -0.0128138800
   0.0000611000    0.0000143300   -0.0134918400
  -0.0000429600   -0.0000457500   -0.0134918400
   0.0004961300    0.0008593300   -0.0128138800
