Automatically generated mesh
     969
Reciprocal lattice
    0.00000000000000    0.00000000000000    0.00000000000000             1
    0.03030303030303    0.00000000000000    0.00000000000000            12
    0.06060606060606    0.00000000000000    0.00000000000000            12
    0.09090909090909    0.00000000000000    0.00000000000000            12
    0.12121212121213    0.00000000000000    0.00000000000000            12
    0.15151515151515    0.00000000000000    0.00000000000000            12
    0.18181818181818    0.00000000000000    0.00000000000000            12
    0.21212121212121    0.00000000000000    0.00000000000000            12
    0.24242424242424    0.00000000000000    0.00000000000000            12
    0.27272727272727    0.00000000000000    0.00000000000000            12
    0.30303030303031    0.00000000000000    0.00000000000000            12
    0.33333333333334    0.00000000000000    0.00000000000000            12
    0.36363636363637    0.00000000000000    0.00000000000000            12
    0.39393939393939    0.00000000000000    0.00000000000000            12
    0.42424242424242    0.00000000000000    0.00000000000000            12
    0.45454545454545    0.00000000000000    0.00000000000000            12
    0.48484848484849    0.00000000000000    0.00000000000000            12
    0.03030303030303    0.03030303030303    0.00000000000000            24
    0.06060606060606    0.03030303030303    0.00000000000000            48
    0.09090909090909    0.03030303030303    0.00000000000000            48
    0.12121212121212    0.03030303030303    0.00000000000000            48
    0.15151515151515    0.03030303030303    0.00000000000000            48
    0.18181818181818    0.03030303030303    0.00000000000000            48
    0.21212121212121    0.03030303030303    0.00000000000000            48
    0.24242424242424    0.03030303030303    0.00000000000000            48
    0.27272727272727    0.03030303030303    0.00000000000000            48
    0.30303030303031    0.03030303030303    0.00000000000000            48
    0.33333333333334    0.03030303030303    0.00000000000000            48
    0.36363636363636    0.03030303030303    0.00000000000000            48
    0.39393939393939    0.03030303030303    0.00000000000000            48
    0.42424242424242    0.03030303030303    0.00000000000000            48
    0.45454545454545    0.03030303030303    0.00000000000000            48
    0.48484848484849    0.03030303030303    0.00000000000000            24
    0.06060606060606    0.06060606060606    0.00000000000000            24
    0.09090909090909    0.06060606060606    0.00000000000000            48
    0.12121212121212    0.06060606060606    0.00000000000000            48
    0.15151515151515    0.06060606060606    0.00000000000000            48
    0.18181818181818    0.06060606060606    0.00000000000000            48
    0.21212121212121    0.06060606060606    0.00000000000000            48
    0.24242424242424    0.06060606060606    0.00000000000000            48
    0.27272727272727    0.06060606060606    0.00000000000000            48
    0.30303030303031    0.06060606060606    0.00000000000000            48
    0.33333333333334    0.06060606060606    0.00000000000000            48
    0.36363636363636    0.06060606060606    0.00000000000000            48
    0.39393939393939    0.06060606060606    0.00000000000000            48
    0.42424242424242    0.06060606060606    0.00000000000000            48
    0.45454545454545    0.06060606060606    0.00000000000000            48
    0.09090909090909    0.09090909090909    0.00000000000000            24
    0.12121212121212    0.09090909090909    0.00000000000000            48
    0.15151515151515    0.09090909090909    0.00000000000000            48
    0.18181818181818    0.09090909090909    0.00000000000000            48
    0.21212121212121    0.09090909090909    0.00000000000000            48
    0.24242424242424    0.09090909090909    0.00000000000000            48
    0.27272727272727    0.09090909090909    0.00000000000000            48
    0.30303030303031    0.09090909090909    0.00000000000000            48
    0.33333333333333    0.09090909090909    0.00000000000000            48
    0.36363636363636    0.09090909090909    0.00000000000000            48
    0.39393939393939    0.09090909090909    0.00000000000000            48
    0.42424242424242    0.09090909090909    0.00000000000000            48
    0.45454545454545    0.09090909090909    0.00000000000000            24
    0.12121212121212    0.12121212121213    0.00000000000000            24
    0.15151515151515    0.12121212121213    0.00000000000000            48
    0.18181818181818    0.12121212121213    0.00000000000000            48
    0.21212121212121    0.12121212121213    0.00000000000000            48
    0.24242424242424    0.12121212121213    0.00000000000000            48
    0.27272727272727    0.12121212121213    0.00000000000000            48
    0.30303030303031    0.12121212121213    0.00000000000000            48
    0.33333333333333    0.12121212121213    0.00000000000000            48
    0.36363636363636    0.12121212121213    0.00000000000000            48
    0.39393939393939    0.12121212121213    0.00000000000000            48
    0.42424242424242    0.12121212121213    0.00000000000000            48
    0.15151515151515    0.15151515151516    0.00000000000000            24
    0.18181818181818    0.15151515151516    0.00000000000000            48
    0.21212121212121    0.15151515151516    0.00000000000000            48
    0.24242424242424    0.15151515151516    0.00000000000000            48
    0.27272727272727    0.15151515151516    0.00000000000000            48
    0.30303030303030    0.15151515151516    0.00000000000000            48
    0.33333333333333    0.15151515151516    0.00000000000000            48
    0.36363636363636    0.15151515151516    0.00000000000000            48
    0.39393939393939    0.15151515151516    0.00000000000000            48
    0.42424242424242    0.15151515151516    0.00000000000000            24
    0.18181818181818    0.18181818181819    0.00000000000000            24
    0.21212121212121    0.18181818181819    0.00000000000000            48
    0.24242424242424    0.18181818181819    0.00000000000000            48
    0.27272727272727    0.18181818181819    0.00000000000000            48
    0.30303030303030    0.18181818181819    0.00000000000000            48
    0.33333333333333    0.18181818181819    0.00000000000000            48
    0.36363636363636    0.18181818181819    0.00000000000000            48
    0.39393939393939    0.18181818181819    0.00000000000000            48
    0.21212121212121    0.21212121212122    0.00000000000000            24
    0.24242424242424    0.21212121212122    0.00000000000000            48
    0.27272727272727    0.21212121212122    0.00000000000000            48
    0.30303030303030    0.21212121212122    0.00000000000000            48
    0.33333333333333    0.21212121212122    0.00000000000000            48
    0.36363636363636    0.21212121212122    0.00000000000000            48
    0.39393939393939    0.21212121212122    0.00000000000000            24
    0.24242424242424    0.24242424242425    0.00000000000000            24
    0.27272727272727    0.24242424242425    0.00000000000000            48
    0.30303030303030    0.24242424242425    0.00000000000000            48
    0.33333333333333    0.24242424242425    0.00000000000000            48
    0.36363636363636    0.24242424242425    0.00000000000000            48
    0.27272727272727    0.27272727272727    0.00000000000000            24
    0.30303030303031    0.27272727272727    0.00000000000000            48
    0.33333333333334    0.27272727272727    0.00000000000000            48
    0.36363636363637    0.27272727272727    0.00000000000000            24
    0.30303030303031    0.30303030303030    0.00000000000000            24
    0.33333333333334    0.30303030303030    0.00000000000000            48
    0.33333333333334    0.33333333333333    0.00000000000000             8
    0.03030303030303    0.03030303030303    0.03030303030303             8
    0.06060606060606    0.03030303030303    0.03030303030303            24
    0.09090909090909    0.03030303030303    0.03030303030303            24
    0.12121212121212    0.03030303030303    0.03030303030303            24
    0.15151515151515    0.03030303030303    0.03030303030303            24
    0.18181818181818    0.03030303030303    0.03030303030303            24
    0.21212121212121    0.03030303030303    0.03030303030303            24
    0.24242424242424    0.03030303030303    0.03030303030303            24
    0.27272727272727    0.03030303030303    0.03030303030303            24
    0.30303030303031    0.03030303030303    0.03030303030303            24
    0.33333333333334    0.03030303030303    0.03030303030303            24
    0.36363636363636    0.03030303030303    0.03030303030303            24
    0.39393939393939    0.03030303030303    0.03030303030303            24
    0.42424242424242    0.03030303030303    0.03030303030303            24
    0.45454545454545    0.03030303030303    0.03030303030303            24
   -0.03030303030303    0.03030303030303    0.03030303030303             6
    0.06060606060606    0.06060606060606    0.03030303030303            24
    0.09090909090909    0.06060606060606    0.03030303030303            48
    0.12121212121212    0.06060606060606    0.03030303030303            48
    0.15151515151515    0.06060606060606    0.03030303030303            48
    0.18181818181818    0.06060606060606    0.03030303030303            48
    0.21212121212121    0.06060606060606    0.03030303030303            48
    0.24242424242424    0.06060606060606    0.03030303030303            48
    0.27272727272727    0.06060606060606    0.03030303030303            48
    0.30303030303031    0.06060606060606    0.03030303030303            48
    0.33333333333333    0.06060606060606    0.03030303030303            48
    0.36363636363636    0.06060606060606    0.03030303030303            48
    0.39393939393939    0.06060606060606    0.03030303030303            48
    0.42424242424242    0.06060606060606    0.03030303030303            48
    0.45454545454545    0.06060606060606    0.03030303030303            24
   -0.06060606060606    0.06060606060606    0.03030303030303            24
    0.09090909090909    0.09090909090909    0.03030303030303            24
    0.12121212121212    0.09090909090909    0.03030303030303            48
    0.15151515151515    0.09090909090909    0.03030303030303            48
    0.18181818181818    0.09090909090909    0.03030303030303            48
    0.21212121212121    0.09090909090909    0.03030303030303            48
    0.24242424242424    0.09090909090909    0.03030303030303            48
    0.27272727272727    0.09090909090909    0.03030303030303            48
    0.30303030303031    0.09090909090909    0.03030303030303            48
    0.33333333333333    0.09090909090909    0.03030303030303            48
    0.36363636363636    0.09090909090909    0.03030303030303            48
    0.39393939393939    0.09090909090909    0.03030303030303            48
    0.42424242424242    0.09090909090909    0.03030303030303            48
   -0.09090909090909    0.09090909090909    0.03030303030303            24
   -0.06060606060606    0.09090909090909    0.03030303030303            24
    0.12121212121212    0.12121212121213    0.03030303030303            24
    0.15151515151515    0.12121212121213    0.03030303030303            48
    0.18181818181818    0.12121212121213    0.03030303030303            48
    0.21212121212121    0.12121212121213    0.03030303030303            48
    0.24242424242424    0.12121212121213    0.03030303030303            48
    0.27272727272727    0.12121212121213    0.03030303030303            48
    0.30303030303030    0.12121212121213    0.03030303030303            48
    0.33333333333333    0.12121212121213    0.03030303030303            48
    0.36363636363636    0.12121212121213    0.03030303030303            48
    0.39393939393939    0.12121212121213    0.03030303030303            48
    0.42424242424242    0.12121212121213    0.03030303030303            24
   -0.12121212121212    0.12121212121213    0.03030303030303            24
   -0.09090909090909    0.12121212121213    0.03030303030303            48
    0.15151515151515    0.15151515151516    0.03030303030303            24
    0.18181818181818    0.15151515151516    0.03030303030303            48
    0.21212121212121    0.15151515151516    0.03030303030303            48
    0.24242424242424    0.15151515151516    0.03030303030303            48
    0.27272727272727    0.15151515151516    0.03030303030303            48
    0.30303030303030    0.15151515151516    0.03030303030303            48
    0.33333333333333    0.15151515151516    0.03030303030303            48
    0.36363636363636    0.15151515151516    0.03030303030303            48
    0.39393939393939    0.15151515151516    0.03030303030303            48
   -0.15151515151515    0.15151515151516    0.03030303030303            24
   -0.12121212121212    0.15151515151516    0.03030303030303            48
   -0.09090909090909    0.15151515151516    0.03030303030303            24
    0.18181818181818    0.18181818181819    0.03030303030303            24
    0.21212121212121    0.18181818181819    0.03030303030303            48
    0.24242424242424    0.18181818181819    0.03030303030303            48
    0.27272727272727    0.18181818181819    0.03030303030303            48
    0.30303030303030    0.18181818181819    0.03030303030303            48
    0.33333333333333    0.18181818181819    0.03030303030303            48
    0.36363636363636    0.18181818181819    0.03030303030303            48
    0.39393939393939    0.18181818181819    0.03030303030303            24
   -0.18181818181819    0.18181818181819    0.03030303030303            24
   -0.15151515151515    0.18181818181819    0.03030303030303            48
   -0.12121212121212    0.18181818181819    0.03030303030303            48
    0.21212121212121    0.21212121212122    0.03030303030303            24
    0.24242424242424    0.21212121212122    0.03030303030303            48
    0.27272727272727    0.21212121212122    0.03030303030303            48
    0.30303030303030    0.21212121212122    0.03030303030303            48
    0.33333333333333    0.21212121212122    0.03030303030303            48
    0.36363636363636    0.21212121212122    0.03030303030303            48
   -0.21212121212122    0.21212121212122    0.03030303030303            24
   -0.18181818181819    0.21212121212122    0.03030303030303            48
   -0.15151515151515    0.21212121212122    0.03030303030303            48
   -0.12121212121212    0.21212121212122    0.03030303030303            24
    0.24242424242424    0.24242424242424    0.03030303030303            24
    0.27272727272727    0.24242424242424    0.03030303030303            48
    0.30303030303031    0.24242424242424    0.03030303030303            48
    0.33333333333334    0.24242424242424    0.03030303030303            48
    0.36363636363637    0.24242424242424    0.03030303030303            24
   -0.24242424242424    0.24242424242424    0.03030303030303            24
   -0.21212121212121    0.24242424242424    0.03030303030303            48
   -0.18181818181818    0.24242424242424    0.03030303030303            48
   -0.15151515151515    0.24242424242424    0.03030303030303            48
    0.27272727272727    0.27272727272727    0.03030303030303            24
    0.30303030303031    0.27272727272727    0.03030303030303            48
    0.33333333333334    0.27272727272727    0.03030303030303            48
   -0.27272727272727    0.27272727272727    0.03030303030303            24
   -0.24242424242424    0.27272727272727    0.03030303030303            48
   -0.21212121212121    0.27272727272727    0.03030303030303            48
   -0.18181818181818    0.27272727272727    0.03030303030303            48
   -0.15151515151515    0.27272727272727    0.03030303030303            24
    0.30303030303031    0.30303030303030    0.03030303030303            24
    0.33333333333334    0.30303030303030    0.03030303030303            24
   -0.30303030303030    0.30303030303030    0.03030303030303            24
   -0.27272727272727    0.30303030303030    0.03030303030303            48
   -0.24242424242424    0.30303030303030    0.03030303030303            48
   -0.21212121212121    0.30303030303030    0.03030303030303            48
   -0.18181818181818    0.30303030303030    0.03030303030303            48
   -0.33333333333333    0.33333333333333    0.03030303030303            24
   -0.30303030303030    0.33333333333333    0.03030303030303            48
   -0.27272727272727    0.33333333333333    0.03030303030303            48
   -0.24242424242424    0.33333333333333    0.03030303030303            48
   -0.21212121212121    0.33333333333333    0.03030303030303            48
   -0.18181818181818    0.33333333333333    0.03030303030303            24
   -0.36363636363636    0.36363636363636    0.03030303030303            24
   -0.33333333333333    0.36363636363636    0.03030303030303            48
   -0.30303030303030    0.36363636363636    0.03030303030303            48
   -0.27272727272727    0.36363636363636    0.03030303030303            48
   -0.24242424242424    0.36363636363636    0.03030303030303            48
   -0.21212121212121    0.36363636363636    0.03030303030303            48
   -0.39393939393939    0.39393939393939    0.03030303030303            24
   -0.36363636363636    0.39393939393939    0.03030303030303            48
   -0.33333333333333    0.39393939393939    0.03030303030303            48
   -0.30303030303030    0.39393939393939    0.03030303030303            48
   -0.27272727272727    0.39393939393939    0.03030303030303            48
   -0.24242424242424    0.39393939393939    0.03030303030303            48
   -0.21212121212121    0.39393939393939    0.03030303030303            24
   -0.42424242424242    0.42424242424242    0.03030303030303            24
   -0.39393939393939    0.42424242424242    0.03030303030303            48
   -0.36363636363636    0.42424242424242    0.03030303030303            48
   -0.33333333333333    0.42424242424242    0.03030303030303            48
   -0.30303030303030    0.42424242424242    0.03030303030303            48
   -0.27272727272727    0.42424242424242    0.03030303030303            48
   -0.24242424242424    0.42424242424242    0.03030303030303            48
   -0.45454545454545    0.45454545454545    0.03030303030303            24
   -0.42424242424242    0.45454545454545    0.03030303030303            48
   -0.39393939393939    0.45454545454545    0.03030303030303            48
   -0.36363636363637    0.45454545454545    0.03030303030303            48
   -0.33333333333333    0.45454545454545    0.03030303030303            48
   -0.30303030303030    0.45454545454545    0.03030303030303            48
   -0.27272727272727    0.45454545454545    0.03030303030303            48
   -0.24242424242424    0.45454545454545    0.03030303030303            24
   -0.48484848484848    0.48484848484849    0.03030303030303            24
   -0.45454545454545    0.48484848484849    0.03030303030303            48
   -0.42424242424242    0.48484848484849    0.03030303030303            48
   -0.39393939393939    0.48484848484849    0.03030303030303            48
   -0.36363636363637    0.48484848484849    0.03030303030303            48
   -0.33333333333333    0.48484848484849    0.03030303030303            48
   -0.30303030303030    0.48484848484849    0.03030303030303            48
   -0.27272727272727    0.48484848484849    0.03030303030303            48
   -0.48484848484848   -0.48484848484848    0.03030303030303            24
   -0.45454545454545   -0.48484848484848    0.03030303030303            48
   -0.42424242424242   -0.48484848484848    0.03030303030303            48
   -0.39393939393940   -0.48484848484848    0.03030303030303            48
   -0.36363636363637   -0.48484848484848    0.03030303030303            48
   -0.33333333333333   -0.48484848484848    0.03030303030303            48
   -0.30303030303030   -0.48484848484848    0.03030303030303            48
   -0.27272727272727   -0.48484848484848    0.03030303030303            24
   -0.45454545454545   -0.45454545454545    0.03030303030303            24
   -0.42424242424242   -0.45454545454545    0.03030303030303            48
   -0.39393939393940   -0.45454545454545    0.03030303030303            48
   -0.36363636363637   -0.45454545454545    0.03030303030303            48
   -0.33333333333333   -0.45454545454545    0.03030303030303            48
   -0.30303030303030   -0.45454545454545    0.03030303030303            48
   -0.42424242424243   -0.42424242424242    0.03030303030303            24
   -0.39393939393940   -0.42424242424242    0.03030303030303            48
   -0.36363636363637   -0.42424242424242    0.03030303030303            48
   -0.33333333333333   -0.42424242424242    0.03030303030303            48
   -0.30303030303030   -0.42424242424242    0.03030303030303            24
   -0.39393939393940   -0.39393939393939    0.03030303030303            24
   -0.36363636363637   -0.39393939393939    0.03030303030303            48
   -0.33333333333333   -0.39393939393939    0.03030303030303            48
   -0.36363636363637   -0.36363636363636    0.03030303030303            24
   -0.33333333333333   -0.36363636363636    0.03030303030303            24
    0.06060606060606    0.06060606060606    0.06060606060606             8
    0.09090909090909    0.06060606060606    0.06060606060606            24
    0.12121212121212    0.06060606060606    0.06060606060606            24
    0.15151515151515    0.06060606060606    0.06060606060606            24
    0.18181818181818    0.06060606060606    0.06060606060606            24
    0.21212121212121    0.06060606060606    0.06060606060606            24
    0.24242424242424    0.06060606060606    0.06060606060606            24
    0.27272727272727    0.06060606060606    0.06060606060606            24
    0.30303030303031    0.06060606060606    0.06060606060606            24
    0.33333333333333    0.06060606060606    0.06060606060606            24
    0.36363636363636    0.06060606060606    0.06060606060606            24
    0.39393939393939    0.06060606060606    0.06060606060606            24
    0.42424242424242    0.06060606060606    0.06060606060606            24
   -0.06060606060606    0.06060606060606    0.06060606060606             6
    0.09090909090909    0.09090909090909    0.06060606060606            24
    0.12121212121212    0.09090909090909    0.06060606060606            48
    0.15151515151515    0.09090909090909    0.06060606060606            48
    0.18181818181818    0.09090909090909    0.06060606060606            48
    0.21212121212121    0.09090909090909    0.06060606060606            48
    0.24242424242424    0.09090909090909    0.06060606060606            48
    0.27272727272727    0.09090909090909    0.06060606060606            48
    0.30303030303030    0.09090909090909    0.06060606060606            48
    0.33333333333333    0.09090909090909    0.06060606060606            48
    0.36363636363636    0.09090909090909    0.06060606060606            48
    0.39393939393939    0.09090909090909    0.06060606060606            48
    0.42424242424242    0.09090909090909    0.06060606060606            24
   -0.09090909090909    0.09090909090909    0.06060606060606            24
    0.12121212121212    0.12121212121213    0.06060606060606            24
    0.15151515151515    0.12121212121213    0.06060606060606            48
    0.18181818181818    0.12121212121213    0.06060606060606            48
    0.21212121212121    0.12121212121213    0.06060606060606            48
    0.24242424242424    0.12121212121213    0.06060606060606            48
    0.27272727272727    0.12121212121213    0.06060606060606            48
    0.30303030303030    0.12121212121213    0.06060606060606            48
    0.33333333333333    0.12121212121213    0.06060606060606            48
    0.36363636363636    0.12121212121213    0.06060606060606            48
    0.39393939393939    0.12121212121213    0.06060606060606            48
   -0.12121212121212    0.12121212121213    0.06060606060606            24
   -0.09090909090909    0.12121212121213    0.06060606060606            24
    0.15151515151515    0.15151515151516    0.06060606060606            24
    0.18181818181818    0.15151515151516    0.06060606060606            48
    0.21212121212121    0.15151515151516    0.06060606060606            48
    0.24242424242424    0.15151515151516    0.06060606060606            48
    0.27272727272727    0.15151515151516    0.06060606060606            48
    0.30303030303030    0.15151515151516    0.06060606060606            48
    0.33333333333333    0.15151515151516    0.06060606060606            48
    0.36363636363636    0.15151515151516    0.06060606060606            48
    0.39393939393939    0.15151515151516    0.06060606060606            24
   -0.15151515151515    0.15151515151516    0.06060606060606            24
   -0.12121212121212    0.15151515151516    0.06060606060606            48
    0.18181818181818    0.18181818181819    0.06060606060606            24
    0.21212121212121    0.18181818181819    0.06060606060606            48
    0.24242424242424    0.18181818181819    0.06060606060606            48
    0.27272727272727    0.18181818181819    0.06060606060606            48
    0.30303030303030    0.18181818181819    0.06060606060606            48
    0.33333333333333    0.18181818181819    0.06060606060606            48
    0.36363636363636    0.18181818181819    0.06060606060606            48
   -0.18181818181819    0.18181818181819    0.06060606060606            24
   -0.15151515151515    0.18181818181819    0.06060606060606            48
   -0.12121212121212    0.18181818181819    0.06060606060606            24
    0.21212121212122    0.21212121212121    0.06060606060606            24
    0.24242424242424    0.21212121212121    0.06060606060606            48
    0.27272727272727    0.21212121212121    0.06060606060606            48
    0.30303030303031    0.21212121212121    0.06060606060606            48
    0.33333333333334    0.21212121212121    0.06060606060606            48
    0.36363636363637    0.21212121212121    0.06060606060606            24
   -0.21212121212121    0.21212121212121    0.06060606060606            24
   -0.18181818181818    0.21212121212121    0.06060606060606            48
   -0.15151515151515    0.21212121212121    0.06060606060606            48
    0.24242424242424    0.24242424242424    0.06060606060606            24
    0.27272727272727    0.24242424242424    0.06060606060606            48
    0.30303030303031    0.24242424242424    0.06060606060606            48
    0.33333333333334    0.24242424242424    0.06060606060606            48
   -0.24242424242424    0.24242424242424    0.06060606060606            24
   -0.21212121212121    0.24242424242424    0.06060606060606            48
   -0.18181818181818    0.24242424242424    0.06060606060606            48
   -0.15151515151515    0.24242424242424    0.06060606060606            24
    0.27272727272727    0.27272727272727    0.06060606060606            24
    0.30303030303031    0.27272727272727    0.06060606060606            48
    0.33333333333334    0.27272727272727    0.06060606060606            24
   -0.27272727272727    0.27272727272727    0.06060606060606            24
   -0.24242424242424    0.27272727272727    0.06060606060606            48
   -0.21212121212121    0.27272727272727    0.06060606060606            48
   -0.18181818181818    0.27272727272727    0.06060606060606            48
    0.30303030303031    0.30303030303031    0.06060606060606            24
   -0.30303030303030    0.30303030303031    0.06060606060606            24
   -0.27272727272727    0.30303030303031    0.06060606060606            48
   -0.24242424242424    0.30303030303031    0.06060606060606            48
   -0.21212121212121    0.30303030303031    0.06060606060606            48
   -0.18181818181818    0.30303030303031    0.06060606060606            24
   -0.33333333333333    0.33333333333333    0.06060606060606            24
   -0.30303030303030    0.33333333333333    0.06060606060606            48
   -0.27272727272727    0.33333333333333    0.06060606060606            48
   -0.24242424242424    0.33333333333333    0.06060606060606            48
   -0.21212121212121    0.33333333333333    0.06060606060606            48
   -0.36363636363636    0.36363636363636    0.06060606060606            24
   -0.33333333333333    0.36363636363636    0.06060606060606            48
   -0.30303030303030    0.36363636363636    0.06060606060606            48
   -0.27272727272727    0.36363636363636    0.06060606060606            48
   -0.24242424242424    0.36363636363636    0.06060606060606            48
   -0.21212121212121    0.36363636363636    0.06060606060606            24
   -0.39393939393939    0.39393939393939    0.06060606060606            24
   -0.36363636363636    0.39393939393939    0.06060606060606            48
   -0.33333333333333    0.39393939393939    0.06060606060606            48
   -0.30303030303030    0.39393939393939    0.06060606060606            48
   -0.27272727272727    0.39393939393939    0.06060606060606            48
   -0.24242424242424    0.39393939393939    0.06060606060606            48
   -0.42424242424242    0.42424242424242    0.06060606060606            24
   -0.39393939393939    0.42424242424242    0.06060606060606            48
   -0.36363636363637    0.42424242424242    0.06060606060606            48
   -0.33333333333333    0.42424242424242    0.06060606060606            48
   -0.30303030303030    0.42424242424242    0.06060606060606            48
   -0.27272727272727    0.42424242424242    0.06060606060606            48
   -0.24242424242424    0.42424242424242    0.06060606060606            24
   -0.45454545454545    0.45454545454545    0.06060606060606            24
   -0.42424242424242    0.45454545454545    0.06060606060606            48
   -0.39393939393939    0.45454545454545    0.06060606060606            48
   -0.36363636363637    0.45454545454545    0.06060606060606            48
   -0.33333333333333    0.45454545454545    0.06060606060606            48
   -0.30303030303030    0.45454545454545    0.06060606060606            48
   -0.27272727272727    0.45454545454545    0.06060606060606            48
   -0.48484848484848    0.48484848484849    0.06060606060606            24
   -0.45454545454545    0.48484848484849    0.06060606060606            48
   -0.42424242424242    0.48484848484849    0.06060606060606            48
   -0.39393939393940    0.48484848484849    0.06060606060606            48
   -0.36363636363637    0.48484848484849    0.06060606060606            48
   -0.33333333333333    0.48484848484849    0.06060606060606            48
   -0.30303030303030    0.48484848484849    0.06060606060606            48
   -0.27272727272727    0.48484848484849    0.06060606060606            24
   -0.48484848484848   -0.48484848484848    0.06060606060606            24
   -0.45454545454545   -0.48484848484848    0.06060606060606            48
   -0.42424242424242   -0.48484848484848    0.06060606060606            48
   -0.39393939393940   -0.48484848484848    0.06060606060606            48
   -0.36363636363637   -0.48484848484848    0.06060606060606            48
   -0.33333333333333   -0.48484848484848    0.06060606060606            48
   -0.30303030303030   -0.48484848484848    0.06060606060606            48
   -0.45454545454545   -0.45454545454545    0.06060606060606            24
   -0.42424242424243   -0.45454545454545    0.06060606060606            48
   -0.39393939393940   -0.45454545454545    0.06060606060606            48
   -0.36363636363637   -0.45454545454545    0.06060606060606            48
   -0.33333333333333   -0.45454545454545    0.06060606060606            48
   -0.30303030303030   -0.45454545454545    0.06060606060606            24
   -0.42424242424243   -0.42424242424242    0.06060606060606            24
   -0.39393939393940   -0.42424242424242    0.06060606060606            48
   -0.36363636363637   -0.42424242424242    0.06060606060606            48
   -0.33333333333333   -0.42424242424242    0.06060606060606            48
   -0.39393939393940   -0.39393939393939    0.06060606060606            24
   -0.36363636363637   -0.39393939393939    0.06060606060606            48
   -0.33333333333333   -0.39393939393939    0.06060606060606            24
   -0.36363636363637   -0.36363636363636    0.06060606060606            24
    0.09090909090909    0.09090909090909    0.09090909090909             8
    0.12121212121212    0.09090909090909    0.09090909090909            24
    0.15151515151515    0.09090909090909    0.09090909090909            24
    0.18181818181818    0.09090909090909    0.09090909090909            24
    0.21212121212121    0.09090909090909    0.09090909090909            24
    0.24242424242424    0.09090909090909    0.09090909090909            24
    0.27272727272727    0.09090909090909    0.09090909090909            24
    0.30303030303030    0.09090909090909    0.09090909090909            24
    0.33333333333333    0.09090909090909    0.09090909090909            24
    0.36363636363636    0.09090909090909    0.09090909090909            24
    0.39393939393939    0.09090909090909    0.09090909090909            24
   -0.09090909090909    0.09090909090909    0.09090909090909             6
    0.12121212121212    0.12121212121213    0.09090909090909            24
    0.15151515151515    0.12121212121213    0.09090909090909            48
    0.18181818181818    0.12121212121213    0.09090909090909            48
    0.21212121212121    0.12121212121213    0.09090909090909            48
    0.24242424242424    0.12121212121213    0.09090909090909            48
    0.27272727272727    0.12121212121213    0.09090909090909            48
    0.30303030303030    0.12121212121213    0.09090909090909            48
    0.33333333333333    0.12121212121213    0.09090909090909            48
    0.36363636363636    0.12121212121213    0.09090909090909            48
    0.39393939393939    0.12121212121213    0.09090909090909            24
   -0.12121212121212    0.12121212121213    0.09090909090909            24
    0.15151515151515    0.15151515151516    0.09090909090909            24
    0.18181818181818    0.15151515151516    0.09090909090909            48
    0.21212121212121    0.15151515151516    0.09090909090909            48
    0.24242424242424    0.15151515151516    0.09090909090909            48
    0.27272727272727    0.15151515151516    0.09090909090909            48
    0.30303030303030    0.15151515151516    0.09090909090909            48
    0.33333333333333    0.15151515151516    0.09090909090909            48
    0.36363636363636    0.15151515151516    0.09090909090909            48
   -0.15151515151515    0.15151515151516    0.09090909090909            24
   -0.12121212121212    0.15151515151516    0.09090909090909            24
    0.18181818181819    0.18181818181818    0.09090909090909            24
    0.21212121212122    0.18181818181818    0.09090909090909            48
    0.24242424242424    0.18181818181818    0.09090909090909            48
    0.27272727272727    0.18181818181818    0.09090909090909            48
    0.30303030303031    0.18181818181818    0.09090909090909            48
    0.33333333333334    0.18181818181818    0.09090909090909            48
    0.36363636363637    0.18181818181818    0.09090909090909            24
   -0.18181818181818    0.18181818181818    0.09090909090909            24
   -0.15151515151515    0.18181818181818    0.09090909090909            48
    0.21212121212122    0.21212121212121    0.09090909090909            24
    0.24242424242424    0.21212121212121    0.09090909090909            48
    0.27272727272727    0.21212121212121    0.09090909090909            48
    0.30303030303031    0.21212121212121    0.09090909090909            48
    0.33333333333334    0.21212121212121    0.09090909090909            48
   -0.21212121212121    0.21212121212121    0.09090909090909            24
   -0.18181818181818    0.21212121212121    0.09090909090909            48
   -0.15151515151515    0.21212121212121    0.09090909090909            24
    0.24242424242424    0.24242424242424    0.09090909090909            24
    0.27272727272727    0.24242424242424    0.09090909090909            48
    0.30303030303031    0.24242424242424    0.09090909090909            48
    0.33333333333334    0.24242424242424    0.09090909090909            24
   -0.24242424242424    0.24242424242424    0.09090909090909            24
   -0.21212121212121    0.24242424242424    0.09090909090909            48
   -0.18181818181818    0.24242424242424    0.09090909090909            48
    0.27272727272727    0.27272727272727    0.09090909090909            24
    0.30303030303031    0.27272727272727    0.09090909090909            48
   -0.27272727272727    0.27272727272727    0.09090909090909            24
   -0.24242424242424    0.27272727272727    0.09090909090909            48
   -0.21212121212121    0.27272727272727    0.09090909090909            48
   -0.18181818181818    0.27272727272727    0.09090909090909            24
    0.30303030303031    0.30303030303031    0.09090909090909             8
   -0.30303030303030    0.30303030303031    0.09090909090909            24
   -0.27272727272727    0.30303030303031    0.09090909090909            48
   -0.24242424242424    0.30303030303031    0.09090909090909            48
   -0.21212121212121    0.30303030303031    0.09090909090909            48
   -0.33333333333333    0.33333333333334    0.09090909090909            24
   -0.30303030303030    0.33333333333334    0.09090909090909            48
   -0.27272727272727    0.33333333333334    0.09090909090909            48
   -0.24242424242424    0.33333333333334    0.09090909090909            48
   -0.21212121212121    0.33333333333334    0.09090909090909            24
   -0.36363636363636    0.36363636363636    0.09090909090909            24
   -0.33333333333333    0.36363636363636    0.09090909090909            48
   -0.30303030303030    0.36363636363636    0.09090909090909            48
   -0.27272727272727    0.36363636363636    0.09090909090909            48
   -0.24242424242424    0.36363636363636    0.09090909090909            48
   -0.39393939393939    0.39393939393939    0.09090909090909            24
   -0.36363636363637    0.39393939393939    0.09090909090909            48
   -0.33333333333333    0.39393939393939    0.09090909090909            48
   -0.30303030303030    0.39393939393939    0.09090909090909            48
   -0.27272727272727    0.39393939393939    0.09090909090909            48
   -0.24242424242424    0.39393939393939    0.09090909090909            24
   -0.42424242424242    0.42424242424242    0.09090909090909            24
   -0.39393939393939    0.42424242424242    0.09090909090909            48
   -0.36363636363637    0.42424242424242    0.09090909090909            48
   -0.33333333333333    0.42424242424242    0.09090909090909            48
   -0.30303030303030    0.42424242424242    0.09090909090909            48
   -0.27272727272727    0.42424242424242    0.09090909090909            48
   -0.45454545454545    0.45454545454545    0.09090909090909            24
   -0.42424242424242    0.45454545454545    0.09090909090909            48
   -0.39393939393940    0.45454545454545    0.09090909090909            48
   -0.36363636363637    0.45454545454545    0.09090909090909            48
   -0.33333333333333    0.45454545454545    0.09090909090909            48
   -0.30303030303030    0.45454545454545    0.09090909090909            48
   -0.27272727272727    0.45454545454545    0.09090909090909            24
   -0.48484848484848    0.48484848484849    0.09090909090909            24
   -0.45454545454545    0.48484848484849    0.09090909090909            48
   -0.42424242424242    0.48484848484849    0.09090909090909            48
   -0.39393939393940    0.48484848484849    0.09090909090909            48
   -0.36363636363637    0.48484848484849    0.09090909090909            48
   -0.33333333333333    0.48484848484849    0.09090909090909            48
   -0.30303030303030    0.48484848484849    0.09090909090909            48
   -0.48484848484848   -0.48484848484848    0.09090909090909            24
   -0.45454545454545   -0.48484848484848    0.09090909090909            48
   -0.42424242424243   -0.48484848484848    0.09090909090909            48
   -0.39393939393940   -0.48484848484848    0.09090909090909            48
   -0.36363636363637   -0.48484848484848    0.09090909090909            48
   -0.33333333333333   -0.48484848484848    0.09090909090909            48
   -0.30303030303030   -0.48484848484848    0.09090909090909            24
   -0.45454545454545   -0.45454545454545    0.09090909090909            24
   -0.42424242424243   -0.45454545454545    0.09090909090909            48
   -0.39393939393940   -0.45454545454545    0.09090909090909            48
   -0.36363636363637   -0.45454545454545    0.09090909090909            48
   -0.33333333333333   -0.45454545454545    0.09090909090909            48
   -0.42424242424243   -0.42424242424242    0.09090909090909            24
   -0.39393939393940   -0.42424242424242    0.09090909090909            48
   -0.36363636363637   -0.42424242424242    0.09090909090909            48
   -0.33333333333333   -0.42424242424242    0.09090909090909            24
   -0.39393939393940   -0.39393939393939    0.09090909090909            24
   -0.36363636363637   -0.39393939393939    0.09090909090909            48
   -0.36363636363637   -0.36363636363636    0.09090909090909             8
    0.12121212121212    0.12121212121213    0.12121212121213             8
    0.15151515151515    0.12121212121213    0.12121212121213            24
    0.18181818181818    0.12121212121213    0.12121212121213            24
    0.21212121212121    0.12121212121213    0.12121212121213            24
    0.24242424242424    0.12121212121213    0.12121212121213            24
    0.27272727272727    0.12121212121213    0.12121212121213            24
    0.30303030303030    0.12121212121213    0.12121212121213            24
    0.33333333333333    0.12121212121213    0.12121212121213            24
    0.36363636363636    0.12121212121213    0.12121212121213            24
   -0.12121212121212    0.12121212121213    0.12121212121213             6
    0.15151515151516    0.15151515151515    0.12121212121212            24
    0.18181818181819    0.15151515151515    0.12121212121212            48
    0.21212121212122    0.15151515151515    0.12121212121212            48
    0.24242424242424    0.15151515151515    0.12121212121212            48
    0.27272727272727    0.15151515151515    0.12121212121212            48
    0.30303030303031    0.15151515151515    0.12121212121212            48
    0.33333333333334    0.15151515151515    0.12121212121212            48
    0.36363636363637    0.15151515151515    0.12121212121212            24
   -0.15151515151515    0.15151515151515    0.12121212121212            24
    0.18181818181819    0.18181818181818    0.12121212121212            24
    0.21212121212122    0.18181818181818    0.12121212121212            48
    0.24242424242424    0.18181818181818    0.12121212121212            48
    0.27272727272727    0.18181818181818    0.12121212121212            48
    0.30303030303031    0.18181818181818    0.12121212121212            48
    0.33333333333334    0.18181818181818    0.12121212121212            48
   -0.18181818181818    0.18181818181818    0.12121212121212            24
   -0.15151515151515    0.18181818181818    0.12121212121212            24
    0.21212121212121    0.21212121212121    0.12121212121212            24
    0.24242424242424    0.21212121212121    0.12121212121212            48
    0.27272727272727    0.21212121212121    0.12121212121212            48
    0.30303030303031    0.21212121212121    0.12121212121212            48
    0.33333333333334    0.21212121212121    0.12121212121212            24
   -0.21212121212121    0.21212121212121    0.12121212121212            24
   -0.18181818181818    0.21212121212121    0.12121212121212            48
    0.24242424242424    0.24242424242424    0.12121212121212            24
    0.27272727272727    0.24242424242424    0.12121212121212            48
    0.30303030303031    0.24242424242424    0.12121212121212            48
   -0.24242424242424    0.24242424242424    0.12121212121212            24
   -0.21212121212121    0.24242424242424    0.12121212121212            48
   -0.18181818181818    0.24242424242424    0.12121212121212            24
    0.27272727272727    0.27272727272727    0.12121212121212            24
    0.30303030303031    0.27272727272727    0.12121212121212            24
   -0.27272727272727    0.27272727272727    0.12121212121212            24
   -0.24242424242424    0.27272727272727    0.12121212121212            48
   -0.21212121212121    0.27272727272727    0.12121212121212            48
   -0.30303030303030    0.30303030303031    0.12121212121212            24
   -0.27272727272727    0.30303030303031    0.12121212121212            48
   -0.24242424242424    0.30303030303031    0.12121212121212            48
   -0.21212121212121    0.30303030303031    0.12121212121212            24
   -0.33333333333333    0.33333333333334    0.12121212121212            24
   -0.30303030303030    0.33333333333334    0.12121212121212            48
   -0.27272727272727    0.33333333333334    0.12121212121212            48
   -0.24242424242424    0.33333333333334    0.12121212121212            48
   -0.36363636363637    0.36363636363637    0.12121212121212            24
   -0.33333333333333    0.36363636363637    0.12121212121212            48
   -0.30303030303030    0.36363636363637    0.12121212121212            48
   -0.27272727272727    0.36363636363637    0.12121212121212            48
   -0.24242424242424    0.36363636363637    0.12121212121212            24
   -0.39393939393939    0.39393939393939    0.12121212121213            24
   -0.36363636363637    0.39393939393939    0.12121212121213            48
   -0.33333333333333    0.39393939393939    0.12121212121213            48
   -0.30303030303030    0.39393939393939    0.12121212121213            48
   -0.27272727272727    0.39393939393939    0.12121212121213            48
   -0.42424242424242    0.42424242424242    0.12121212121213            24
   -0.39393939393940    0.42424242424242    0.12121212121213            48
   -0.36363636363637    0.42424242424242    0.12121212121213            48
   -0.33333333333333    0.42424242424242    0.12121212121213            48
   -0.30303030303030    0.42424242424242    0.12121212121213            48
   -0.27272727272727    0.42424242424242    0.12121212121213            24
   -0.45454545454545    0.45454545454545    0.12121212121213            24
   -0.42424242424242    0.45454545454545    0.12121212121213            48
   -0.39393939393940    0.45454545454545    0.12121212121213            48
   -0.36363636363637    0.45454545454545    0.12121212121213            48
   -0.33333333333333    0.45454545454545    0.12121212121213            48
   -0.30303030303030    0.45454545454545    0.12121212121213            48
   -0.48484848484848    0.48484848484849    0.12121212121213            24
   -0.45454545454545    0.48484848484849    0.12121212121213            48
   -0.42424242424243    0.48484848484849    0.12121212121213            48
   -0.39393939393940    0.48484848484849    0.12121212121213            48
   -0.36363636363637    0.48484848484849    0.12121212121213            48
   -0.33333333333333    0.48484848484849    0.12121212121213            48
   -0.30303030303030    0.48484848484849    0.12121212121213            24
   -0.48484848484848   -0.48484848484848    0.12121212121213            24
   -0.45454545454545   -0.48484848484848    0.12121212121213            48
   -0.42424242424243   -0.48484848484848    0.12121212121213            48
   -0.39393939393940   -0.48484848484848    0.12121212121213            48
   -0.36363636363637   -0.48484848484848    0.12121212121213            48
   -0.33333333333333   -0.48484848484848    0.12121212121213            48
   -0.45454545454546   -0.45454545454545    0.12121212121213            24
   -0.42424242424243   -0.45454545454545    0.12121212121213            48
   -0.39393939393940   -0.45454545454545    0.12121212121213            48
   -0.36363636363637   -0.45454545454545    0.12121212121213            48
   -0.33333333333333   -0.45454545454545    0.12121212121213            24
   -0.42424242424243   -0.42424242424242    0.12121212121213            24
   -0.39393939393940   -0.42424242424242    0.12121212121213            48
   -0.36363636363637   -0.42424242424242    0.12121212121213            48
   -0.39393939393940   -0.39393939393939    0.12121212121213            24
   -0.36363636363637   -0.39393939393939    0.12121212121213            24
    0.15151515151516    0.15151515151515    0.15151515151515             8
    0.18181818181819    0.15151515151515    0.15151515151515            24
    0.21212121212122    0.15151515151515    0.15151515151515            24
    0.24242424242424    0.15151515151515    0.15151515151515            24
    0.27272727272727    0.15151515151515    0.15151515151515            24
    0.30303030303031    0.15151515151515    0.15151515151515            24
    0.33333333333334    0.15151515151515    0.15151515151515            24
   -0.15151515151515    0.15151515151515    0.15151515151515             6
    0.18181818181819    0.18181818181818    0.15151515151515            24
    0.21212121212121    0.18181818181818    0.15151515151515            48
    0.24242424242424    0.18181818181818    0.15151515151515            48
    0.27272727272727    0.18181818181818    0.15151515151515            48
    0.30303030303031    0.18181818181818    0.15151515151515            48
    0.33333333333334    0.18181818181818    0.15151515151515            24
   -0.18181818181818    0.18181818181818    0.15151515151515            24
    0.21212121212121    0.21212121212121    0.15151515151515            24
    0.24242424242424    0.21212121212121    0.15151515151515            48
    0.27272727272727    0.21212121212121    0.15151515151515            48
    0.30303030303031    0.21212121212121    0.15151515151515            48
   -0.21212121212121    0.21212121212121    0.15151515151515            24
   -0.18181818181818    0.21212121212121    0.15151515151515            24
    0.24242424242424    0.24242424242424    0.15151515151515            24
    0.27272727272727    0.24242424242424    0.15151515151515            48
    0.30303030303031    0.24242424242424    0.15151515151515            24
   -0.24242424242424    0.24242424242424    0.15151515151515            24
   -0.21212121212121    0.24242424242424    0.15151515151515            48
    0.27272727272727    0.27272727272727    0.15151515151515            24
   -0.27272727272727    0.27272727272727    0.15151515151515            24
   -0.24242424242424    0.27272727272727    0.15151515151515            48
   -0.21212121212121    0.27272727272727    0.15151515151515            24
   -0.30303030303030    0.30303030303031    0.15151515151515            24
   -0.27272727272727    0.30303030303031    0.15151515151515            48
   -0.24242424242424    0.30303030303031    0.15151515151515            48
   -0.33333333333333    0.33333333333334    0.15151515151515            24
   -0.30303030303030    0.33333333333334    0.15151515151515            48
   -0.27272727272727    0.33333333333334    0.15151515151515            48
   -0.24242424242424    0.33333333333334    0.15151515151515            24
   -0.36363636363637    0.36363636363637    0.15151515151515            24
   -0.33333333333333    0.36363636363637    0.15151515151515            48
   -0.30303030303030    0.36363636363637    0.15151515151515            48
   -0.27272727272727    0.36363636363637    0.15151515151515            48
   -0.39393939393940    0.39393939393940    0.15151515151515            24
   -0.36363636363637    0.39393939393940    0.15151515151515            48
   -0.33333333333333    0.39393939393940    0.15151515151515            48
   -0.30303030303030    0.39393939393940    0.15151515151515            48
   -0.27272727272727    0.39393939393940    0.15151515151515            24
   -0.42424242424242    0.42424242424242    0.15151515151516            24
   -0.39393939393940    0.42424242424242    0.15151515151516            48
   -0.36363636363637    0.42424242424242    0.15151515151516            48
   -0.33333333333333    0.42424242424242    0.15151515151516            48
   -0.30303030303030    0.42424242424242    0.15151515151516            48
   -0.45454545454545    0.45454545454545    0.15151515151516            24
   -0.42424242424243    0.45454545454545    0.15151515151516            48
   -0.39393939393940    0.45454545454545    0.15151515151516            48
   -0.36363636363637    0.45454545454545    0.15151515151516            48
   -0.33333333333333    0.45454545454545    0.15151515151516            48
   -0.30303030303030    0.45454545454545    0.15151515151516            24
   -0.48484848484848    0.48484848484849    0.15151515151516            24
   -0.45454545454545    0.48484848484849    0.15151515151516            48
   -0.42424242424243    0.48484848484849    0.15151515151516            48
   -0.39393939393940    0.48484848484849    0.15151515151516            48
   -0.36363636363637    0.48484848484849    0.15151515151516            48
   -0.33333333333333    0.48484848484849    0.15151515151516            48
   -0.48484848484848   -0.48484848484848    0.15151515151516            24
   -0.45454545454546   -0.48484848484848    0.15151515151516            48
   -0.42424242424243   -0.48484848484848    0.15151515151516            48
   -0.39393939393940   -0.48484848484848    0.15151515151516            48
   -0.36363636363637   -0.48484848484848    0.15151515151516            48
   -0.33333333333333   -0.48484848484848    0.15151515151516            24
   -0.45454545454546   -0.45454545454545    0.15151515151516            24
   -0.42424242424243   -0.45454545454545    0.15151515151516            48
   -0.39393939393940   -0.45454545454545    0.15151515151516            48
   -0.36363636363637   -0.45454545454545    0.15151515151516            48
   -0.42424242424243   -0.42424242424242    0.15151515151516            24
   -0.39393939393940   -0.42424242424242    0.15151515151516            48
   -0.36363636363637   -0.42424242424242    0.15151515151516            24
   -0.39393939393939   -0.39393939393940    0.15151515151515            24
    0.18181818181819    0.18181818181818    0.18181818181818             8
    0.21212121212121    0.18181818181818    0.18181818181818            24
    0.24242424242424    0.18181818181818    0.18181818181818            24
    0.27272727272727    0.18181818181818    0.18181818181818            24
    0.30303030303031    0.18181818181818    0.18181818181818            24
   -0.18181818181818    0.18181818181818    0.18181818181818             6
    0.21212121212121    0.21212121212121    0.18181818181818            24
    0.24242424242424    0.21212121212121    0.18181818181818            48
    0.27272727272727    0.21212121212121    0.18181818181818            48
    0.30303030303031    0.21212121212121    0.18181818181818            24
   -0.21212121212121    0.21212121212121    0.18181818181818            24
    0.24242424242424    0.24242424242424    0.18181818181818            24
    0.27272727272727    0.24242424242424    0.18181818181818            48
   -0.24242424242424    0.24242424242424    0.18181818181818            24
   -0.21212121212121    0.24242424242424    0.18181818181818            24
    0.27272727272727    0.27272727272727    0.18181818181818             8
   -0.27272727272727    0.27272727272727    0.18181818181818            24
   -0.24242424242424    0.27272727272727    0.18181818181818            48
   -0.30303030303030    0.30303030303031    0.18181818181818            24
   -0.27272727272727    0.30303030303031    0.18181818181818            48
   -0.24242424242424    0.30303030303031    0.18181818181818            24
   -0.33333333333333    0.33333333333334    0.18181818181818            24
   -0.30303030303030    0.33333333333334    0.18181818181818            48
   -0.27272727272727    0.33333333333334    0.18181818181818            48
   -0.36363636363637    0.36363636363637    0.18181818181818            24
   -0.33333333333333    0.36363636363637    0.18181818181818            48
   -0.30303030303030    0.36363636363637    0.18181818181818            48
   -0.27272727272727    0.36363636363637    0.18181818181818            24
   -0.39393939393940    0.39393939393940    0.18181818181818            24
   -0.36363636363637    0.39393939393940    0.18181818181818            48
   -0.33333333333333    0.39393939393940    0.18181818181818            48
   -0.30303030303030    0.39393939393940    0.18181818181818            48
   -0.42424242424243    0.42424242424243    0.18181818181818            24
   -0.39393939393940    0.42424242424243    0.18181818181818            48
   -0.36363636363637    0.42424242424243    0.18181818181818            48
   -0.33333333333333    0.42424242424243    0.18181818181818            48
   -0.30303030303030    0.42424242424243    0.18181818181818            24
   -0.45454545454545    0.45454545454545    0.18181818181819            24
   -0.42424242424243    0.45454545454545    0.18181818181819            48
   -0.39393939393940    0.45454545454545    0.18181818181819            48
   -0.36363636363637    0.45454545454545    0.18181818181819            48
   -0.33333333333333    0.45454545454545    0.18181818181819            48
   -0.48484848484848    0.48484848484849    0.18181818181819            24
   -0.45454545454546    0.48484848484849    0.18181818181819            48
   -0.42424242424243    0.48484848484849    0.18181818181819            48
   -0.39393939393940    0.48484848484849    0.18181818181819            48
   -0.36363636363637    0.48484848484849    0.18181818181819            48
   -0.33333333333333    0.48484848484849    0.18181818181819            24
   -0.48484848484848   -0.48484848484848    0.18181818181819            24
   -0.45454545454546   -0.48484848484848    0.18181818181819            48
   -0.42424242424243   -0.48484848484848    0.18181818181819            48
   -0.39393939393940   -0.48484848484848    0.18181818181819            48
   -0.36363636363637   -0.48484848484848    0.18181818181819            48
   -0.45454545454546   -0.45454545454545    0.18181818181819            24
   -0.42424242424243   -0.45454545454545    0.18181818181819            48
   -0.39393939393940   -0.45454545454545    0.18181818181819            48
   -0.36363636363637   -0.45454545454545    0.18181818181819            24
   -0.42424242424242   -0.42424242424243    0.18181818181818            24
   -0.39393939393939   -0.42424242424243    0.18181818181818            48
   -0.39393939393939   -0.39393939393940    0.18181818181818             8
    0.21212121212121    0.21212121212121    0.21212121212121             8
    0.24242424242424    0.21212121212121    0.21212121212121            24
    0.27272727272727    0.21212121212121    0.21212121212121            24
   -0.21212121212121    0.21212121212121    0.21212121212121             6
    0.24242424242424    0.24242424242424    0.21212121212121            24
    0.27272727272727    0.24242424242424    0.21212121212121            24
   -0.24242424242424    0.24242424242424    0.21212121212121            24
   -0.27272727272727    0.27272727272727    0.21212121212121            24
   -0.24242424242424    0.27272727272727    0.21212121212121            24
   -0.30303030303030    0.30303030303031    0.21212121212121            24
   -0.27272727272727    0.30303030303031    0.21212121212121            48
   -0.33333333333333    0.33333333333334    0.21212121212121            24
   -0.30303030303030    0.33333333333334    0.21212121212121            48
   -0.27272727272727    0.33333333333334    0.21212121212121            24
   -0.36363636363637    0.36363636363637    0.21212121212121            24
   -0.33333333333333    0.36363636363637    0.21212121212121            48
   -0.30303030303030    0.36363636363637    0.21212121212121            48
   -0.39393939393940    0.39393939393940    0.21212121212121            24
   -0.36363636363637    0.39393939393940    0.21212121212121            48
   -0.33333333333333    0.39393939393940    0.21212121212121            48
   -0.30303030303030    0.39393939393940    0.21212121212121            24
   -0.42424242424243    0.42424242424243    0.21212121212121            24
   -0.39393939393940    0.42424242424243    0.21212121212121            48
   -0.36363636363637    0.42424242424243    0.21212121212121            48
   -0.33333333333333    0.42424242424243    0.21212121212121            48
   -0.45454545454546    0.45454545454546    0.21212121212121            24
   -0.42424242424243    0.45454545454546    0.21212121212121            48
   -0.39393939393940    0.45454545454546    0.21212121212121            48
   -0.36363636363637    0.45454545454546    0.21212121212121            48
   -0.33333333333333    0.45454545454546    0.21212121212121            24
   -0.48484848484848    0.48484848484849    0.21212121212122            24
   -0.45454545454546    0.48484848484849    0.21212121212122            48
   -0.42424242424243    0.48484848484849    0.21212121212122            48
   -0.39393939393940    0.48484848484849    0.21212121212122            48
   -0.36363636363637    0.48484848484849    0.21212121212122            48
   -0.48484848484849   -0.48484848484848    0.21212121212122            24
   -0.45454545454546   -0.48484848484848    0.21212121212122            48
   -0.42424242424243   -0.48484848484848    0.21212121212122            48
   -0.39393939393940   -0.48484848484848    0.21212121212122            48
   -0.36363636363637   -0.48484848484848    0.21212121212122            24
   -0.45454545454545   -0.45454545454546    0.21212121212121            24
   -0.42424242424242   -0.45454545454546    0.21212121212121            48
   -0.39393939393939   -0.45454545454546    0.21212121212121            48
   -0.42424242424242   -0.42424242424243    0.21212121212121            24
   -0.39393939393939   -0.42424242424243    0.21212121212121            24
    0.24242424242424    0.24242424242424    0.24242424242424             8
   -0.24242424242424    0.24242424242424    0.24242424242424             6
   -0.27272727272727    0.27272727272727    0.24242424242424            24
   -0.30303030303030    0.30303030303031    0.24242424242424            24
   -0.27272727272727    0.30303030303031    0.24242424242424            24
   -0.33333333333333    0.33333333333334    0.24242424242424            24
   -0.30303030303030    0.33333333333334    0.24242424242424            48
   -0.36363636363637    0.36363636363637    0.24242424242424            24
   -0.33333333333333    0.36363636363637    0.24242424242424            48
   -0.30303030303030    0.36363636363637    0.24242424242424            24
   -0.39393939393940    0.39393939393940    0.24242424242424            24
   -0.36363636363637    0.39393939393940    0.24242424242424            48
   -0.33333333333333    0.39393939393940    0.24242424242424            48
   -0.42424242424243    0.42424242424243    0.24242424242424            24
   -0.39393939393940    0.42424242424243    0.24242424242424            48
   -0.36363636363637    0.42424242424243    0.24242424242424            48
   -0.33333333333333    0.42424242424243    0.24242424242424            24
   -0.45454545454546    0.45454545454546    0.24242424242424            24
   -0.42424242424243    0.45454545454546    0.24242424242424            48
   -0.39393939393940    0.45454545454546    0.24242424242424            48
   -0.36363636363637    0.45454545454546    0.24242424242424            48
   -0.48484848484849    0.48484848484849    0.24242424242424            24
   -0.45454545454546    0.48484848484849    0.24242424242424            48
   -0.42424242424243    0.48484848484849    0.24242424242424            48
   -0.39393939393940    0.48484848484849    0.24242424242425            48
   -0.36363636363637    0.48484848484849    0.24242424242424            24
   -0.48484848484848   -0.48484848484849    0.24242424242424            24
   -0.45454545454545   -0.48484848484849    0.24242424242424            48
   -0.42424242424242   -0.48484848484849    0.24242424242424            48
   -0.39393939393939   -0.48484848484849    0.24242424242424            48
   -0.45454545454545   -0.45454545454546    0.24242424242424            24
   -0.42424242424242   -0.45454545454546    0.24242424242424            48
   -0.39393939393939   -0.45454545454546    0.24242424242424            24
   -0.42424242424242   -0.42424242424243    0.24242424242424            24
   -0.27272727272727    0.27272727272727    0.27272727272727             6
   -0.30303030303030    0.30303030303031    0.27272727272727            24
   -0.33333333333333    0.33333333333334    0.27272727272727            24
   -0.30303030303030    0.33333333333334    0.27272727272727            24
   -0.36363636363637    0.36363636363637    0.27272727272727            24
   -0.33333333333333    0.36363636363637    0.27272727272727            48
   -0.39393939393940    0.39393939393940    0.27272727272727            24
   -0.36363636363637    0.39393939393940    0.27272727272727            48
   -0.33333333333333    0.39393939393940    0.27272727272727            24
   -0.42424242424243    0.42424242424243    0.27272727272727            24
   -0.39393939393940    0.42424242424243    0.27272727272727            48
   -0.36363636363637    0.42424242424243    0.27272727272727            48
   -0.45454545454546    0.45454545454546    0.27272727272727            24
   -0.42424242424243    0.45454545454546    0.27272727272727            48
   -0.39393939393940    0.45454545454546    0.27272727272727            48
   -0.36363636363637    0.45454545454546    0.27272727272727            24
   -0.48484848484848    0.48484848484849    0.27272727272727            24
   -0.45454545454545    0.48484848484849    0.27272727272727            48
   -0.42424242424242    0.48484848484849    0.27272727272727            48
   -0.39393939393939    0.48484848484849    0.27272727272727            48
   -0.48484848484848   -0.48484848484848    0.27272727272727            24
   -0.45454545454545   -0.48484848484848    0.27272727272727            48
   -0.42424242424242   -0.48484848484848    0.27272727272727            48
   -0.39393939393939   -0.48484848484848    0.27272727272727            24
   -0.45454545454545   -0.45454545454546    0.27272727272727            24
   -0.42424242424242   -0.45454545454546    0.27272727272727            48
   -0.42424242424242   -0.42424242424243    0.27272727272727             8
   -0.30303030303030    0.30303030303031    0.30303030303031             6
   -0.33333333333333    0.33333333333334    0.30303030303031            24
   -0.36363636363637    0.36363636363637    0.30303030303031            24
   -0.33333333333333    0.36363636363637    0.30303030303031            24
   -0.39393939393940    0.39393939393940    0.30303030303031            24
   -0.36363636363637    0.39393939393940    0.30303030303031            48
   -0.42424242424243    0.42424242424243    0.30303030303031            24
   -0.39393939393940    0.42424242424243    0.30303030303031            48
   -0.36363636363637    0.42424242424243    0.30303030303031            24
   -0.45454545454545    0.45454545454545    0.30303030303030            24
   -0.42424242424242    0.45454545454545    0.30303030303030            48
   -0.39393939393939    0.45454545454545    0.30303030303030            48
   -0.48484848484848    0.48484848484849    0.30303030303030            24
   -0.45454545454545    0.48484848484849    0.30303030303030            48
   -0.42424242424242    0.48484848484849    0.30303030303030            48
   -0.39393939393939    0.48484848484849    0.30303030303030            24
   -0.48484848484848   -0.48484848484848    0.30303030303030            24
   -0.45454545454545   -0.48484848484848    0.30303030303030            48
   -0.42424242424242   -0.48484848484848    0.30303030303030            48
   -0.45454545454545   -0.45454545454545    0.30303030303030            24
   -0.42424242424242   -0.45454545454545    0.30303030303030            24
   -0.33333333333333    0.33333333333334    0.33333333333334             6
   -0.36363636363637    0.36363636363637    0.33333333333334            24
   -0.39393939393940    0.39393939393940    0.33333333333334            24
   -0.36363636363637    0.39393939393940    0.33333333333334            24
   -0.42424242424242    0.42424242424242    0.33333333333333            24
   -0.39393939393939    0.42424242424242    0.33333333333333            48
   -0.45454545454545    0.45454545454545    0.33333333333333            24
   -0.42424242424242    0.45454545454545    0.33333333333333            48
   -0.39393939393939    0.45454545454545    0.33333333333333            24
   -0.48484848484848    0.48484848484849    0.33333333333333            24
   -0.45454545454545    0.48484848484849    0.33333333333333            48
   -0.42424242424242    0.48484848484849    0.33333333333333            48
   -0.48484848484848   -0.48484848484848    0.33333333333333            24
   -0.45454545454545   -0.48484848484848    0.33333333333333            48
   -0.42424242424242   -0.48484848484848    0.33333333333333            24
   -0.45454545454545   -0.45454545454545    0.33333333333333            24
   -0.36363636363637    0.36363636363637    0.36363636363637             6
   -0.39393939393939    0.39393939393939    0.36363636363636            24
   -0.42424242424242    0.42424242424242    0.36363636363636            24
   -0.39393939393939    0.42424242424242    0.36363636363636            24
   -0.45454545454545    0.45454545454545    0.36363636363636            24
   -0.42424242424242    0.45454545454545    0.36363636363636            48
   -0.48484848484848    0.48484848484849    0.36363636363636            24
   -0.45454545454545    0.48484848484849    0.36363636363636            48
   -0.42424242424242    0.48484848484849    0.36363636363636            24
   -0.48484848484848   -0.48484848484848    0.36363636363636            24
   -0.45454545454545   -0.48484848484848    0.36363636363636            48
   -0.45454545454545   -0.45454545454545    0.36363636363636             8
   -0.39393939393939    0.39393939393939    0.39393939393939             6
   -0.42424242424242    0.42424242424242    0.39393939393939            24
   -0.45454545454545    0.45454545454545    0.39393939393939            24
   -0.42424242424242    0.45454545454545    0.39393939393939            24
   -0.48484848484848    0.48484848484849    0.39393939393939            24
   -0.45454545454545    0.48484848484849    0.39393939393939            48
   -0.48484848484848   -0.48484848484848    0.39393939393939            24
   -0.45454545454545   -0.48484848484848    0.39393939393939            24
   -0.42424242424242    0.42424242424242    0.42424242424242             6
   -0.45454545454545    0.45454545454545    0.42424242424242            24
   -0.48484848484848    0.48484848484849    0.42424242424242            24
   -0.45454545454545    0.48484848484849    0.42424242424242            24
   -0.48484848484848   -0.48484848484848    0.42424242424242            24
   -0.45454545454545    0.45454545454545    0.45454545454545             6
   -0.48484848484848    0.48484848484849    0.45454545454545            24
   -0.48484848484848   -0.48484848484848    0.45454545454545             8
   -0.48484848484848    0.48484848484849    0.48484848484849             6
