Automatically generated mesh
     136
Reciprocal lattice
    0.00000000000000    0.00000000000000    0.00000000000000             1
    0.03333333333333    0.00000000000000    0.00000000000000             4
    0.06666666666667    0.00000000000000    0.00000000000000             4
    0.10000000000000    0.00000000000000    0.00000000000000             4
    0.13333333333333    0.00000000000000    0.00000000000000             4
    0.16666666666667    0.00000000000000    0.00000000000000             4
    0.20000000000000    0.00000000000000    0.00000000000000             4
    0.23333333333334    0.00000000000000    0.00000000000000             4
    0.26666666666667    0.00000000000000    0.00000000000000             4
    0.30000000000000    0.00000000000000    0.00000000000000             4
    0.33333333333334    0.00000000000000    0.00000000000000             4
    0.36666666666667    0.00000000000000    0.00000000000000             4
    0.40000000000000    0.00000000000000    0.00000000000000             4
    0.43333333333333    0.00000000000000    0.00000000000000             4
    0.46666666666667    0.00000000000000    0.00000000000000             4
    0.50000000000000    0.00000000000000    0.00000000000000             2
    0.03333333333333    0.03333333333333    0.00000000000000             4
    0.06666666666667    0.03333333333333    0.00000000000000             8
    0.10000000000000    0.03333333333333    0.00000000000000             8
    0.13333333333333    0.03333333333333    0.00000000000000             8
    0.16666666666667    0.03333333333333    0.00000000000000             8
    0.20000000000000    0.03333333333333    0.00000000000000             8
    0.23333333333334    0.03333333333333    0.00000000000000             8
    0.26666666666667    0.03333333333333    0.00000000000000             8
    0.30000000000000    0.03333333333333    0.00000000000000             8
    0.33333333333334    0.03333333333333    0.00000000000000             8
    0.36666666666667    0.03333333333333    0.00000000000000             8
    0.40000000000000    0.03333333333333    0.00000000000000             8
    0.43333333333333    0.03333333333333    0.00000000000000             8
    0.46666666666667    0.03333333333333    0.00000000000000             8
    0.50000000000000    0.03333333333333    0.00000000000000             4
    0.06666666666667    0.06666666666667    0.00000000000000             4
    0.10000000000000    0.06666666666667    0.00000000000000             8
    0.13333333333333    0.06666666666667    0.00000000000000             8
    0.16666666666667    0.06666666666667    0.00000000000000             8
    0.20000000000000    0.06666666666667    0.00000000000000             8
    0.23333333333334    0.06666666666667    0.00000000000000             8
    0.26666666666667    0.06666666666667    0.00000000000000             8
    0.30000000000000    0.06666666666667    0.00000000000000             8
    0.33333333333334    0.06666666666667    0.00000000000000             8
    0.36666666666667    0.06666666666667    0.00000000000000             8
    0.40000000000000    0.06666666666667    0.00000000000000             8
    0.43333333333333    0.06666666666667    0.00000000000000             8
    0.46666666666667    0.06666666666667    0.00000000000000             8
    0.50000000000000    0.06666666666667    0.00000000000000             4
    0.10000000000000    0.10000000000000    0.00000000000000             4
    0.13333333333333    0.10000000000000    0.00000000000000             8
    0.16666666666667    0.10000000000000    0.00000000000000             8
    0.20000000000000    0.10000000000000    0.00000000000000             8
    0.23333333333334    0.10000000000000    0.00000000000000             8
    0.26666666666667    0.10000000000000    0.00000000000000             8
    0.30000000000000    0.10000000000000    0.00000000000000             8
    0.33333333333334    0.10000000000000    0.00000000000000             8
    0.36666666666667    0.10000000000000    0.00000000000000             8
    0.40000000000000    0.10000000000000    0.00000000000000             8
    0.43333333333333    0.10000000000000    0.00000000000000             8
    0.46666666666667    0.10000000000000    0.00000000000000             8
    0.50000000000000    0.10000000000000    0.00000000000000             4
    0.13333333333333    0.13333333333333    0.00000000000000             4
    0.16666666666667    0.13333333333333    0.00000000000000             8
    0.20000000000000    0.13333333333333    0.00000000000000             8
    0.23333333333334    0.13333333333333    0.00000000000000             8
    0.26666666666667    0.13333333333333    0.00000000000000             8
    0.30000000000000    0.13333333333333    0.00000000000000             8
    0.33333333333334    0.13333333333333    0.00000000000000             8
    0.36666666666667    0.13333333333333    0.00000000000000             8
    0.40000000000000    0.13333333333333    0.00000000000000             8
    0.43333333333333    0.13333333333333    0.00000000000000             8
    0.46666666666667    0.13333333333333    0.00000000000000             8
    0.50000000000000    0.13333333333333    0.00000000000000             4
    0.16666666666667    0.16666666666667    0.00000000000000             4
    0.20000000000000    0.16666666666667    0.00000000000000             8
    0.23333333333334    0.16666666666667    0.00000000000000             8
    0.26666666666667    0.16666666666667    0.00000000000000             8
    0.30000000000000    0.16666666666667    0.00000000000000             8
    0.33333333333334    0.16666666666667    0.00000000000000             8
    0.36666666666667    0.16666666666667    0.00000000000000             8
    0.40000000000000    0.16666666666667    0.00000000000000             8
    0.43333333333333    0.16666666666667    0.00000000000000             8
    0.46666666666667    0.16666666666667    0.00000000000000             8
    0.50000000000000    0.16666666666667    0.00000000000000             4
    0.20000000000000    0.20000000000000    0.00000000000000             4
    0.23333333333334    0.20000000000000    0.00000000000000             8
    0.26666666666667    0.20000000000000    0.00000000000000             8
    0.30000000000000    0.20000000000000    0.00000000000000             8
    0.33333333333334    0.20000000000000    0.00000000000000             8
    0.36666666666667    0.20000000000000    0.00000000000000             8
    0.40000000000000    0.20000000000000    0.00000000000000             8
    0.43333333333333    0.20000000000000    0.00000000000000             8
    0.46666666666667    0.20000000000000    0.00000000000000             8
    0.50000000000000    0.20000000000000    0.00000000000000             4
    0.23333333333334    0.23333333333334    0.00000000000000             4
    0.26666666666667    0.23333333333334    0.00000000000000             8
    0.30000000000000    0.23333333333334    0.00000000000000             8
    0.33333333333334    0.23333333333334    0.00000000000000             8
    0.36666666666667    0.23333333333334    0.00000000000000             8
    0.40000000000000    0.23333333333334    0.00000000000000             8
    0.43333333333333    0.23333333333334    0.00000000000000             8
    0.46666666666667    0.23333333333334    0.00000000000000             8
    0.50000000000000    0.23333333333334    0.00000000000000             4
    0.26666666666667    0.26666666666667    0.00000000000000             4
    0.30000000000000    0.26666666666667    0.00000000000000             8
    0.33333333333334    0.26666666666667    0.00000000000000             8
    0.36666666666667    0.26666666666667    0.00000000000000             8
    0.40000000000000    0.26666666666667    0.00000000000000             8
    0.43333333333333    0.26666666666667    0.00000000000000             8
    0.46666666666667    0.26666666666667    0.00000000000000             8
    0.50000000000000    0.26666666666667    0.00000000000000             4
    0.30000000000000    0.30000000000000    0.00000000000000             4
    0.33333333333334    0.30000000000000    0.00000000000000             8
    0.36666666666667    0.30000000000000    0.00000000000000             8
    0.40000000000000    0.30000000000000    0.00000000000000             8
    0.43333333333333    0.30000000000000    0.00000000000000             8
    0.46666666666667    0.30000000000000    0.00000000000000             8
    0.50000000000000    0.30000000000000    0.00000000000000             4
    0.33333333333334    0.33333333333334    0.00000000000000             4
    0.36666666666667    0.33333333333334    0.00000000000000             8
    0.40000000000000    0.33333333333334    0.00000000000000             8
    0.43333333333333    0.33333333333334    0.00000000000000             8
    0.46666666666667    0.33333333333334    0.00000000000000             8
    0.50000000000000    0.33333333333334    0.00000000000000             4
    0.36666666666667    0.36666666666667    0.00000000000000             4
    0.40000000000000    0.36666666666667    0.00000000000000             8
    0.43333333333333    0.36666666666667    0.00000000000000             8
    0.46666666666667    0.36666666666667    0.00000000000000             8
    0.50000000000000    0.36666666666667    0.00000000000000             4
    0.40000000000000    0.40000000000000    0.00000000000000             4
    0.43333333333333    0.40000000000000    0.00000000000000             8
    0.46666666666667    0.40000000000000    0.00000000000000             8
    0.50000000000000    0.40000000000000    0.00000000000000             4
    0.43333333333333    0.43333333333333    0.00000000000000             4
    0.46666666666667    0.43333333333333    0.00000000000000             8
    0.50000000000000    0.43333333333333    0.00000000000000             4
    0.46666666666667    0.46666666666667    0.00000000000000             4
    0.50000000000000    0.46666666666667    0.00000000000000             4
    0.50000000000000    0.50000000000000    0.00000000000000             1
