Automatically generated mesh
     484
Reciprocal lattice
    0.00000000000000    0.00000000000000    0.00000000000000             1
    0.02325581395349    0.00000000000000    0.00000000000000             4
    0.04651162790697    0.00000000000000    0.00000000000000             4
    0.06976744186046    0.00000000000000    0.00000000000000             4
    0.09302325581395    0.00000000000000    0.00000000000000             4
    0.11627906976745    0.00000000000000    0.00000000000000             4
    0.13953488372093    0.00000000000000    0.00000000000000             4
    0.16279069767442    0.00000000000000    0.00000000000000             4
    0.18604651162791    0.00000000000000    0.00000000000000             4
    0.20930232558140    0.00000000000000    0.00000000000000             4
    0.23255813953488    0.00000000000000    0.00000000000000             4
    0.25581395348837    0.00000000000000    0.00000000000000             4
    0.27906976744186    0.00000000000000    0.00000000000000             4
    0.30232558139535    0.00000000000000    0.00000000000000             4
    0.32558139534884    0.00000000000000    0.00000000000000             4
    0.34883720930233    0.00000000000000    0.00000000000000             4
    0.37209302325582    0.00000000000000    0.00000000000000             4
    0.39534883720931    0.00000000000000    0.00000000000000             4
    0.41860465116279    0.00000000000000    0.00000000000000             4
    0.44186046511628    0.00000000000000    0.00000000000000             4
    0.46511627906977    0.00000000000000    0.00000000000000             4
    0.48837209302326    0.00000000000000    0.00000000000000             4
    0.00000000000000    0.02325581395349    0.00000000000000             2
    0.04651162790697    0.02325581395349    0.00000000000000             2
    0.06976744186046    0.02325581395349    0.00000000000000             4
    0.09302325581395    0.02325581395349    0.00000000000000             4
    0.11627906976745    0.02325581395349    0.00000000000000             4
    0.13953488372093    0.02325581395349    0.00000000000000             4
    0.16279069767442    0.02325581395349    0.00000000000000             4
    0.18604651162791    0.02325581395349    0.00000000000000             4
    0.20930232558140    0.02325581395349    0.00000000000000             4
    0.23255813953488    0.02325581395349    0.00000000000000             4
    0.25581395348837    0.02325581395349    0.00000000000000             4
    0.27906976744186    0.02325581395349    0.00000000000000             4
    0.30232558139535    0.02325581395349    0.00000000000000             4
    0.32558139534884    0.02325581395349    0.00000000000000             4
    0.34883720930233    0.02325581395349    0.00000000000000             4
    0.37209302325582    0.02325581395349    0.00000000000000             4
    0.39534883720931    0.02325581395349    0.00000000000000             4
    0.41860465116279    0.02325581395349    0.00000000000000             4
    0.44186046511628    0.02325581395349    0.00000000000000             4
    0.46511627906977    0.02325581395349    0.00000000000000             4
    0.48837209302326    0.02325581395349    0.00000000000000             4
   -0.48837209302326    0.02325581395349    0.00000000000000             4
   -0.46511627906977    0.02325581395349    0.00000000000000             4
   -0.44186046511628    0.02325581395349    0.00000000000000             4
   -0.41860465116279    0.02325581395349    0.00000000000000             4
   -0.39534883720930    0.02325581395349    0.00000000000000             4
   -0.37209302325581    0.02325581395349    0.00000000000000             4
   -0.34883720930232    0.02325581395349    0.00000000000000             4
   -0.32558139534883    0.02325581395349    0.00000000000000             4
   -0.30232558139535    0.02325581395349    0.00000000000000             4
   -0.27906976744186    0.02325581395349    0.00000000000000             4
   -0.25581395348837    0.02325581395349    0.00000000000000             4
   -0.23255813953488    0.02325581395349    0.00000000000000             4
   -0.20930232558140    0.02325581395349    0.00000000000000             4
   -0.18604651162791    0.02325581395349    0.00000000000000             4
   -0.16279069767442    0.02325581395349    0.00000000000000             4
   -0.13953488372093    0.02325581395349    0.00000000000000             4
   -0.11627906976744    0.02325581395349    0.00000000000000             4
   -0.09302325581395    0.02325581395349    0.00000000000000             4
   -0.06976744186046    0.02325581395349    0.00000000000000             4
   -0.04651162790697    0.02325581395349    0.00000000000000             4
   -0.02325581395349    0.02325581395349    0.00000000000000             4
    0.00000000000000    0.04651162790697    0.00000000000000             2
    0.09302325581395    0.04651162790697    0.00000000000000             2
    0.11627906976745    0.04651162790697    0.00000000000000             4
    0.13953488372093    0.04651162790697    0.00000000000000             4
    0.16279069767442    0.04651162790697    0.00000000000000             4
    0.18604651162791    0.04651162790697    0.00000000000000             4
    0.20930232558140    0.04651162790697    0.00000000000000             4
    0.23255813953488    0.04651162790697    0.00000000000000             4
    0.25581395348837    0.04651162790697    0.00000000000000             4
    0.27906976744186    0.04651162790697    0.00000000000000             4
    0.30232558139535    0.04651162790697    0.00000000000000             4
    0.32558139534884    0.04651162790697    0.00000000000000             4
    0.34883720930233    0.04651162790697    0.00000000000000             4
    0.37209302325582    0.04651162790697    0.00000000000000             4
    0.39534883720931    0.04651162790697    0.00000000000000             4
    0.41860465116279    0.04651162790697    0.00000000000000             4
    0.44186046511628    0.04651162790697    0.00000000000000             4
    0.46511627906977    0.04651162790697    0.00000000000000             4
    0.48837209302326    0.04651162790697    0.00000000000000             4
   -0.48837209302326    0.04651162790697    0.00000000000000             4
   -0.46511627906977    0.04651162790698    0.00000000000000             4
   -0.44186046511628    0.04651162790698    0.00000000000000             4
   -0.41860465116279    0.04651162790697    0.00000000000000             4
   -0.39534883720930    0.04651162790698    0.00000000000000             4
   -0.37209302325581    0.04651162790698    0.00000000000000             4
   -0.34883720930232    0.04651162790697    0.00000000000000             4
   -0.32558139534883    0.04651162790698    0.00000000000000             4
   -0.30232558139535    0.04651162790697    0.00000000000000             4
   -0.27906976744186    0.04651162790698    0.00000000000000             4
   -0.25581395348837    0.04651162790698    0.00000000000000             4
   -0.23255813953488    0.04651162790697    0.00000000000000             4
   -0.20930232558140    0.04651162790698    0.00000000000000             4
   -0.18604651162791    0.04651162790698    0.00000000000000             4
   -0.16279069767442    0.04651162790697    0.00000000000000             4
   -0.13953488372093    0.04651162790697    0.00000000000000             4
   -0.11627906976744    0.04651162790697    0.00000000000000             4
   -0.09302325581395    0.04651162790697    0.00000000000000             4
   -0.06976744186046    0.04651162790697    0.00000000000000             4
   -0.04651162790697    0.04651162790698    0.00000000000000             4
   -0.02325581395349    0.04651162790698    0.00000000000000             4
    0.00000000000000    0.06976744186046    0.00000000000000             2
    0.13953488372093    0.06976744186046    0.00000000000000             2
    0.16279069767442    0.06976744186046    0.00000000000000             4
    0.18604651162791    0.06976744186046    0.00000000000000             4
    0.20930232558140    0.06976744186046    0.00000000000000             4
    0.23255813953488    0.06976744186046    0.00000000000000             4
    0.25581395348837    0.06976744186046    0.00000000000000             4
    0.27906976744186    0.06976744186046    0.00000000000000             4
    0.30232558139535    0.06976744186046    0.00000000000000             4
    0.32558139534884    0.06976744186046    0.00000000000000             4
    0.34883720930233    0.06976744186046    0.00000000000000             4
    0.37209302325582    0.06976744186046    0.00000000000000             4
    0.39534883720931    0.06976744186046    0.00000000000000             4
    0.41860465116279    0.06976744186046    0.00000000000000             4
    0.44186046511628    0.06976744186046    0.00000000000000             4
    0.46511627906977    0.06976744186046    0.00000000000000             4
    0.48837209302326    0.06976744186046    0.00000000000000             4
   -0.48837209302326    0.06976744186046    0.00000000000000             4
   -0.46511627906977    0.06976744186046    0.00000000000000             4
   -0.44186046511628    0.06976744186046    0.00000000000000             4
   -0.41860465116279    0.06976744186046    0.00000000000000             4
   -0.39534883720930    0.06976744186046    0.00000000000000             4
   -0.37209302325581    0.06976744186046    0.00000000000000             4
   -0.34883720930232    0.06976744186046    0.00000000000000             4
   -0.32558139534883    0.06976744186046    0.00000000000000             4
   -0.30232558139535    0.06976744186046    0.00000000000000             4
   -0.27906976744186    0.06976744186046    0.00000000000000             4
   -0.25581395348837    0.06976744186046    0.00000000000000             4
   -0.23255813953488    0.06976744186046    0.00000000000000             4
   -0.20930232558140    0.06976744186046    0.00000000000000             4
   -0.18604651162791    0.06976744186046    0.00000000000000             4
   -0.16279069767442    0.06976744186046    0.00000000000000             4
   -0.13953488372093    0.06976744186046    0.00000000000000             4
   -0.11627906976744    0.06976744186046    0.00000000000000             4
   -0.09302325581395    0.06976744186046    0.00000000000000             4
   -0.06976744186046    0.06976744186046    0.00000000000000             4
   -0.04651162790697    0.06976744186046    0.00000000000000             4
   -0.02325581395349    0.06976744186046    0.00000000000000             4
    0.00000000000000    0.09302325581395    0.00000000000000             2
    0.18604651162791    0.09302325581395    0.00000000000000             2
    0.20930232558140    0.09302325581395    0.00000000000000             4
    0.23255813953488    0.09302325581395    0.00000000000000             4
    0.25581395348837    0.09302325581395    0.00000000000000             4
    0.27906976744186    0.09302325581395    0.00000000000000             4
    0.30232558139535    0.09302325581395    0.00000000000000             4
    0.32558139534884    0.09302325581395    0.00000000000000             4
    0.34883720930233    0.09302325581395    0.00000000000000             4
    0.37209302325582    0.09302325581395    0.00000000000000             4
    0.39534883720931    0.09302325581395    0.00000000000000             4
    0.41860465116279    0.09302325581395    0.00000000000000             4
    0.44186046511628    0.09302325581395    0.00000000000000             4
    0.46511627906977    0.09302325581395    0.00000000000000             4
    0.48837209302326    0.09302325581396    0.00000000000000             4
   -0.48837209302326    0.09302325581395    0.00000000000000             4
   -0.46511627906977    0.09302325581395    0.00000000000000             4
   -0.44186046511628    0.09302325581395    0.00000000000000             4
   -0.41860465116279    0.09302325581395    0.00000000000000             4
   -0.39534883720930    0.09302325581395    0.00000000000000             4
   -0.37209302325581    0.09302325581395    0.00000000000000             4
   -0.34883720930232    0.09302325581395    0.00000000000000             4
   -0.32558139534883    0.09302325581395    0.00000000000000             4
   -0.30232558139535    0.09302325581395    0.00000000000000             4
   -0.27906976744186    0.09302325581395    0.00000000000000             4
   -0.25581395348837    0.09302325581395    0.00000000000000             4
   -0.23255813953488    0.09302325581395    0.00000000000000             4
   -0.20930232558140    0.09302325581395    0.00000000000000             4
   -0.18604651162791    0.09302325581395    0.00000000000000             4
   -0.16279069767442    0.09302325581395    0.00000000000000             4
   -0.13953488372093    0.09302325581395    0.00000000000000             4
   -0.11627906976744    0.09302325581395    0.00000000000000             4
   -0.09302325581395    0.09302325581395    0.00000000000000             4
   -0.06976744186046    0.09302325581395    0.00000000000000             4
   -0.04651162790697    0.09302325581395    0.00000000000000             4
   -0.02325581395349    0.09302325581395    0.00000000000000             4
    0.00000000000000    0.11627906976745    0.00000000000000             2
    0.23255813953488    0.11627906976745    0.00000000000000             2
    0.25581395348837    0.11627906976745    0.00000000000000             4
    0.27906976744186    0.11627906976745    0.00000000000000             4
    0.30232558139535    0.11627906976745    0.00000000000000             4
    0.32558139534884    0.11627906976745    0.00000000000000             4
    0.34883720930233    0.11627906976745    0.00000000000000             4
    0.37209302325582    0.11627906976745    0.00000000000000             4
    0.39534883720931    0.11627906976745    0.00000000000000             4
    0.41860465116279    0.11627906976745    0.00000000000000             4
    0.44186046511628    0.11627906976745    0.00000000000000             4
    0.46511627906977    0.11627906976745    0.00000000000000             4
    0.48837209302326    0.11627906976745    0.00000000000000             4
   -0.48837209302326    0.11627906976745    0.00000000000000             4
   -0.46511627906977    0.11627906976745    0.00000000000000             4
   -0.44186046511628    0.11627906976745    0.00000000000000             4
   -0.41860465116279    0.11627906976745    0.00000000000000             4
   -0.39534883720930    0.11627906976745    0.00000000000000             4
   -0.37209302325581    0.11627906976745    0.00000000000000             4
   -0.34883720930232    0.11627906976745    0.00000000000000             4
   -0.32558139534883    0.11627906976745    0.00000000000000             4
   -0.30232558139535    0.11627906976745    0.00000000000000             4
   -0.27906976744186    0.11627906976745    0.00000000000000             4
   -0.25581395348837    0.11627906976745    0.00000000000000             4
   -0.23255813953488    0.11627906976745    0.00000000000000             4
   -0.20930232558140    0.11627906976745    0.00000000000000             4
   -0.18604651162791    0.11627906976745    0.00000000000000             4
   -0.16279069767442    0.11627906976745    0.00000000000000             4
   -0.13953488372093    0.11627906976745    0.00000000000000             4
   -0.11627906976744    0.11627906976745    0.00000000000000             4
   -0.09302325581395    0.11627906976745    0.00000000000000             4
   -0.06976744186046    0.11627906976745    0.00000000000000             4
   -0.04651162790697    0.11627906976745    0.00000000000000             4
   -0.02325581395349    0.11627906976745    0.00000000000000             4
    0.00000000000000    0.13953488372093    0.00000000000000             2
    0.27906976744186    0.13953488372093    0.00000000000000             2
    0.30232558139535    0.13953488372093    0.00000000000000             4
    0.32558139534884    0.13953488372093    0.00000000000000             4
    0.34883720930233    0.13953488372093    0.00000000000000             4
    0.37209302325582    0.13953488372093    0.00000000000000             4
    0.39534883720931    0.13953488372093    0.00000000000000             4
    0.41860465116279    0.13953488372093    0.00000000000000             4
    0.44186046511628    0.13953488372093    0.00000000000000             4
    0.46511627906977    0.13953488372093    0.00000000000000             4
    0.48837209302326    0.13953488372093    0.00000000000000             4
   -0.48837209302326    0.13953488372093    0.00000000000000             4
   -0.46511627906977    0.13953488372093    0.00000000000000             4
   -0.44186046511628    0.13953488372093    0.00000000000000             4
   -0.41860465116279    0.13953488372093    0.00000000000000             4
   -0.39534883720930    0.13953488372093    0.00000000000000             4
   -0.37209302325581    0.13953488372093    0.00000000000000             4
   -0.34883720930232    0.13953488372093    0.00000000000000             4
   -0.32558139534883    0.13953488372093    0.00000000000000             4
   -0.30232558139535    0.13953488372093    0.00000000000000             4
   -0.27906976744186    0.13953488372093    0.00000000000000             4
   -0.25581395348837    0.13953488372093    0.00000000000000             4
   -0.23255813953488    0.13953488372093    0.00000000000000             4
   -0.20930232558140    0.13953488372093    0.00000000000000             4
   -0.18604651162791    0.13953488372093    0.00000000000000             4
   -0.16279069767442    0.13953488372093    0.00000000000000             4
   -0.13953488372093    0.13953488372093    0.00000000000000             4
   -0.11627906976744    0.13953488372093    0.00000000000000             4
   -0.09302325581395    0.13953488372093    0.00000000000000             4
   -0.06976744186046    0.13953488372093    0.00000000000000             4
   -0.04651162790697    0.13953488372093    0.00000000000000             4
   -0.02325581395349    0.13953488372093    0.00000000000000             4
    0.00000000000000    0.16279069767442    0.00000000000000             2
    0.32558139534884    0.16279069767442    0.00000000000000             2
    0.34883720930233    0.16279069767442    0.00000000000000             4
    0.37209302325582    0.16279069767442    0.00000000000000             4
    0.39534883720931    0.16279069767442    0.00000000000000             4
    0.41860465116279    0.16279069767442    0.00000000000000             4
    0.44186046511628    0.16279069767442    0.00000000000000             4
    0.46511627906977    0.16279069767442    0.00000000000000             4
    0.48837209302326    0.16279069767442    0.00000000000000             4
   -0.48837209302326    0.16279069767442    0.00000000000000             4
   -0.46511627906977    0.16279069767442    0.00000000000000             4
   -0.44186046511628    0.16279069767442    0.00000000000000             4
   -0.41860465116279    0.16279069767442    0.00000000000000             4
   -0.39534883720930    0.16279069767442    0.00000000000000             4
   -0.37209302325581    0.16279069767442    0.00000000000000             4
   -0.34883720930232    0.16279069767442    0.00000000000000             4
   -0.32558139534883    0.16279069767442    0.00000000000000             4
   -0.30232558139535    0.16279069767442    0.00000000000000             4
   -0.27906976744186    0.16279069767442    0.00000000000000             4
   -0.25581395348837    0.16279069767442    0.00000000000000             4
   -0.23255813953488    0.16279069767442    0.00000000000000             4
   -0.20930232558140    0.16279069767442    0.00000000000000             4
   -0.18604651162791    0.16279069767442    0.00000000000000             4
   -0.16279069767442    0.16279069767442    0.00000000000000             4
   -0.13953488372093    0.16279069767442    0.00000000000000             4
   -0.11627906976744    0.16279069767442    0.00000000000000             4
   -0.09302325581395    0.16279069767442    0.00000000000000             4
   -0.06976744186046    0.16279069767442    0.00000000000000             4
   -0.04651162790697    0.16279069767442    0.00000000000000             4
   -0.02325581395349    0.16279069767442    0.00000000000000             4
    0.00000000000000    0.18604651162791    0.00000000000000             2
    0.37209302325582    0.18604651162791    0.00000000000000             2
    0.39534883720931    0.18604651162791    0.00000000000000             4
    0.41860465116279    0.18604651162791    0.00000000000000             4
    0.44186046511628    0.18604651162791    0.00000000000000             4
    0.46511627906977    0.18604651162791    0.00000000000000             4
    0.48837209302326    0.18604651162791    0.00000000000000             4
   -0.48837209302326    0.18604651162791    0.00000000000000             4
   -0.46511627906977    0.18604651162791    0.00000000000000             4
   -0.44186046511628    0.18604651162791    0.00000000000000             4
   -0.41860465116279    0.18604651162791    0.00000000000000             4
   -0.39534883720930    0.18604651162791    0.00000000000000             4
   -0.37209302325581    0.18604651162791    0.00000000000000             4
   -0.34883720930232    0.18604651162791    0.00000000000000             4
   -0.32558139534883    0.18604651162791    0.00000000000000             4
   -0.30232558139535    0.18604651162791    0.00000000000000             4
   -0.27906976744186    0.18604651162791    0.00000000000000             4
   -0.25581395348837    0.18604651162791    0.00000000000000             4
   -0.23255813953488    0.18604651162791    0.00000000000000             4
   -0.20930232558140    0.18604651162791    0.00000000000000             4
   -0.18604651162791    0.18604651162791    0.00000000000000             4
   -0.16279069767442    0.18604651162791    0.00000000000000             4
   -0.13953488372093    0.18604651162791    0.00000000000000             4
   -0.11627906976744    0.18604651162791    0.00000000000000             4
   -0.09302325581395    0.18604651162791    0.00000000000000             4
   -0.06976744186046    0.18604651162791    0.00000000000000             4
   -0.04651162790697    0.18604651162791    0.00000000000000             4
   -0.02325581395349    0.18604651162791    0.00000000000000             4
    0.00000000000000    0.20930232558140    0.00000000000000             2
    0.41860465116279    0.20930232558140    0.00000000000000             2
    0.44186046511628    0.20930232558140    0.00000000000000             4
    0.46511627906977    0.20930232558140    0.00000000000000             4
    0.48837209302326    0.20930232558140    0.00000000000000             4
   -0.48837209302326    0.20930232558140    0.00000000000000             4
   -0.46511627906977    0.20930232558140    0.00000000000000             4
   -0.44186046511628    0.20930232558140    0.00000000000000             4
   -0.41860465116279    0.20930232558140    0.00000000000000             4
   -0.39534883720930    0.20930232558140    0.00000000000000             4
   -0.37209302325581    0.20930232558140    0.00000000000000             4
   -0.34883720930232    0.20930232558140    0.00000000000000             4
   -0.32558139534883    0.20930232558140    0.00000000000000             4
   -0.30232558139535    0.20930232558140    0.00000000000000             4
   -0.27906976744186    0.20930232558140    0.00000000000000             4
   -0.25581395348837    0.20930232558140    0.00000000000000             4
   -0.23255813953488    0.20930232558140    0.00000000000000             4
   -0.20930232558140    0.20930232558140    0.00000000000000             4
   -0.18604651162791    0.20930232558140    0.00000000000000             4
   -0.16279069767442    0.20930232558140    0.00000000000000             4
   -0.13953488372093    0.20930232558140    0.00000000000000             4
   -0.11627906976744    0.20930232558140    0.00000000000000             4
   -0.09302325581395    0.20930232558140    0.00000000000000             4
   -0.06976744186046    0.20930232558140    0.00000000000000             4
   -0.04651162790697    0.20930232558140    0.00000000000000             4
   -0.02325581395349    0.20930232558140    0.00000000000000             4
    0.00000000000000    0.23255813953488    0.00000000000000             2
    0.46511627906977    0.23255813953488    0.00000000000000             2
    0.48837209302326    0.23255813953488    0.00000000000000             4
   -0.48837209302326    0.23255813953488    0.00000000000000             4
   -0.46511627906977    0.23255813953488    0.00000000000000             4
   -0.44186046511628    0.23255813953488    0.00000000000000             4
   -0.41860465116279    0.23255813953488    0.00000000000000             4
   -0.39534883720930    0.23255813953488    0.00000000000000             4
   -0.37209302325581    0.23255813953488    0.00000000000000             4
   -0.34883720930232    0.23255813953488    0.00000000000000             4
   -0.32558139534883    0.23255813953488    0.00000000000000             4
   -0.30232558139535    0.23255813953488    0.00000000000000             4
   -0.27906976744186    0.23255813953488    0.00000000000000             4
   -0.25581395348837    0.23255813953488    0.00000000000000             4
   -0.23255813953488    0.23255813953488    0.00000000000000             4
   -0.20930232558140    0.23255813953488    0.00000000000000             4
   -0.18604651162791    0.23255813953488    0.00000000000000             4
   -0.16279069767442    0.23255813953488    0.00000000000000             4
   -0.13953488372093    0.23255813953488    0.00000000000000             4
   -0.11627906976744    0.23255813953488    0.00000000000000             4
   -0.09302325581395    0.23255813953488    0.00000000000000             4
   -0.06976744186046    0.23255813953488    0.00000000000000             4
   -0.04651162790697    0.23255813953488    0.00000000000000             4
   -0.02325581395349    0.23255813953488    0.00000000000000             4
    0.00000000000000    0.25581395348837    0.00000000000000             2
   -0.48837209302326    0.25581395348837    0.00000000000000             2
   -0.46511627906977    0.25581395348837    0.00000000000000             4
   -0.44186046511628    0.25581395348837    0.00000000000000             4
   -0.41860465116279    0.25581395348837    0.00000000000000             4
   -0.39534883720930    0.25581395348837    0.00000000000000             4
   -0.37209302325581    0.25581395348837    0.00000000000000             4
   -0.34883720930232    0.25581395348837    0.00000000000000             4
   -0.32558139534883    0.25581395348837    0.00000000000000             4
   -0.30232558139535    0.25581395348837    0.00000000000000             4
   -0.27906976744186    0.25581395348837    0.00000000000000             4
   -0.25581395348837    0.25581395348837    0.00000000000000             4
   -0.23255813953488    0.25581395348837    0.00000000000000             4
   -0.20930232558140    0.25581395348837    0.00000000000000             4
   -0.18604651162791    0.25581395348837    0.00000000000000             4
   -0.16279069767442    0.25581395348837    0.00000000000000             4
   -0.13953488372093    0.25581395348837    0.00000000000000             4
   -0.11627906976744    0.25581395348837    0.00000000000000             4
   -0.09302325581395    0.25581395348837    0.00000000000000             4
   -0.06976744186046    0.25581395348837    0.00000000000000             4
   -0.04651162790697    0.25581395348837    0.00000000000000             4
   -0.02325581395349    0.25581395348837    0.00000000000000             4
    0.00000000000000    0.27906976744186    0.00000000000000             2
   -0.44186046511628    0.27906976744186    0.00000000000000             2
   -0.41860465116279    0.27906976744186    0.00000000000000             4
   -0.39534883720930    0.27906976744186    0.00000000000000             4
   -0.37209302325581    0.27906976744186    0.00000000000000             4
   -0.34883720930232    0.27906976744186    0.00000000000000             4
   -0.32558139534883    0.27906976744186    0.00000000000000             4
   -0.30232558139535    0.27906976744186    0.00000000000000             4
   -0.27906976744186    0.27906976744186    0.00000000000000             4
   -0.25581395348837    0.27906976744186    0.00000000000000             4
   -0.23255813953488    0.27906976744186    0.00000000000000             4
   -0.20930232558140    0.27906976744186    0.00000000000000             4
   -0.18604651162791    0.27906976744186    0.00000000000000             4
   -0.16279069767442    0.27906976744186    0.00000000000000             4
   -0.13953488372093    0.27906976744186    0.00000000000000             4
   -0.11627906976744    0.27906976744186    0.00000000000000             4
   -0.09302325581395    0.27906976744186    0.00000000000000             4
   -0.06976744186046    0.27906976744186    0.00000000000000             4
   -0.04651162790697    0.27906976744186    0.00000000000000             4
   -0.02325581395349    0.27906976744186    0.00000000000000             4
    0.00000000000000    0.30232558139535    0.00000000000000             2
   -0.39534883720930    0.30232558139535    0.00000000000000             2
   -0.37209302325581    0.30232558139535    0.00000000000000             4
   -0.34883720930232    0.30232558139535    0.00000000000000             4
   -0.32558139534883    0.30232558139535    0.00000000000000             4
   -0.30232558139535    0.30232558139535    0.00000000000000             4
   -0.27906976744186    0.30232558139535    0.00000000000000             4
   -0.25581395348837    0.30232558139535    0.00000000000000             4
   -0.23255813953488    0.30232558139535    0.00000000000000             4
   -0.20930232558140    0.30232558139535    0.00000000000000             4
   -0.18604651162791    0.30232558139535    0.00000000000000             4
   -0.16279069767442    0.30232558139535    0.00000000000000             4
   -0.13953488372093    0.30232558139535    0.00000000000000             4
   -0.11627906976744    0.30232558139535    0.00000000000000             4
   -0.09302325581395    0.30232558139535    0.00000000000000             4
   -0.06976744186046    0.30232558139535    0.00000000000000             4
   -0.04651162790697    0.30232558139535    0.00000000000000             4
   -0.02325581395349    0.30232558139535    0.00000000000000             4
    0.00000000000000    0.32558139534884    0.00000000000000             2
   -0.34883720930232    0.32558139534884    0.00000000000000             2
   -0.32558139534883    0.32558139534884    0.00000000000000             4
   -0.30232558139535    0.32558139534884    0.00000000000000             4
   -0.27906976744186    0.32558139534884    0.00000000000000             4
   -0.25581395348837    0.32558139534884    0.00000000000000             4
   -0.23255813953488    0.32558139534884    0.00000000000000             4
   -0.20930232558140    0.32558139534884    0.00000000000000             4
   -0.18604651162791    0.32558139534884    0.00000000000000             4
   -0.16279069767442    0.32558139534884    0.00000000000000             4
   -0.13953488372093    0.32558139534884    0.00000000000000             4
   -0.11627906976744    0.32558139534884    0.00000000000000             4
   -0.09302325581395    0.32558139534884    0.00000000000000             4
   -0.06976744186046    0.32558139534884    0.00000000000000             4
   -0.04651162790697    0.32558139534884    0.00000000000000             4
   -0.02325581395349    0.32558139534884    0.00000000000000             4
    0.00000000000000    0.34883720930233    0.00000000000000             2
   -0.30232558139535    0.34883720930233    0.00000000000000             2
   -0.27906976744186    0.34883720930233    0.00000000000000             4
   -0.25581395348837    0.34883720930233    0.00000000000000             4
   -0.23255813953488    0.34883720930233    0.00000000000000             4
   -0.20930232558140    0.34883720930233    0.00000000000000             4
   -0.18604651162791    0.34883720930233    0.00000000000000             4
   -0.16279069767442    0.34883720930233    0.00000000000000             4
   -0.13953488372093    0.34883720930233    0.00000000000000             4
   -0.11627906976744    0.34883720930233    0.00000000000000             4
   -0.09302325581395    0.34883720930233    0.00000000000000             4
   -0.06976744186046    0.34883720930233    0.00000000000000             4
   -0.04651162790697    0.34883720930233    0.00000000000000             4
   -0.02325581395349    0.34883720930233    0.00000000000000             4
    0.00000000000000    0.37209302325582    0.00000000000000             2
   -0.25581395348837    0.37209302325582    0.00000000000000             2
   -0.23255813953488    0.37209302325582    0.00000000000000             4
   -0.20930232558140    0.37209302325582    0.00000000000000             4
   -0.18604651162791    0.37209302325582    0.00000000000000             4
   -0.16279069767442    0.37209302325582    0.00000000000000             4
   -0.13953488372093    0.37209302325582    0.00000000000000             4
   -0.11627906976744    0.37209302325582    0.00000000000000             4
   -0.09302325581395    0.37209302325582    0.00000000000000             4
   -0.06976744186046    0.37209302325582    0.00000000000000             4
   -0.04651162790697    0.37209302325582    0.00000000000000             4
   -0.02325581395349    0.37209302325582    0.00000000000000             4
    0.00000000000000    0.39534883720931    0.00000000000000             2
   -0.20930232558140    0.39534883720931    0.00000000000000             2
   -0.18604651162791    0.39534883720931    0.00000000000000             4
   -0.16279069767442    0.39534883720931    0.00000000000000             4
   -0.13953488372093    0.39534883720931    0.00000000000000             4
   -0.11627906976744    0.39534883720931    0.00000000000000             4
   -0.09302325581395    0.39534883720931    0.00000000000000             4
   -0.06976744186046    0.39534883720931    0.00000000000000             4
   -0.04651162790697    0.39534883720931    0.00000000000000             4
   -0.02325581395349    0.39534883720931    0.00000000000000             4
    0.00000000000000    0.41860465116279    0.00000000000000             2
   -0.16279069767442    0.41860465116279    0.00000000000000             2
   -0.13953488372093    0.41860465116279    0.00000000000000             4
   -0.11627906976744    0.41860465116279    0.00000000000000             4
   -0.09302325581395    0.41860465116279    0.00000000000000             4
   -0.06976744186046    0.41860465116279    0.00000000000000             4
   -0.04651162790697    0.41860465116279    0.00000000000000             4
   -0.02325581395349    0.41860465116279    0.00000000000000             4
    0.00000000000000    0.44186046511628    0.00000000000000             2
   -0.11627906976744    0.44186046511628    0.00000000000000             2
   -0.09302325581395    0.44186046511628    0.00000000000000             4
   -0.06976744186046    0.44186046511628    0.00000000000000             4
   -0.04651162790697    0.44186046511628    0.00000000000000             4
   -0.02325581395349    0.44186046511628    0.00000000000000             4
    0.00000000000000    0.46511627906977    0.00000000000000             2
   -0.06976744186046    0.46511627906977    0.00000000000000             2
   -0.04651162790697    0.46511627906977    0.00000000000000             4
   -0.02325581395349    0.46511627906977    0.00000000000000             4
    0.00000000000000    0.48837209302326    0.00000000000000             2
   -0.02325581395349    0.48837209302326    0.00000000000000             2
