Automatically generated mesh
     225
Reciprocal lattice
    0.00000000000000    0.00000000000000    0.00000000000000             1
    0.03448275862069    0.00000000000000    0.00000000000000             4
    0.06896551724138    0.00000000000000    0.00000000000000             4
    0.10344827586207    0.00000000000000    0.00000000000000             4
    0.13793103448276    0.00000000000000    0.00000000000000             4
    0.17241379310345    0.00000000000000    0.00000000000000             4
    0.20689655172414    0.00000000000000    0.00000000000000             4
    0.24137931034483    0.00000000000000    0.00000000000000             4
    0.27586206896552    0.00000000000000    0.00000000000000             4
    0.31034482758621    0.00000000000000    0.00000000000000             4
    0.34482758620690    0.00000000000000    0.00000000000000             4
    0.37931034482759    0.00000000000000    0.00000000000000             4
    0.41379310344828    0.00000000000000    0.00000000000000             4
    0.44827586206897    0.00000000000000    0.00000000000000             4
    0.48275862068966    0.00000000000000    0.00000000000000             4
    0.00000000000000    0.03448275862069    0.00000000000000             2
    0.06896551724138    0.03448275862069    0.00000000000000             2
    0.10344827586207    0.03448275862069    0.00000000000000             4
    0.13793103448276    0.03448275862069    0.00000000000000             4
    0.17241379310345    0.03448275862069    0.00000000000000             4
    0.20689655172414    0.03448275862069    0.00000000000000             4
    0.24137931034483    0.03448275862069    0.00000000000000             4
    0.27586206896552    0.03448275862069    0.00000000000000             4
    0.31034482758621    0.03448275862069    0.00000000000000             4
    0.34482758620690    0.03448275862069    0.00000000000000             4
    0.37931034482759    0.03448275862069    0.00000000000000             4
    0.41379310344828    0.03448275862069    0.00000000000000             4
    0.44827586206897    0.03448275862069    0.00000000000000             4
    0.48275862068966    0.03448275862069    0.00000000000000             4
   -0.48275862068966    0.03448275862069    0.00000000000000             4
   -0.44827586206897    0.03448275862069    0.00000000000000             4
   -0.41379310344828    0.03448275862069    0.00000000000000             4
   -0.37931034482759    0.03448275862069    0.00000000000000             4
   -0.34482758620690    0.03448275862069    0.00000000000000             4
   -0.31034482758621    0.03448275862069    0.00000000000000             4
   -0.27586206896551    0.03448275862069    0.00000000000000             4
   -0.24137931034482    0.03448275862069    0.00000000000000             4
   -0.20689655172413    0.03448275862069    0.00000000000000             4
   -0.17241379310344    0.03448275862069    0.00000000000000             4
   -0.13793103448276    0.03448275862069    0.00000000000000             4
   -0.10344827586207    0.03448275862069    0.00000000000000             4
   -0.06896551724138    0.03448275862069    0.00000000000000             4
   -0.03448275862069    0.03448275862069    0.00000000000000             4
    0.00000000000000    0.06896551724138    0.00000000000000             2
    0.13793103448276    0.06896551724138    0.00000000000000             2
    0.17241379310345    0.06896551724138    0.00000000000000             4
    0.20689655172414    0.06896551724138    0.00000000000000             4
    0.24137931034483    0.06896551724138    0.00000000000000             4
    0.27586206896552    0.06896551724138    0.00000000000000             4
    0.31034482758621    0.06896551724138    0.00000000000000             4
    0.34482758620690    0.06896551724138    0.00000000000000             4
    0.37931034482759    0.06896551724138    0.00000000000000             4
    0.41379310344828    0.06896551724138    0.00000000000000             4
    0.44827586206897    0.06896551724138    0.00000000000000             4
    0.48275862068966    0.06896551724138    0.00000000000000             4
   -0.48275862068966    0.06896551724138    0.00000000000000             4
   -0.44827586206897    0.06896551724138    0.00000000000000             4
   -0.41379310344828    0.06896551724138    0.00000000000000             4
   -0.37931034482759    0.06896551724138    0.00000000000000             4
   -0.34482758620690    0.06896551724138    0.00000000000000             4
   -0.31034482758621    0.06896551724138    0.00000000000000             4
   -0.27586206896551    0.06896551724138    0.00000000000000             4
   -0.24137931034482    0.06896551724138    0.00000000000000             4
   -0.20689655172413    0.06896551724138    0.00000000000000             4
   -0.17241379310344    0.06896551724138    0.00000000000000             4
   -0.13793103448276    0.06896551724138    0.00000000000000             4
   -0.10344827586207    0.06896551724138    0.00000000000000             4
   -0.06896551724138    0.06896551724138    0.00000000000000             4
   -0.03448275862069    0.06896551724138    0.00000000000000             4
    0.00000000000000    0.10344827586207    0.00000000000000             2
    0.20689655172414    0.10344827586207    0.00000000000000             2
    0.24137931034483    0.10344827586207    0.00000000000000             4
    0.27586206896552    0.10344827586207    0.00000000000000             4
    0.31034482758621    0.10344827586207    0.00000000000000             4
    0.34482758620690    0.10344827586207    0.00000000000000             4
    0.37931034482759    0.10344827586207    0.00000000000000             4
    0.41379310344828    0.10344827586207    0.00000000000000             4
    0.44827586206897    0.10344827586207    0.00000000000000             4
    0.48275862068966    0.10344827586207    0.00000000000000             4
   -0.48275862068966    0.10344827586207    0.00000000000000             4
   -0.44827586206897    0.10344827586207    0.00000000000000             4
   -0.41379310344828    0.10344827586207    0.00000000000000             4
   -0.37931034482759    0.10344827586207    0.00000000000000             4
   -0.34482758620690    0.10344827586207    0.00000000000000             4
   -0.31034482758621    0.10344827586207    0.00000000000000             4
   -0.27586206896551    0.10344827586207    0.00000000000000             4
   -0.24137931034482    0.10344827586207    0.00000000000000             4
   -0.20689655172413    0.10344827586207    0.00000000000000             4
   -0.17241379310344    0.10344827586207    0.00000000000000             4
   -0.13793103448276    0.10344827586207    0.00000000000000             4
   -0.10344827586207    0.10344827586207    0.00000000000000             4
   -0.06896551724138    0.10344827586207    0.00000000000000             4
   -0.03448275862069    0.10344827586207    0.00000000000000             4
    0.00000000000000    0.13793103448276    0.00000000000000             2
    0.27586206896552    0.13793103448276    0.00000000000000             2
    0.31034482758621    0.13793103448276    0.00000000000000             4
    0.34482758620690    0.13793103448276    0.00000000000000             4
    0.37931034482759    0.13793103448276    0.00000000000000             4
    0.41379310344828    0.13793103448276    0.00000000000000             4
    0.44827586206897    0.13793103448276    0.00000000000000             4
    0.48275862068966    0.13793103448276    0.00000000000000             4
   -0.48275862068966    0.13793103448276    0.00000000000000             4
   -0.44827586206897    0.13793103448276    0.00000000000000             4
   -0.41379310344828    0.13793103448276    0.00000000000000             4
   -0.37931034482759    0.13793103448276    0.00000000000000             4
   -0.34482758620690    0.13793103448276    0.00000000000000             4
   -0.31034482758621    0.13793103448276    0.00000000000000             4
   -0.27586206896551    0.13793103448276    0.00000000000000             4
   -0.24137931034482    0.13793103448276    0.00000000000000             4
   -0.20689655172413    0.13793103448276    0.00000000000000             4
   -0.17241379310344    0.13793103448276    0.00000000000000             4
   -0.13793103448276    0.13793103448276    0.00000000000000             4
   -0.10344827586207    0.13793103448276    0.00000000000000             4
   -0.06896551724138    0.13793103448276    0.00000000000000             4
   -0.03448275862069    0.13793103448276    0.00000000000000             4
    0.00000000000000    0.17241379310345    0.00000000000000             2
    0.34482758620690    0.17241379310345    0.00000000000000             2
    0.37931034482759    0.17241379310345    0.00000000000000             4
    0.41379310344828    0.17241379310345    0.00000000000000             4
    0.44827586206897    0.17241379310345    0.00000000000000             4
    0.48275862068966    0.17241379310345    0.00000000000000             4
   -0.48275862068966    0.17241379310345    0.00000000000000             4
   -0.44827586206897    0.17241379310345    0.00000000000000             4
   -0.41379310344828    0.17241379310345    0.00000000000000             4
   -0.37931034482759    0.17241379310345    0.00000000000000             4
   -0.34482758620690    0.17241379310345    0.00000000000000             4
   -0.31034482758621    0.17241379310345    0.00000000000000             4
   -0.27586206896551    0.17241379310345    0.00000000000000             4
   -0.24137931034482    0.17241379310345    0.00000000000000             4
   -0.20689655172413    0.17241379310345    0.00000000000000             4
   -0.17241379310344    0.17241379310345    0.00000000000000             4
   -0.13793103448276    0.17241379310345    0.00000000000000             4
   -0.10344827586207    0.17241379310345    0.00000000000000             4
   -0.06896551724138    0.17241379310345    0.00000000000000             4
   -0.03448275862069    0.17241379310345    0.00000000000000             4
    0.00000000000000    0.20689655172414    0.00000000000000             2
    0.41379310344828    0.20689655172414    0.00000000000000             2
    0.44827586206897    0.20689655172414    0.00000000000000             4
    0.48275862068966    0.20689655172414    0.00000000000000             4
   -0.48275862068966    0.20689655172414    0.00000000000000             4
   -0.44827586206897    0.20689655172414    0.00000000000000             4
   -0.41379310344828    0.20689655172414    0.00000000000000             4
   -0.37931034482759    0.20689655172414    0.00000000000000             4
   -0.34482758620690    0.20689655172414    0.00000000000000             4
   -0.31034482758621    0.20689655172414    0.00000000000000             4
   -0.27586206896551    0.20689655172414    0.00000000000000             4
   -0.24137931034482    0.20689655172414    0.00000000000000             4
   -0.20689655172413    0.20689655172414    0.00000000000000             4
   -0.17241379310344    0.20689655172414    0.00000000000000             4
   -0.13793103448276    0.20689655172414    0.00000000000000             4
   -0.10344827586207    0.20689655172414    0.00000000000000             4
   -0.06896551724138    0.20689655172414    0.00000000000000             4
   -0.03448275862069    0.20689655172414    0.00000000000000             4
    0.00000000000000    0.24137931034483    0.00000000000000             2
    0.48275862068966    0.24137931034483    0.00000000000000             2
   -0.48275862068966    0.24137931034483    0.00000000000000             4
   -0.44827586206897    0.24137931034483    0.00000000000000             4
   -0.41379310344828    0.24137931034483    0.00000000000000             4
   -0.37931034482759    0.24137931034483    0.00000000000000             4
   -0.34482758620690    0.24137931034483    0.00000000000000             4
   -0.31034482758621    0.24137931034483    0.00000000000000             4
   -0.27586206896551    0.24137931034483    0.00000000000000             4
   -0.24137931034482    0.24137931034483    0.00000000000000             4
   -0.20689655172413    0.24137931034483    0.00000000000000             4
   -0.17241379310344    0.24137931034483    0.00000000000000             4
   -0.13793103448276    0.24137931034483    0.00000000000000             4
   -0.10344827586207    0.24137931034483    0.00000000000000             4
   -0.06896551724138    0.24137931034483    0.00000000000000             4
   -0.03448275862069    0.24137931034483    0.00000000000000             4
    0.00000000000000    0.27586206896552    0.00000000000000             2
   -0.44827586206897    0.27586206896552    0.00000000000000             2
   -0.41379310344828    0.27586206896552    0.00000000000000             4
   -0.37931034482759    0.27586206896552    0.00000000000000             4
   -0.34482758620690    0.27586206896552    0.00000000000000             4
   -0.31034482758621    0.27586206896552    0.00000000000000             4
   -0.27586206896551    0.27586206896552    0.00000000000000             4
   -0.24137931034482    0.27586206896552    0.00000000000000             4
   -0.20689655172413    0.27586206896552    0.00000000000000             4
   -0.17241379310344    0.27586206896552    0.00000000000000             4
   -0.13793103448276    0.27586206896552    0.00000000000000             4
   -0.10344827586207    0.27586206896552    0.00000000000000             4
   -0.06896551724138    0.27586206896552    0.00000000000000             4
   -0.03448275862069    0.27586206896552    0.00000000000000             4
    0.00000000000000    0.31034482758621    0.00000000000000             2
   -0.37931034482759    0.31034482758621    0.00000000000000             2
   -0.34482758620690    0.31034482758621    0.00000000000000             4
   -0.31034482758621    0.31034482758621    0.00000000000000             4
   -0.27586206896551    0.31034482758621    0.00000000000000             4
   -0.24137931034482    0.31034482758621    0.00000000000000             4
   -0.20689655172413    0.31034482758621    0.00000000000000             4
   -0.17241379310344    0.31034482758621    0.00000000000000             4
   -0.13793103448276    0.31034482758621    0.00000000000000             4
   -0.10344827586207    0.31034482758621    0.00000000000000             4
   -0.06896551724138    0.31034482758621    0.00000000000000             4
   -0.03448275862069    0.31034482758621    0.00000000000000             4
    0.00000000000000    0.34482758620690    0.00000000000000             2
   -0.31034482758621    0.34482758620690    0.00000000000000             2
   -0.27586206896551    0.34482758620690    0.00000000000000             4
   -0.24137931034482    0.34482758620690    0.00000000000000             4
   -0.20689655172413    0.34482758620690    0.00000000000000             4
   -0.17241379310344    0.34482758620690    0.00000000000000             4
   -0.13793103448276    0.34482758620690    0.00000000000000             4
   -0.10344827586207    0.34482758620690    0.00000000000000             4
   -0.06896551724138    0.34482758620690    0.00000000000000             4
   -0.03448275862069    0.34482758620690    0.00000000000000             4
    0.00000000000000    0.37931034482759    0.00000000000000             2
   -0.24137931034482    0.37931034482759    0.00000000000000             2
   -0.20689655172413    0.37931034482759    0.00000000000000             4
   -0.17241379310344    0.37931034482759    0.00000000000000             4
   -0.13793103448276    0.37931034482759    0.00000000000000             4
   -0.10344827586207    0.37931034482759    0.00000000000000             4
   -0.06896551724138    0.37931034482759    0.00000000000000             4
   -0.03448275862069    0.37931034482759    0.00000000000000             4
    0.00000000000000    0.41379310344828    0.00000000000000             2
   -0.17241379310344    0.41379310344828    0.00000000000000             2
   -0.13793103448276    0.41379310344828    0.00000000000000             4
   -0.10344827586207    0.41379310344828    0.00000000000000             4
   -0.06896551724138    0.41379310344828    0.00000000000000             4
   -0.03448275862069    0.41379310344828    0.00000000000000             4
    0.00000000000000    0.44827586206897    0.00000000000000             2
   -0.10344827586207    0.44827586206897    0.00000000000000             2
   -0.06896551724138    0.44827586206897    0.00000000000000             4
   -0.03448275862069    0.44827586206897    0.00000000000000             4
    0.00000000000000    0.48275862068966    0.00000000000000             2
   -0.03448275862069    0.48275862068966    0.00000000000000             2
