Automatically generated mesh
     114
Reciprocal lattice
    0.00000000000000    0.00000000000000    0.00000000000000             1
    0.02941176470589    0.00000000000000    0.00000000000000             6
    0.05882352941177    0.00000000000000    0.00000000000000             6
    0.08823529411765    0.00000000000000    0.00000000000000             6
    0.11764705882353    0.00000000000000    0.00000000000000             6
    0.14705882352941    0.00000000000000    0.00000000000000             6
    0.17647058823530    0.00000000000000    0.00000000000000             6
    0.20588235294118    0.00000000000000    0.00000000000000             6
    0.23529411764706    0.00000000000000    0.00000000000000             6
    0.26470588235294    0.00000000000000    0.00000000000000             6
    0.29411764705883    0.00000000000000    0.00000000000000             6
    0.32352941176470    0.00000000000000    0.00000000000000             6
    0.35294117647059    0.00000000000000    0.00000000000000             6
    0.38235294117647    0.00000000000000    0.00000000000000             6
    0.41176470588236    0.00000000000000    0.00000000000000             6
    0.44117647058823    0.00000000000000    0.00000000000000             6
    0.47058823529412    0.00000000000000    0.00000000000000             6
    0.50000000000000    0.00000000000000    0.00000000000000             3
    0.02941176470589    0.02941176470589    0.00000000000000             6
    0.05882352941177    0.02941176470589    0.00000000000000            12
    0.08823529411765    0.02941176470589    0.00000000000000            12
    0.11764705882353    0.02941176470589    0.00000000000000            12
    0.14705882352941    0.02941176470589    0.00000000000000            12
    0.17647058823530    0.02941176470589    0.00000000000000            12
    0.20588235294118    0.02941176470589    0.00000000000000            12
    0.23529411764706    0.02941176470589    0.00000000000000            12
    0.26470588235294    0.02941176470589    0.00000000000000            12
    0.29411764705883    0.02941176470589    0.00000000000000            12
    0.32352941176470    0.02941176470589    0.00000000000000            12
    0.35294117647059    0.02941176470589    0.00000000000000            12
    0.38235294117647    0.02941176470589    0.00000000000000            12
    0.41176470588236    0.02941176470589    0.00000000000000            12
    0.44117647058823    0.02941176470589    0.00000000000000            12
    0.47058823529412    0.02941176470589    0.00000000000000            12
    0.05882352941177    0.05882352941177    0.00000000000000             6
    0.08823529411765    0.05882352941177    0.00000000000000            12
    0.11764705882353    0.05882352941177    0.00000000000000            12
    0.14705882352941    0.05882352941177    0.00000000000000            12
    0.17647058823530    0.05882352941177    0.00000000000000            12
    0.20588235294118    0.05882352941177    0.00000000000000            12
    0.23529411764706    0.05882352941177    0.00000000000000            12
    0.26470588235294    0.05882352941177    0.00000000000000            12
    0.29411764705883    0.05882352941177    0.00000000000000            12
    0.32352941176470    0.05882352941177    0.00000000000000            12
    0.35294117647059    0.05882352941177    0.00000000000000            12
    0.38235294117647    0.05882352941177    0.00000000000000            12
    0.41176470588236    0.05882352941177    0.00000000000000            12
    0.44117647058823    0.05882352941177    0.00000000000000            12
    0.47058823529412    0.05882352941177    0.00000000000000             6
    0.08823529411765    0.08823529411765    0.00000000000000             6
    0.11764705882353    0.08823529411765    0.00000000000000            12
    0.14705882352941    0.08823529411765    0.00000000000000            12
    0.17647058823530    0.08823529411765    0.00000000000000            12
    0.20588235294118    0.08823529411765    0.00000000000000            12
    0.23529411764706    0.08823529411765    0.00000000000000            12
    0.26470588235294    0.08823529411765    0.00000000000000            12
    0.29411764705883    0.08823529411765    0.00000000000000            12
    0.32352941176470    0.08823529411765    0.00000000000000            12
    0.35294117647059    0.08823529411765    0.00000000000000            12
    0.38235294117647    0.08823529411765    0.00000000000000            12
    0.41176470588236    0.08823529411765    0.00000000000000            12
    0.44117647058823    0.08823529411765    0.00000000000000            12
    0.11764705882353    0.11764705882353    0.00000000000000             6
    0.14705882352941    0.11764705882353    0.00000000000000            12
    0.17647058823530    0.11764705882353    0.00000000000000            12
    0.20588235294118    0.11764705882353    0.00000000000000            12
    0.23529411764706    0.11764705882353    0.00000000000000            12
    0.26470588235294    0.11764705882353    0.00000000000000            12
    0.29411764705883    0.11764705882353    0.00000000000000            12
    0.32352941176470    0.11764705882353    0.00000000000000            12
    0.35294117647059    0.11764705882353    0.00000000000000            12
    0.38235294117647    0.11764705882353    0.00000000000000            12
    0.41176470588236    0.11764705882353    0.00000000000000            12
    0.44117647058823    0.11764705882353    0.00000000000000             6
    0.14705882352941    0.14705882352941    0.00000000000000             6
    0.17647058823530    0.14705882352941    0.00000000000000            12
    0.20588235294118    0.14705882352941    0.00000000000000            12
    0.23529411764706    0.14705882352941    0.00000000000000            12
    0.26470588235294    0.14705882352941    0.00000000000000            12
    0.29411764705883    0.14705882352941    0.00000000000000            12
    0.32352941176470    0.14705882352941    0.00000000000000            12
    0.35294117647059    0.14705882352941    0.00000000000000            12
    0.38235294117647    0.14705882352941    0.00000000000000            12
    0.41176470588236    0.14705882352941    0.00000000000000            12
    0.17647058823530    0.17647058823530    0.00000000000000             6
    0.20588235294118    0.17647058823530    0.00000000000000            12
    0.23529411764706    0.17647058823530    0.00000000000000            12
    0.26470588235294    0.17647058823530    0.00000000000000            12
    0.29411764705883    0.17647058823530    0.00000000000000            12
    0.32352941176470    0.17647058823530    0.00000000000000            12
    0.35294117647059    0.17647058823530    0.00000000000000            12
    0.38235294117647    0.17647058823530    0.00000000000000            12
    0.41176470588236    0.17647058823530    0.00000000000000             6
    0.20588235294118    0.20588235294118    0.00000000000000             6
    0.23529411764706    0.20588235294118    0.00000000000000            12
    0.26470588235294    0.20588235294118    0.00000000000000            12
    0.29411764705883    0.20588235294118    0.00000000000000            12
    0.32352941176470    0.20588235294118    0.00000000000000            12
    0.35294117647059    0.20588235294118    0.00000000000000            12
    0.38235294117647    0.20588235294118    0.00000000000000            12
    0.23529411764706    0.23529411764706    0.00000000000000             6
    0.26470588235294    0.23529411764706    0.00000000000000            12
    0.29411764705883    0.23529411764706    0.00000000000000            12
    0.32352941176470    0.23529411764706    0.00000000000000            12
    0.35294117647059    0.23529411764706    0.00000000000000            12
    0.38235294117647    0.23529411764706    0.00000000000000             6
    0.26470588235294    0.26470588235294    0.00000000000000             6
    0.29411764705883    0.26470588235294    0.00000000000000            12
    0.32352941176470    0.26470588235294    0.00000000000000            12
    0.35294117647059    0.26470588235294    0.00000000000000            12
    0.29411764705883    0.29411764705883    0.00000000000000             6
    0.32352941176470    0.29411764705883    0.00000000000000            12
    0.35294117647059    0.29411764705883    0.00000000000000             6
    0.32352941176470    0.32352941176470    0.00000000000000             6
