    1   48    4
  9.013
    1    1  0.0150  0.0000  0.0000
 -0.127482040437   0.000000000000  -0.000026519612
 -0.005853937384   0.000000627749  -0.000023402746
 -0.001695311144   0.000000000000  -0.000022895132
 -0.005853937384  -0.000000627749  -0.000023402746
  0.042267074261   0.000000000000  -0.006353887118
 -0.001207660737  -0.003104741937   0.002288825387
 -0.000486122692   0.000000000000   0.000313843814
 -0.001207660737   0.003104741937   0.002288825387
 -0.001471052103   0.000000000000  -0.000021272041
 -0.000336288421   0.000000033250  -0.000021971257
 -0.000042347784   0.000000000000  -0.000022495886
 -0.000336288421  -0.000000033250  -0.000021971257
  0.042258798883   0.000000000000   0.006301869050
 -0.001205621658   0.003102061390  -0.002336998985
 -0.000484339041   0.000000000000  -0.000358903797
 -0.001205621658  -0.003102061390  -0.002336998985
  0.012596229797   0.006108938074  -0.014146006447
  0.000540425184   0.000510875029  -0.000495749002
  0.000540425184  -0.000510875029  -0.000495749002
  0.012596229797  -0.006108938074  -0.014146006447
  0.002128494076   0.000358480932  -0.000467268566
 -0.000435195690   0.000331190323  -0.000783258293
 -0.000435195690  -0.000331190323  -0.000783258293
  0.002128494076  -0.000358480932  -0.000467268566
  0.002129754432  -0.000359979002   0.000564007168
 -0.000435201772  -0.000334451020   0.000873112750
 -0.000435201772   0.000334451020   0.000873112750
  0.002129754432   0.000359979002   0.000564007168
  0.012593847693  -0.006108285772   0.014239394250
  0.000541864187  -0.000511658936   0.000584234279
  0.000541864187   0.000511658936   0.000584234279
  0.012593847693   0.006108285772   0.014239394250
 -0.005718139987   0.000000000000  -0.000018241321
 -0.001358714860   0.000000911308  -0.000022486280
  0.000558808134   0.000000000000  -0.000023611289
 -0.001358714860  -0.000000911308  -0.000022486280
  0.003994748541   0.000000000000  -0.002628270805
  0.000386223664  -0.001278104609   0.001402494638
  0.000702327870   0.000000000000   0.000922470604
  0.000386223664   0.001278104609   0.001402494638
  0.000599580864   0.000000000000  -0.000020473713
  0.000111843755   0.000000001828  -0.000022496676
  0.001136409708   0.000000000000  -0.000024224038
  0.000111843755  -0.000000001828  -0.000022496676
  0.003994524865   0.000000000000   0.002586495295
  0.000385790507   0.001280229359  -0.001448768188
  0.000703374517   0.000000000000  -0.000971208073
  0.000385790507  -0.001280229359  -0.001448768188
    1    2  0.0000  0.0000  0.0150
 -0.000000000000  -0.000000000000  -0.084232698341
  0.000000000000   0.006269348204   0.002901811275
  0.000000000000  -0.000000000000  -0.001112395182
 -0.000000000000  -0.006269348204   0.002901811275
  0.006269348204  -0.000000000000   0.002901811275
 -0.002307049435  -0.002307049435   0.000936398690
 -0.000342565640  -0.000000000000  -0.000437512930
 -0.002307049435   0.002307049435   0.000936398690
  0.000000000000  -0.000000000000  -0.001112395182
  0.000000000000  -0.000342565640  -0.000437512930
  0.000000000000  -0.000000000000  -0.002896439863
  0.000000000000   0.000342565640  -0.000437512930
 -0.006269348204  -0.000000000000   0.002901811275
  0.002307049435  -0.002307049435   0.000936398690
  0.000342565640  -0.000000000000  -0.000437512930
  0.002307049435   0.002307049435   0.000936398690
 -0.014722426315  -0.014722426315   0.012615016880
  0.000033342430  -0.002231243386   0.001244303108
  0.000033342430   0.002231243386   0.001244303108
 -0.014722426315   0.014722426315   0.012615016880
 -0.002231243386   0.000033342430   0.001244303108
  0.000556247446   0.000556247446   0.000383984011
  0.000556247446  -0.000556247446   0.000383984011
 -0.002231243386  -0.000033342430   0.001244303108
  0.002231243386   0.000033342430   0.001244303108
 -0.000556247446   0.000556247446   0.000383984011
 -0.000556247446  -0.000556247446   0.000383984011
  0.002231243386  -0.000033342430   0.001244303108
  0.014722426315  -0.014722426315   0.012615016880
 -0.000033342430  -0.002231243386   0.001244303108
 -0.000033342430   0.002231243386   0.001244303108
  0.014722426315   0.014722426315   0.012615016880
  0.000000000000  -0.000000000000  -0.000670493652
  0.000000000000  -0.002600133606   0.002088904992
  0.000000000000  -0.000000000000   0.001465320767
  0.000000000000   0.002600133606   0.002088904992
 -0.002600133606  -0.000000000000   0.002088904992
  0.001446092579   0.001446092579  -0.000057432746
  0.000916656524  -0.000000000000   0.000783092165
  0.001446092579  -0.001446092579  -0.000057432746
  0.000000000000  -0.000000000000   0.001465320767
  0.000000000000   0.000916656524   0.000783092165
  0.000000000000  -0.000000000000   0.000282306469
  0.000000000000  -0.000916656524   0.000783092165
  0.002600133606  -0.000000000000   0.002088904992
 -0.001446092579   0.001446092579  -0.000057432746
 -0.000916656524  -0.000000000000   0.000783092165
 -0.001446092579  -0.001446092579  -0.000057432746
   17    1  0.0150  0.0000  0.0000
  0.012605304275   0.006018733609  -0.014691611905
  0.012605304275  -0.006018733609  -0.014691611905
  0.000543140669  -0.000371850935   0.000027927561
  0.000543140669   0.000371850935   0.000027927561
  0.012612630069  -0.006033016970   0.014710868250
  0.012612630069   0.006033016970   0.014710868250
  0.000546410561   0.000370228466  -0.000023161405
  0.000546410561  -0.000370228466  -0.000023161405
  0.002117124898  -0.000519312798   0.002287441954
  0.002117124898   0.000519312798   0.002287441954
 -0.000436304596   0.000344268770  -0.000572022351
 -0.000436304596  -0.000344268770  -0.000572022351
  0.002118687715   0.000515651357  -0.002281208239
  0.002118687715  -0.000515651357  -0.002281208239
 -0.000438262809  -0.000342546358   0.000566507960
 -0.000438262809   0.000342546358   0.000566507960
 -0.171970631205  -0.000000000000   0.000000000000
 -0.003574294626   0.000006207115   0.000000000000
  0.001180164983  -0.000000000000   0.000000000000
 -0.003574294626  -0.000006207115   0.000000000000
  0.026690522445  -0.000000000000   0.000000000000
  0.001158320951   0.001973956919   0.000000000000
 -0.000531342036  -0.000000000000   0.000000000000
  0.001158320951  -0.001973956919   0.000000000000
 -0.002554480558  -0.000000000000   0.000000000000
  0.002245651745   0.000003738209   0.000000000000
  0.000407327702  -0.000000000000   0.000000000000
  0.002245651745  -0.000003738209   0.000000000000
  0.026671292723  -0.000000000000   0.000000000000
  0.001155032946  -0.001967231206   0.000000000000
 -0.000537199213  -0.000000000000   0.000000000000
  0.001155032946   0.001967231206   0.000000000000
  0.012605304275   0.006018733609   0.014691611905
  0.012605304275  -0.006018733609   0.014691611905
  0.000543140669  -0.000371850935  -0.000027927561
  0.000543140669   0.000371850935  -0.000027927561
  0.012612630069  -0.006033016970  -0.014710868250
  0.012612630069   0.006033016970  -0.014710868250
  0.000546410561   0.000370228466   0.000023161405
  0.000546410561  -0.000370228466   0.000023161405
  0.002117124898  -0.000519312798  -0.002287441954
  0.002117124898   0.000519312798  -0.002287441954
 -0.000436304596   0.000344268770   0.000572022351
 -0.000436304596  -0.000344268770   0.000572022351
  0.002118687715   0.000515651357   0.002281208239
  0.002118687715  -0.000515651357   0.002281208239
 -0.000438262809  -0.000342546358  -0.000566507960
 -0.000438262809   0.000342546358  -0.000566507960
   17    2  0.0000  0.0000  0.0150
 -0.014118300537  -0.014118300537   0.012545208532
 -0.014118300537   0.014118300537   0.012545208532
 -0.000533032491   0.000570963157   0.001215369377
 -0.000533032491  -0.000570963157   0.001215369377
  0.014118300537  -0.014118300537   0.012545208532
  0.014118300537   0.014118300537   0.012545208532
  0.000533032491   0.000570963157   0.001215369377
  0.000533032491  -0.000570963157   0.001215369377
  0.000570963157  -0.000533032491   0.001215369377
  0.000570963157   0.000533032491   0.001215369377
  0.000834251926   0.000834251926   0.000334064725
  0.000834251926  -0.000834251926   0.000334064725
 -0.000570963157  -0.000533032491   0.001215369377
 -0.000570963157   0.000533032491   0.001215369377
 -0.000834251926   0.000834251926   0.000334064725
 -0.000834251926  -0.000834251926   0.000334064725
 -0.000000000000   0.000000000000  -0.159452291907
 -0.000000000000   0.000000671652   0.009067410571
 -0.000000000000   0.000000000000   0.002519331956
 -0.000000000000  -0.000000671652   0.009067410571
  0.000000671652   0.000000000000   0.009067410571
 -0.000000668847  -0.000000668847  -0.000796887343
  0.000001363889   0.000000000000   0.000174845491
 -0.000000668847   0.000000668847  -0.000796887343
 -0.000000000000   0.000000000000   0.002519331956
 -0.000000000000   0.000001363889   0.000174845491
 -0.000000000000   0.000000000000  -0.001837119978
 -0.000000000000  -0.000001363889   0.000174845491
 -0.000000671652   0.000000000000   0.009067410571
  0.000000668847  -0.000000668847  -0.000796887343
 -0.000001363889   0.000000000000   0.000174845491
  0.000000668847   0.000000668847  -0.000796887343
  0.014117948464   0.014117948464   0.012543309598
  0.014117948464  -0.014117948464   0.012543309598
  0.000532488215  -0.000572298701   0.001215075640
  0.000532488215   0.000572298701   0.001215075640
 -0.014117948464   0.014117948464   0.012543309598
 -0.014117948464  -0.014117948464   0.012543309598
 -0.000532488215  -0.000572298701   0.001215075640
 -0.000532488215   0.000572298701   0.001215075640
 -0.000572298701   0.000532488215   0.001215075640
 -0.000572298701  -0.000532488215   0.001215075640
 -0.000834209215  -0.000834209215   0.000333845385
 -0.000834209215   0.000834209215   0.000333845385
  0.000572298701   0.000532488215   0.001215075640
  0.000572298701  -0.000532488215   0.001215075640
  0.000834209215  -0.000834209215   0.000333845385
  0.000834209215   0.000834209215   0.000333845385
